begin {Parameters}
Number of BasicAreas
705
Basic Area Type
Point
Metric
geodecimal
end {Parameters}

#Parameter ExtId	XPos	YPos	Activity
begin {BasicAreas}
0	8.3796	50.4232	92.67
1	8.2891	50.4368	48.36
2	7.0107	50.461	42.38
3	6.9431	50.3712	52.34
4	6.8933	50.3988	67.8
5	6.8178	50.4039	14.98
6	6.8604	50.3519	15.31
7	6.9119	50.3019	29.99
8	6.4532	50.4176	87.26
9	6.6955	50.4044	86.13
10	6.5101	50.3898	41.83
11	6.6415	49.7473	165.54
12	6.687	49.7743	160.19
13	6.671	49.8021	152.4
14	6.6079	49.7368	207.86
15	6.648	49.7454	149.62
16	6.6793	49.7314	160.88
17	6.564	49.8579	77.18
18	6.6308	49.8356	22.91
19	6.5245	49.7366	16.36
20	6.6051	49.8051	26.69
21	6.5115	49.8035	23.02
22	6.5762	49.7642	34.64
23	6.6805	49.8834	29.46
24	6.6949	49.592	39.25
25	6.7308	49.6725	40.4
26	6.784	49.7136	102
27	6.7273	49.767	16.96
28	6.7546	49.7449	20.65
29	6.5973	49.6773	173.81
30	6.5048	49.6946	18.03
31	6.537	49.696	20.91
32	6.7458	49.8391	62.95
33	6.8158	49.8309	80.49
34	6.7994	49.7697	24.33
35	6.7685	49.8618	25.32
36	6.728	49.8001	24.88
37	6.8288	49.7909	22.14
38	6.9116	49.8483	23.74
39	6.9161	49.8217	11.14
40	6.9504	49.6563	63.75
41	6.9414	49.6796	48.14
42	6.8845	49.6765	25.14
43	7.0395	49.6636	17.36
44	7.016	49.7552	22.27
45	6.9439	49.7737	47.73
46	6.8233	49.6277	18.88
47	6.7796	49.6147	34.47
48	6.4914	49.5844	83.11
49	6.4812	49.554	83.14
50	6.5484	49.5428	15.45
51	6.6274	49.5862	15.2
52	6.472	49.6383	18.52
53	6.6038	49.5665	14.27
54	6.5063	49.6592	24.29
55	6.4362	49.6078	13.78
56	6.6139	49.6434	13.91
57	7.0481	49.926	87.79
58	7.113	49.8729	57.42
59	7.1803	49.89	7.41
60	6.9819	49.9321	14.99
61	7.0288	49.8993	9.28
62	6.9722	49.8612	9.99
63	7.0443	49.973	36.09
64	7.0857	49.8057	112.46
65	6.9277	49.8619	20.25
66	6.9059	49.9918	178.04
67	6.8317	49.949	146.07
68	6.7931	49.879	21.69
69	6.8825	49.9053	12.64
70	6.7512	49.9968	21.86
71	6.8393	49.9284	23.07
72	6.6964	49.9838	8.65
73	6.8002	50.0942	26.67
74	6.725	50.0466	47.52
75	6.7992	50.0304	14.27
76	7.0929	49.9902	23.8
77	7.017	50.0285	50.22
78	7.0059	49.9773	9.98
79	6.8088	50.2044	87.5
80	6.8779	50.1861	98.38
81	6.922	50.1134	24.67
82	6.6498	50.2082	74.79
83	6.7491	50.1793	91.07
84	6.6206	50.1748	14.81
85	6.6674	50.2842	33.3
86	6.7073	50.3146	39.12
87	6.7575	50.3236	14.46
88	6.6224	50.3468	30.04
89	6.6027	50.365	5.53
90	6.567	50.3318	3.56
91	6.624	50.318	15.71
92	6.515	50.3342	17.31
93	6.4211	50.2152	78.46
94	6.4471	50.2108	109.25
95	6.5669	50.208	6.39
96	6.4262	50.3592	7.25
97	6.4768	50.1071	9.51
98	6.4533	50.1504	22.1
99	6.5328	49.9628	134.59
100	6.4127	49.9778	132.81
101	6.3928	49.9443	15.91
102	6.6414	49.9751	17.81
103	6.3629	50.0829	25.58
104	6.5995	50.0651	36.81
105	6.625	50.0067	22.75
106	6.6611	49.9392	44.71
107	6.6175	49.8966	10.82
108	6.4557	49.8424	13.67
109	6.4391	49.864	40.14
110	8.2742	50.0009	182.1
111	8.2585	50.0104	270.59
112	8.2282	50.0228	133.02
113	8.2384	50.0045	178.36
114	8.2052	50.0025	131.78
115	8.1742	49.9854	127.93
116	8.2109	49.9651	132.21
117	8.2316	49.9809	158.73
118	8.2621	49.9376	168.95
119	8.3125	49.9639	179.78
120	8.2727	49.9887	196.25
121	8.0612	49.9686	244.94
122	8.106	49.7654	183.94
123	7.9967	49.7429	177.96
124	8.0499	49.7895	36.64
125	8.1958	49.777	33.72
126	8.3086	50.0132	151.63
127	8.2845	50.0229	83.92
128	8.1756	50.0199	85.12
129	8.1216	50.0031	65.66
130	8.1277	49.9719	21.55
131	8.2054	49.9009	73.86
132	8.1503	49.9174	201.79
133	8.1454	49.9185	43.1
134	8.3508	49.8377	80.52
135	8.2889	49.8409	160.55
136	8.32	49.8751	71.91
137	8.1097	49.8388	81.46
138	8.1667	49.8412	86.01
139	8.1408	49.874	66.96
140	8.3132	49.9288	65.28
141	8.2854	49.9042	59.2
142	8.3313	49.9115	50
143	7.9379	49.9453	248.21
144	7.7953	49.9974	66.72
145	7.7259	50.051	24.24
146	7.8769	49.9431	28.53
147	7.8111	49.9592	32.83
148	7.6992	50.0848	44.94
149	7.6544	50.1065	13.85
150	8.0172	49.9476	62.84
151	8.0112	49.9193	50.96
152	7.7509	49.9642	43.61
153	7.7558	49.9461	48.61
154	7.8801	49.904	35.47
155	7.8122	49.9091	76.52
156	7.9512	49.8963	38.44
157	7.9946	49.9034	17.73
158	7.5564	50.0059	121.54
159	7.4697	50.0044	44.65
160	7.3964	49.9562	66.69
161	7.2531	49.8871	40.21
162	7.3297	49.915	50.1
163	7.4673	49.8813	29.58
164	7.2705	49.9137	23.81
165	7.6571	50.0099	60.19
166	7.6136	49.9547	15.83
167	7.6546	49.9765	10.34
168	7.5774	49.939	7.33
169	7.8767	49.8271	277.2
170	7.8516	49.8525	158.71
171	7.9158	49.8178	80.73
172	7.8927	49.8777	24.21
173	7.6165	49.7804	84.93
174	7.6645	49.7622	25.14
175	7.602	49.8119	24.93
176	7.7164	49.7589	18.01
177	7.9843	49.859	55.16
178	8.0531	49.8497	43.72
179	7.8247	49.8043	36.6
180	7.8412	49.7803	45.54
181	7.6725	49.7096	30.55
182	7.6162	49.7132	23.67
183	7.8049	49.8452	23.11
184	7.7197	49.8593	193.11
185	7.7022	49.8125	30.37
186	7.9721	49.821	46.31
187	7.9713	49.7979	53.34
188	7.5058	49.7843	149.47
189	7.4031	49.7815	19.83
190	7.5301	49.8205	20.29
191	7.4404	49.8297	13.04
192	7.5627	49.7194	4.23
193	7.3259	49.8618	31.28
194	7.3851	49.8447	10.38
195	7.5497	49.7899	23.1
196	7.5308	49.8573	11.87
197	7.3316	49.7235	370.21
198	7.3466	49.7838	9.51
199	7.3006	49.7701	160.5
200	7.1756	49.6476	86.02
201	7.1616	49.6619	90.95
202	7.198	49.6108	25.59
203	7.3857	49.6411	43.27
204	7.2814	49.6213	33.67
205	7.3041	49.5764	14.41
206	7.2411	49.6026	14.57
207	7.5953	50.3523	160.34
208	7.5708	50.3865	196.57
209	7.5294	50.3519	186.67
210	7.5566	50.3383	137.41
211	7.5598	50.3181	140.57
212	7.6327	50.3407	123.93
213	7.6491	50.3618	144.1
214	7.6706	50.2993	187.73
215	7.7222	50.338	104.2
216	7.7598	50.3362	41.86
217	7.69	50.338	13.1
218	7.563	50.2095	163.72
219	7.5981	50.4352	167.9
220	7.6266	50.4066	105.75
221	7.6375	50.3802	26.97
222	7.6204	50.4197	21.84
223	7.6824	50.4392	100.75
224	7.7048	50.4143	26.27
225	7.5025	50.3902	102.84
226	7.4452	50.372	138.14
227	7.7283	50.4606	76
228	7.3065	50.1625	23.9
229	7.3597	50.1985	14.61
230	7.5849	50.1551	64.24
231	7.5022	50.1739	55.05
232	7.4605	50.0727	100.21
233	7.4078	50.1287	69.72
234	7.5817	50.0922	52.22
235	7.3551	50.2432	42.53
236	7.3815	50.3062	21.79
237	7.3829	50.3493	52.18
238	7.59	50.2736	33.58
239	7.6397	50.2578	21
240	7.5397	50.2749	30.16
241	7.6832	50.1464	31.97
242	7.4485	50.3125	30.84
243	7.4389	50.2606	111.74
244	7.5123	50.3222	25.67
245	7.7055	50.3865	20.87
246	7.7152	50.3784	73.81
247	7.6793	50.2646	34.47
248	7.7157	50.2554	23.77
249	7.6334	50.2241	24.13
250	7.6944	50.1687	20.87
251	7.7461	50.1627	48.87
252	7.7796	50.0952	11.05
253	7.8121	50.2116	60.41
254	7.8262	50.1971	142.7
255	7.9537	50.2732	41.28
256	7.938	50.3076	57.36
257	7.815	50.3103	59.82
258	7.8496	50.3186	82.29
259	7.8051	50.4228	125.55
260	7.9149	50.4446	183.04
261	7.9256	50.4803	126.4
262	7.7765	50.4492	28.03
263	7.4665	50.4344	239.9
264	7.5259	50.4501	166.6
265	7.4605	50.4742	268.47
266	7.4545	50.417	74.39
267	7.37	50.4317	296.13
268	7.3625	50.3983	7.39
269	7.3803	50.3912	53.63
270	7.3191	50.3816	39.98
271	7.3183	50.4144	36.02
272	7.418	50.377	21.63
273	7.1827	50.4517	56.46
274	7.2343	50.4227	29.52
275	7.2699	50.4558	33.26
276	7.197	50.3202	208.35
277	7.1094	50.3276	123.74
278	7.2532	50.3467	28.75
279	7.265	50.3687	98.22
280	7.1722	50.3954	52.83
281	7.1042	50.4247	28.75
282	7.3076	50.2898	69.9
283	7.3123	50.2867	38.67
284	7.2643	50.2211	24.03
285	7.0803	50.2387	48.34
286	7.1627	50.2445	61.24
287	7.0007	50.2063	38.78
288	6.9916	50.2495	24.59
289	7.0043	50.2831	9.37
290	7.1767	50.1457	63.31
291	7.1309	50.0966	74.07
292	7.1826	50.1725	15.54
293	7.2091	50.0836	13.92
294	7.2352	50.1152	8.89
295	7.0857	50.181	11.62
296	7.0771	50.1289	24.25
297	7.0044	50.1232	18.17
298	7.0447	50.1808	8.34
299	7.2544	50.18	9.62
300	7.1139	49.9429	59.77
301	7.2033	49.9272	19.62
302	7.1676	49.9661	21.22
303	7.1991	50.0273	43.99
304	7.277	50.0694	54.9
305	7.1203	50.0582	25.13
306	7.0978	50.0201	12.14
307	7.1277	50.0324	9.74
308	7.0479	50.0842	10.85
309	7.2796	50.0411	29.53
310	7.1901	49.9973	9.87
311	7.3478	50.0531	12.13
312	8.3924	50.3301	63.69
313	8.4023	50.2164	53.63
314	8.4622	49.8341	200.5
315	8.2373	50.0851	123.55
316	8.2395	50.0762	112.57
317	8.2355	50.0633	220
318	8.2595	50.0735	138.78
319	8.2781	50.0947	180.43
320	8.2385	50.1127	168.68
321	8.2006	50.1069	210.57
322	8.2011	50.0822	291.21
323	8.1673	50.0918	204.96
324	8.1625	50.0603	151.58
325	8.2483	50.0378	220.75
326	8.3189	50.0527	204.05
327	8.3093	50.1095	209.21
328	8.1718	50.1578	281.92
329	8.3716	50.0286	162.89
330	8.0338	50.1356	109.11
331	7.9676	50.1716	79.91
332	8.09	50.2439	69.36
333	8.0955	50.1919	62.63
334	8.0933	50.0552	77.63
335	8.1243	50.0593	12.29
336	8.1072	50.0703	20.03
337	8.0535	50.0426	37.97
338	8.0421	50.0401	20.42
339	7.938	50.038	117.4
340	7.986	50.0475	118.85
341	7.8963	50.029	101.49
342	8.0501	50.0985	61.9
343	7.8499	50.0677	46.06
344	8.1514	50.0491	58.16
345	8.077	50.057	37.46
346	8.4535	49.9826	598.53
347	8.4194	50.027	183.62
348	8.3348	49.9669	158.58
349	8.3948	49.9103	123.93
350	8.3746	49.9856	123.97
351	8.2693	50.2331	319.62
352	8.2904	50.3008	138.87
353	8.2968	50.1732	147.85
354	8.3511	50.2577	57.45
355	8.0653	50.3864	172.34
356	8.0941	50.3662	20.62
357	8.1279	50.3784	34.19
358	8.101	50.3919	28.72
359	8.0848	50.4022	17.58
360	8.0803	50.4324	11.8
361	8.0661	50.4148	21.5
362	8.0341	50.3942	27.48
363	7.9871	50.3378	102.49
364	8.0116	50.3767	115.7
365	8.0718	50.4586	121.4
366	8.1601	50.4252	97.8
367	8.1478	50.3181	102.44
368	8.009	50.4248	78.19
369	8.2306	50.3999	72.49
370	8.1891	50.3647	66.03
371	8.1576	50.464	55.94
372	8.2788	50.3531	80.56
373	8.0605	50.2961	39.71
374	7.9651	50.3723	22.75
375	7.9994	50.353	15.45
376	8.0434	50.3371	14.09
377	8.4087	50.0928	369.33
378	8.4295	50.1441	263.45
379	8.3713	50.1651	135.33
380	7	49.2365	89.43
381	6.9769	49.2559	252.78
382	6.9686	49.2774	180.56
383	6.9673	49.2218	133.74
384	7.004	49.2117	156.25
385	7.0435	49.232	185.48
386	7.027	49.2481	118.91
387	7.0303	49.2773	248.72
388	6.9214	49.2647	66.44
389	6.8729	49.2307	58.36
390	6.914	49.2296	74.05
391	7.0443	49.1838	32.68
392	7.0679	49.1979	126.22
393	7.1133	49.225	37.64
394	7.0795	49.2274	44.88
395	7.0678	49.2472	42.37
396	6.9462	49.3472	199.63
397	7.0808	49.1473	131.25
398	7.0806	49.296	192.05
399	7.0318	49.3181	150.9
400	6.9469	49.3058	152.83
401	7.0891	49.33	118.95
402	6.8137	49.2195	434.8
403	6.8963	49.2932	208.22
404	6.8223	49.1838	96.64
405	6.8217	49.2779	76.29
406	7.1304	49.2736	402.95
407	7.155	49.1851	117.87
408	7.3426	49.3166	456.25
409	7.2775	49.2136	232.06
410	7.2664	49.3653	193.81
411	7.2392	49.1542	71.96
412	7.2542	49.2999	101.15
413	7.3714	49.2536	366.79
414	7.4217	49.1929	49.65
415	7.4433	49.2389	50.81
416	7.3686	49.182	20.62
417	7.4392	49.3027	8.18
418	7.489	49.2393	14.61
419	7.5116	49.1891	0.26
420	7.5268	49.2696	10.54
421	7.5016	49.282	8.17
422	7.5145	49.2503	22.62
423	7.1861	49.3398	236.38
424	7.224	49.3247	132.13
425	7.1876	49.3622	146.35
426	7.0634	49.383	190.97
427	7.1966	49.4115	155.47
428	6.9928	49.396	185.68
429	7.1194	49.3654	177.5
430	7.1518	49.311	149.25
431	7.0671	49.3543	112.95
432	7.1911	49.4629	273.24
433	6.969	49.571	92.5
434	7.107	49.5796	109.62
435	7.2439	49.5419	88.38
436	6.9911	49.4793	133.74
437	7.1691	49.5135	76.46
438	7.0602	49.457	119.14
439	7.1006	49.5228	66.11
440	6.6217	49.4502	310.45
441	6.7299	49.5048	167.41
442	6.8867	49.54	172.07
443	6.5572	49.4938	121.2
444	6.738	49.4175	162.6
445	6.4329	49.4992	62.59
446	6.8103	49.5462	64.35
447	6.752	49.3087	382.07
448	6.7388	49.3661	214.99
449	6.8387	49.3067	189.95
450	6.6254	49.3723	157.5
451	6.7837	49.2453	188.68
452	6.8481	49.3495	141.24
453	6.6714	49.314	99.88
454	6.7164	49.2588	121.08
455	6.7903	49.2991	66.97
456	6.8055	49.3889	96.8
457	6.9237	49.426	216.79
458	6.8656	49.446	173.63
459	7.567	49.4022	94.6
460	7.6426	49.3599	101.16
461	7.6344	49.4146	25.21
462	7.3916	49.5339	72.58
463	7.3514	49.539	75.09
464	7.569	49.443	85.85
465	7.5314	49.4861	77.13
466	7.4712	49.4217	40.48
467	7.4646	49.552	38.56
468	7.5029	49.5614	94.91
469	7.4444	49.3916	80.65
470	7.4733	49.3513	72.14
471	7.3678	49.4004	55.6
472	7.3281	49.44	48.07
473	7.3781	49.4342	29
474	7.4369	49.4739	16
475	7.3931	49.4688	81.26
476	7.3501	49.3829	55.5
477	7.2883	49.4264	31.55
478	7.51	49.3271	18.96
479	7.6034	49.3251	69.46
480	7.6354	49.2119	161.51
481	7.5608	49.1987	128.15
482	7.6212	49.1714	175.24
483	7.5586	49.1344	82.85
484	7.6562	49.1531	43.01
485	7.64	49.2372	77.84
486	7.7292	49.2726	50.81
487	7.7112	49.2201	31.49
488	7.5808	49.2635	36.66
489	7.5648	49.2527	51.06
490	7.761	49.1465	51.71
491	7.7411	49.1106	50.82
492	7.7695	49.1858	18.05
493	8.4226	49.4489	280.75
494	8.3972	49.5231	269.38
495	8.3603	49.4872	253.87
496	8.107	49.4499	184.92
497	8.3784	49.3821	188.55
498	8.3508	49.4403	125.16
499	8.3951	49.4141	105.11
500	8.323	49.4227	73.15
501	8.2851	49.4154	28.92
502	8.2614	49.4328	29.33
503	8.2941	49.4865	67.72
504	8.2602	49.4874	31.91
505	8.2988	49.4639	26.3
506	8.1822	49.4205	37.56
507	8.1853	49.4275	7.22
508	8.2389	49.4005	33.2
509	8.2242	49.4166	22.69
510	8.1783	49.394	13.75
511	8.1418	49.4202	43.75
512	8.2584	49.4663	21.35
513	8.2257	49.4513	13.55
514	8.26	49.4545	12.8
515	8.226	49.4885	11.73
516	8.1752	49.4864	12.11
517	8.37	49.5334	484.95
518	8.2475	49.5414	37.25
519	8.3823	49.5831	100.8
520	8.2887	49.5154	57.54
521	8.2521	49.5731	30.61
522	8.2168	49.5084	49.57
523	8.2569	49.5126	42.96
524	8.2916	49.5459	29.56
525	8.3139	49.5742	62.42
526	8.1643	49.569	131.99
527	8.1314	49.5293	39.02
528	8.1154	49.495	37.03
529	8.1831	49.6093	23.01
530	8.119	49.5741	20.89
531	8.1937	49.5391	21.61
532	8.1994	49.587	26.85
533	7.9782	49.6665	1.86
534	8.0391	49.6882	131.35
535	7.9887	49.6386	20.34
536	8.0439	49.624	17.46
537	8.0334	49.5514	118.62
538	7.9975	49.5205	19.21
539	8.0346	49.5869	37.38
540	8.1076	49.624	63.27
541	8.0768	49.5326	31.18
542	8.1105	49.543	8.86
543	8.0428	49.4982	34.52
544	8.0829	49.5032	19.52
545	8.0216	49.5021	16.6
546	8.4365	49.3297	497.8
547	8.418	49.2782	85.56
548	8.351	49.2449	51.53
549	8.2801	49.2749	9.81
550	8.2999	49.2338	32.35
551	8.3417	49.2797	27.48
552	8.2969	49.2718	14.97
553	8.3246	49.2341	16.91
554	8.3816	49.3246	56.28
555	8.342	49.3201	18.95
556	8.3477	49.2968	29.79
557	8.2928	49.2949	13.14
558	8.2486	49.2362	21.6
559	8.1543	49.3507	226.75
560	8.0923	49.3401	155.89
561	8.21	49.3542	155.94
562	8.2699	49.351	207.08
563	8.3218	49.3619	107.84
564	8.0619	49.3746	54.31
565	7.9615	49.4395	28.62
566	7.915	49.3546	28.01
567	8.0079	49.3677	3.33
568	8.0957	49.3763	12.07
569	7.991	49.4075	20.8
570	8.0611	49.2959	64.46
571	8.2151	49.2811	32.2
572	8.1667	49.2635	32.1
573	8.075	49.3066	59.65
574	8.1755	49.3022	19.99
575	8.3783	49.6345	245.54
576	8.3289	49.6401	283.86
577	8.354	49.6889	97.42
578	8.2944	49.6211	178.1
579	8.3166	49.7037	86.1
580	8.4063	49.7491	30.6
581	8.3236	49.7642	25.89
582	8.3857	49.7747	31.04
583	8.3222	49.7415	12.95
584	8.3585	49.8017	38.17
585	8.28	49.7622	9.02
586	8.2611	49.779	5.99
587	8.294	49.7797	2.73
588	8.2123	49.6341	25.14
589	8.2342	49.6075	43.51
590	8.2085	49.661	29.97
591	8.2453	49.6987	34.47
592	8.3014	49.7272	18.05
593	8.2462	49.7502	24.49
594	8.1974	49.6918	16.41
595	8.2451	49.6772	9.32
596	7.7689	49.4396	226.23
597	7.8079	49.4481	220.17
598	7.7532	49.4663	221.84
599	7.7406	49.4027	114.99
600	7.7902	49.4206	228.69
601	7.9061	49.4918	73.04
602	7.8452	49.4858	36.58
603	7.9209	49.5223	8.19
604	7.8697	49.5214	17.92
605	7.6167	49.4765	65.11
606	7.5853	49.4732	20.62
607	7.6752	49.4671	33.11
608	7.9061	49.4258	48.66
609	7.8919	49.3943	8.33
610	7.7865	49.5099	50.76
611	7.7582	49.5516	12.83
612	7.6965	49.5694	20.72
613	7.716	49.5466	9.31
614	7.7682	49.3515	41.4
615	7.6811	49.3646	11.79
616	7.7085	49.3515	15.2
617	7.6629	49.2878	53.64
618	7.6991	49.3267	8.42
619	7.7422	49.298	21.63
620	7.7401	49.3292	6.72
621	7.8938	49.5604	47.54
622	7.7818	49.5685	21.63
623	7.9353	49.5824	14.71
624	7.8555	49.5472	9.66
625	7.885	49.5426	11.75
626	7.9437	49.5464	11.06
627	7.7333	49.4868	39.86
628	7.6856	49.5205	7.91
629	7.6762	49.5082	22.34
630	7.7208	49.5249	11.69
631	7.6531	49.5393	16.06
632	7.5912	49.6405	38.35
633	7.6176	49.6611	39.91
634	7.5604	49.6537	5.8
635	7.5142	49.6653	5.8
636	7.649	49.679	11.05
637	7.5599	49.6122	15.19
638	7.622	49.5806	27.49
639	7.6684	49.6116	27.35
640	7.5589	49.559	5.3
641	7.5605	49.5799	6.39
642	7.6367	49.5516	9.32
643	7.7034	49.6353	7.98
644	7.8302	49.628	72.83
645	7.8086	49.603	44.01
646	7.8279	49.6645	6.09
647	7.876	49.6782	9.19
648	7.934	49.6251	11.86
649	8.0038	49.5986	12.04
650	7.8928	49.5899	8.26
651	7.9305	49.6959	11.02
652	7.8227	49.727	21.41
653	7.8755	49.7276	34.59
654	7.7593	49.7144	23.54
655	7.7883	49.7741	16.84
656	7.7841	49.7599	7.7
657	7.6854	49.6588	10.04
658	7.7032	49.6875	9.49
659	8.4147	49.6256	320.75
660	8.4369	49.6882	86.16
661	8.3932	49.0133	176.07
662	8.3809	48.9919	214.67
663	8.4197	49.0029	270.7
664	8.4002	49.0562	168.63
665	8.3587	49.0127	278.8
666	8.341	49.0478	208.29
667	8.3294	49.0026	255.38
668	8.3179	48.9639	201.47
669	8.3932	49.0953	147.77
670	8.4133	49.1301	113.86
671	8.4457	49.2256	123.7
672	8.4316	49.1683	67.44
673	8.3765	49.2186	202.1
674	8.2064	49.0457	177.41
675	8.2902	49.0793	66.86
676	8.3077	49.1926	83.6
677	8.2902	49.149	80.34
678	8.2914	49.114	43.77
679	8.2592	49.0139	54.57
680	8.2004	48.9826	21.21
681	8.2415	49.1173	26.76
682	8.3401	49.1653	23.34
683	8.3228	49.1457	18.31
684	8.332	49.1254	26.05
685	8.2505	48.9816	25.09
686	8.3385	49.1061	16.88
687	8.1234	48.9866	7.14
688	8.0795	49.1953	416.22
689	8.0604	49.1571	88.87
690	8.038	49.2465	36.22
691	8.0421	49.2839	50.48
692	7.8428	49.1819	41.98
693	7.8366	49.2378	35.06
694	7.9749	49.2076	72.21
695	7.9241	49.2013	101.84
696	8.2202	49.1418	103.67
697	8.159	49.151	38.26
698	8.199	49.0855	81.96
699	8.1123	49.0947	69.33
700	8.1959	49.1925	58.11
701	8.1831	49.2168	81.35
702	7.9815	49.1053	88.55
703	7.9734	49.127	153.03
704	7.8284	49.0986	60.34
end {BasicAreas}
