begin {Parameters}
Number of BasicAreas
299
Basic Area Type
Point
Metric
geodecimal
end {Parameters}

#Parameter ExtId	XPos	YPos	Activity
begin {BasicAreas}
0	9.182	50.5789	33.8
1	9.6816	50.5585	134.89
2	9.6867	50.5928	184.79
3	9.6223	50.5658	127.44
4	9.6873	50.5272	176.28
5	9.7369	50.6684	159.62
6	9.7678	50.5234	159.91
7	9.7441	50.5878	143.71
8	9.5497	50.4192	86.45
9	9.5497	50.6872	102.86
10	9.9794	50.5353	80.29
11	9.5749	50.4696	116.7
12	9.7244	50.4641	103.05
13	9.9008	50.4495	64.94
14	9.8173	50.764	77.38
15	9.5435	50.5719	85.05
16	10.0148	50.6283	48.33
17	9.863	50.5782	60.69
18	9.6852	50.4112	63.05
19	9.6894	50.7084	66.72
20	9.5008	50.5162	46.24
21	9.7995	50.459	45.16
22	9.8205	50.5357	33.09
23	9.8881	50.4914	24.21
24	9.672	50.7639	32.02
25	9.8629	50.6592	27.91
26	9.8964	50.7157	18.33
27	9.4972	50.7775	20.44
28	9.3109	50.7611	180.29
29	9.3082	50.681	33.93
30	9.4311	50.7347	29.87
31	9.1745	50.6324	30.14
32	9.2069	50.6969	30.83
33	9.369	50.6382	146.38
34	9.3491	50.4875	53.43
35	9.3693	50.5504	52.44
36	9.5056	50.6365	32.56
37	9.4578	50.6211	40.64
38	9.2934	50.5862	27.09
39	9.5664	50.3503	166.95
40	9.6508	50.2943	99.15
41	9.4606	50.3451	111.95
42	9.4057	50.4358	34.5
43	10.0431	50.7953	89.95
44	9.9748	50.707	74.49
45	10.2511	50.8284	251.32
46	10.1369	50.6628	64.25
47	10.1413	50.7644	39.83
48	10.1335	50.7084	42.59
49	9.1929	50.206	216.56
50	9.1603	50.2335	142.49
51	9.211	50.1695	94.92
52	9.3196	50.187	81.21
53	9.2735	50.2811	119.34
54	9.3582	50.2072	98.6
55	9.4738	50.2649	133.18
56	9.3123	50.3923	63.56
57	9.293	50.3018	54.59
58	9.4411	50.1707	38.07
59	9.4522	50.1273	25.81
60	9.1124	50.2855	207.28
61	9.1562	50.4922	113.9
62	9.2086	50.4112	75.86
63	9.1903	50.3491	31.96
64	9.1728	49.9463	182.33
65	9.2136	50.0127	133.86
66	9.1653	50.0697	124.84
67	9.2111	49.9585	82.99
68	9.2024	49.8356	87.02
69	9.2442	50.1009	83.55
70	9.2866	50.116	18.73
71	9.2038	50.082	21.64
72	9.3657	50.111	11.54
73	9.17	49.914	69.22
74	9.1956	49.8702	55.95
75	9.221	49.8732	19.89
76	9.3641	49.9974	53.89
77	9.236	49.8982	47.5
78	9.2646	49.967	57.37
79	9.3089	49.9669	39.55
80	9.3974	49.9586	18.65
81	9.2934	49.8339	42.51
82	9.3685	50.0365	25.11
83	9.3417	50.0699	9.46
84	9.292	49.8811	22.12
85	9.3331	49.8619	20.45
86	9.303	49.9235	24
87	9.261	50.0302	36.17
88	9.3756	49.932	21.29
89	9.246	49.6899	97.49
90	9.1799	49.8102	98.4
91	9.1788	49.7675	62.82
92	9.2278	49.7361	51.31
93	9.184	49.7179	43.02
94	9.3064	49.7241	43.19
95	9.3655	49.6886	28.43
96	9.3905	49.7044	15.54
97	9.2652	49.7909	25.6
98	9.255	49.766	15.09
99	10.4695	49.673	48.01
100	10.3986	49.6743	19.93
101	10.4402	49.7177	13.04
102	10.5146	49.8359	19.98
103	10.4868	49.7849	23.24
104	10.5619	49.9215	30.99
105	9.9322	49.7963	137.72
106	9.9382	49.7886	198.98
107	9.9691	49.784	173.74
108	9.981	49.8081	77.78
109	9.9666	49.822	121.86
110	9.9149	49.8231	157.81
111	9.9048	49.7718	202.87
112	9.9553	49.7434	185.12
113	10.0445	49.6614	119.62
114	9.8761	49.7782	94.74
115	9.8892	49.8426	97.98
116	10.0035	49.7821	62.21
117	9.956	49.8918	78.26
118	9.7803	49.8985	64.9
119	10.0316	49.8008	47.04
120	10.017	49.8395	47.16
121	9.918	49.7272	40.62
122	10.0035	49.7517	35.25
123	9.7522	49.7192	21.14
124	10.0898	49.8947	44.12
125	10.0066	49.7241	28.04
126	10.1616	49.8882	12.65
127	9.8269	49.7615	34.91
128	9.8404	49.8623	16.01
129	9.7648	49.8234	16.27
130	9.9029	49.8707	44.42
131	10.0274	49.9292	23.11
132	9.7015	49.7578	26.65
133	9.8176	49.8039	34.84
134	9.7828	49.927	17.42
135	9.8371	49.7431	24.67
136	9.8105	49.7263	20.43
137	10.0441	49.8426	38.03
138	9.7881	49.8531	32.13
139	9.8503	49.8387	32.3
140	9.6693	49.7212	23.88
141	10.1207	49.8652	11.88
142	9.6909	49.8133	14.94
143	9.8879	49.9127	16.21
144	10.0165	49.7114	32.12
145	10.029	49.761	23.17
146	9.8641	49.943	13.67
147	9.8553	49.8729	27.04
148	9.7002	49.7901	28.63
149	10.0289	49.8794	27.21
150	9.7903	49.7606	25.46
151	9.832	49.7868	46.83
152	9.8534	49.8069	38.99
153	10.1337	49.7491	223.51
154	10.1349	49.7695	77.06
155	10.2361	49.8694	94.57
156	10.1863	49.8446	23.73
157	10.1298	49.8163	67.78
158	10.1928	49.6701	45.56
159	10.3105	49.6796	43.86
160	10.2343	49.6588	42.57
161	10.2096	49.7056	23.54
162	10.3354	49.8038	46.55
163	10.334	49.7579	50.04
164	10.3699	49.8301	31.03
165	10.237	49.8038	35.65
166	10.2198	50.0478	179.45
167	10.2382	50.0705	190.3
168	10.211	50.0417	181.16
169	10.4976	50.0458	129.31
170	10.0728	49.9878	103.8
171	10.3418	49.9012	78.36
172	9.9538	49.9957	82.98
173	10.3441	50.0856	80.81
174	10.2041	50.1097	74.91
175	10.5355	50.1406	52.85
176	10.1689	50.0712	78.12
177	10.2858	50.0187	65.7
178	10.5107	49.991	65.01
179	10.564	50.0792	38.09
180	10.3852	50.1854	43.71
181	10.1369	50.1145	40.73
182	10.4514	50.1647	19.72
183	10.1703	49.9993	50.99
184	10.527	50.2001	10.13
185	10.3962	49.9138	12.2
186	10.4049	49.9664	18.86
187	10.1047	50.0773	30.61
188	10.3381	50.0306	12.88
189	10.1364	50.0432	25.98
190	10.2064	49.993	32.99
191	10.3339	49.9884	40.53
192	10.2449	49.9333	57.9
193	10.3381	49.8718	8.33
194	10.4594	49.9162	11.46
195	10.4179	49.8548	14.24
196	10.2059	50.1741	12.54
197	10.4387	50.1097	17.89
198	10.2131	49.968	48.43
199	10.1313	49.9235	20.21
200	10.2593	49.9966	39.83
201	10.2634	50.0399	43.37
202	10.3458	49.9497	19.92
203	10.4276	50.0347	27.31
204	10.2902	50.1166	40.45
205	10.1344	49.9551	28.81
206	10.027	50.0727	34.34
207	10.1701	49.9237	10.95
208	10.4503	49.9936	18.11
209	10.2161	50.3328	179.3
210	10.2872	50.3293	142.26
211	10.482	50.2712	68.93
212	10.3775	50.3134	95.26
213	10.3073	50.4335	64.08
214	10.3345	50.3884	38.22
215	10.2204	50.4579	37.68
216	10.1678	50.4892	39.19
217	10.1312	50.5285	24.07
218	10.017	50.4021	51.71
219	10.1802	50.3968	25.76
220	10.0758	50.4375	29.76
221	9.9865	50.3416	29.41
222	10.1085	50.376	14.54
223	10.0549	50.1994	217.15
224	10.2317	50.2609	83.31
225	9.9844	50.2803	79.14
226	10.0784	50.2808	45.72
227	10.2716	50.1932	60.61
228	10.1367	50.1514	52.43
229	10.0355	50.1434	35.2
230	10.1363	50.2219	41.43
231	9.9304	50.2008	51.05
232	10.155	50.2784	16.71
233	9.9775	50.133	30.03
234	9.9392	50.0969	17.86
235	10.0769	50.1295	11.58
236	9.6746	50.0542	114.74
237	9.7465	49.9726	153.29
238	9.872	50.1072	121.29
239	9.7937	50.3075	74.51
240	9.8487	50.3691	36.04
241	9.5541	50.1766	10.84
242	9.6364	50.1459	26.65
243	9.8453	50.0085	33.72
244	9.5596	50.1338	9.65
245	9.9174	50.2986	9.97
246	9.7715	50.0189	12.79
247	9.7439	50.1226	15.34
248	9.788	50.06	17.47
249	9.5778	50.2022	10.02
250	9.7706	50.385	19.36
251	9.6148	50.0359	9.31
252	9.8065	50.2737	20.59
253	9.6421	50.2068	11.38
254	9.8844	50.32	11.38
255	9.6363	50.1	21.18
256	9.8014	50.2399	17.61
257	9.7844	50.1681	23.96
258	9.7131	50.2559	22.9
259	9.5513	49.9711	162.27
260	9.5597	49.859	108.6
261	9.5771	50.0647	49.56
262	9.7181	49.8622	21.3
263	9.4997	49.867	1.14
264	9.6359	49.8239	23.23
265	9.5231	49.8675	20.58
266	9.571	49.8892	18.67
267	9.6418	49.8643	12.87
268	9.4175	50.0049	12.75
269	9.5512	49.9387	13.52
270	9.5181	50.0463	29.06
271	9.506	49.9839	11.03
272	9.6199	49.9107	10.22
273	9.5592	49.9098	10.42
274	9.4723	49.8353	27.31
275	9.6571	49.9551	22.47
276	9.5976	49.8046	41.52
277	9.6809	49.9037	13.05
278	9.4199	50.0307	14.74
279	9.5093	49.7432	243.56
280	9.5321	49.7853	38.87
281	9.3561	49.7421	45.52
282	9.4041	49.8493	13.74
283	9.3106	49.7687	21.26
284	9.3774	49.7947	19.56
285	9.44	49.7955	28.01
286	9.4797	49.801	14.71
287	9.3953	49.8014	17.58
288	9.7645	49.6847	40.66
289	9.6389	49.6929	36.62
290	10.5584	50.5802	48.9
291	10.5159	50.6337	56.43
292	10.4709	50.7181	177.62
293	10.2927	50.6994	86.37
294	10.3241	50.7551	81.35
295	10.3781	50.5505	361.94
296	10.4826	50.4299	111.1
297	10.2266	50.6032	132.04
298	10.4198	50.6363	44.91
end {BasicAreas}
