begin {Parameters}
Number of BasicAreas
521
Basic Area Type
Point
Metric
geodecimal
end {Parameters}

#Parameter ExtId	XPos	YPos	Activity
begin {BasicAreas}
0	8.5748	50.7798	125.75
1	8.4766	50.7711	87.6
2	8.708	50.921	95.89
3	8.6497	51.0144	57.36
4	8.6047	50.7197	57.67
5	8.6581	51.0394	56.44
6	8.5503	50.987	34.45
7	8.6685	50.9597	37.34
8	8.5248	50.9164	141.29
9	8.5532	50.846	120.54
10	8.4299	50.8752	68.22
11	8.4187	50.8344	45.09
12	8.6386	50.5698	150.62
13	8.6147	50.4661	117.42
14	8.6432	50.6494	122.31
15	8.5715	50.6536	104.38
16	8.6109	50.5877	77.1
17	8.6225	50.4277	246.13
18	8.4842	50.5705	118.39
19	8.5117	50.5441	194.27
20	8.4524	50.5436	19.42
21	8.484	50.5245	37.06
22	8.5662	50.5487	21.57
23	8.5917	50.563	28.8
24	8.5274	50.5681	22.22
25	8.5243	50.5997	40.24
26	8.4997	50.6172	10.76
27	8.4851	50.5886	35.74
28	8.411	50.5468	139.22
29	8.4324	50.6203	140.17
30	8.3788	50.5024	114.18
31	8.5652	50.5023	101.32
32	8.3674	50.6228	92.36
33	8.5664	50.5934	86.63
34	8.3228	50.5529	59.14
35	8.4854	50.4932	64.51
36	8.4862	50.6624	50.49
37	8.5005	50.4308	51.14
38	8.5015	50.7162	35.56
39	8.2764	50.7451	90.27
40	8.296	50.785	38.62
41	8.2555	50.7733	17.44
42	8.2249	50.7209	16.76
43	8.2889	50.7217	34.4
44	8.3573	50.7377	24.95
45	8.3441	50.7508	13.08
46	8.3418	50.7766	15.01
47	8.2124	50.7715	202.98
48	8.3602	50.8152	107.96
49	8.2941	50.8489	65.36
50	8.4281	50.8158	37.6
51	8.2812	50.6765	213.34
52	8.2575	50.5934	74.74
53	8.3843	50.6867	51.48
54	8.1825	50.6377	52.88
55	8.3224	50.6472	65.96
56	8.1849	50.6821	49.66
57	8.413	50.7544	30.1
58	8.2688	50.4852	135.37
59	8.3796	50.4232	92.67
60	8.2583	50.5447	45.28
61	8.1728	50.5597	60.3
62	8.2891	50.4368	48.36
63	8.192	50.5132	34.4
64	7.2197	51.1148	371.78
65	7.1085	50.8747	226.78
66	7.115	51.0932	190.86
67	7.1269	50.9459	239.05
68	7.1942	50.97	233.44
69	7.1575	50.9965	130.42
70	7.1467	51.0138	183.29
71	7.1104	50.9877	274.07
72	7.298	50.949	259.69
73	7.1929	50.9063	252.51
74	7.2629	51.0388	194.43
75	7.1523	51.0441	145.7
76	7.6016	50.8754	190.21
77	7.5744	50.7916	204.97
78	7.6909	50.957	191.49
79	7.5406	50.8974	165.84
80	7.7058	50.8708	113.33
81	7.793	50.8909	17.63
82	7.5473	51.028	164.13
83	7.5691	51.0047	198.21
84	7.5759	51.0499	167.55
85	7.5216	50.9637	260.29
86	7.3885	51.1182	228.06
87	7.676	51.0322	207.69
88	7.536	51.0787	132.14
89	7.4228	50.9879	205.68
90	7.36	51.0252	218.45
91	7.1653	50.6903	147.2
92	7.134	50.7002	167.58
93	7.1322	50.6671	247.88
94	7.184	50.6658	145.31
95	7.1649	50.7252	161.64
96	7.1711	50.7429	204.32
97	7.119	50.6235	186.37
98	7.2144	50.6033	162.94
99	7.1577	50.4861	17.64
100	7.1288	50.5302	266.67
101	7.2202	50.5287	174.49
102	7.2635	50.5047	102.54
103	7.085	50.5752	108.7
104	7.3003	50.5891	70.93
105	7.3943	50.5529	100.38
106	7.3368	50.5314	54.19
107	7.3398	50.6176	34.23
108	7.359	50.5944	38.98
109	7.4237	50.6704	107.05
110	7.2646	50.61	59.37
111	7.4197	50.6121	64.51
112	7.3546	50.6463	40.98
113	7.2728	50.6058	25.35
114	7.2828	50.6572	248.12
115	7.2366	50.6266	44.8
116	7.2723	50.7061	381.89
117	7.2425	50.8049	369.41
118	7.1893	50.7715	549.71
119	7.3352	50.7571	412.64
120	7.4587	50.7663	190.38
121	7.2496	50.8716	303.05
122	7.3892	50.8977	145.05
123	7.4343	50.8306	100.24
124	7.3407	50.8589	195.15
125	7.1657	50.8172	263.71
126	7.1574	50.8396	225.07
127	7.113	49.8729	57.42
128	7.1803	49.89	7.41
129	7.0857	49.8057	112.46
130	8.2742	50.0009	182.1
131	8.2585	50.0104	270.59
132	8.2282	50.0228	133.02
133	8.2384	50.0045	178.36
134	8.2052	50.0025	131.78
135	8.1742	49.9854	127.93
136	8.2109	49.9651	132.21
137	8.2316	49.9809	158.73
138	8.2621	49.9376	168.95
139	8.3125	49.9639	179.78
140	8.2727	49.9887	196.25
141	8.0612	49.9686	244.94
142	8.106	49.7654	183.94
143	7.9967	49.7429	177.96
144	8.0499	49.7895	36.64
145	8.3086	50.0132	151.63
146	8.2845	50.0229	83.92
147	8.1756	50.0199	85.12
148	8.1216	50.0031	65.66
149	8.1277	49.9719	21.55
150	8.2054	49.9009	73.86
151	8.1503	49.9174	201.79
152	8.1454	49.9185	43.1
153	8.3508	49.8377	80.52
154	8.2889	49.8409	160.55
155	8.32	49.8751	71.91
156	8.1097	49.8388	81.46
157	8.1667	49.8412	86.01
158	8.1408	49.874	66.96
159	8.3132	49.9288	65.28
160	8.2854	49.9042	59.2
161	8.3313	49.9115	50
162	7.9379	49.9453	248.21
163	7.7953	49.9974	66.72
164	7.7259	50.051	24.24
165	7.8769	49.9431	28.53
166	7.8111	49.9592	32.83
167	7.6992	50.0848	44.94
168	7.6544	50.1065	13.85
169	8.0172	49.9476	62.84
170	8.0112	49.9193	50.96
171	7.7509	49.9642	43.61
172	7.7558	49.9461	48.61
173	7.8801	49.904	35.47
174	7.8122	49.9091	76.52
175	7.9512	49.8963	38.44
176	7.9946	49.9034	17.73
177	7.5564	50.0059	121.54
178	7.4697	50.0044	44.65
179	7.3964	49.9562	66.69
180	7.2531	49.8871	40.21
181	7.3297	49.915	50.1
182	7.4673	49.8813	29.58
183	7.2705	49.9137	23.81
184	7.6571	50.0099	60.19
185	7.6136	49.9547	15.83
186	7.6546	49.9765	10.34
187	7.5774	49.939	7.33
188	7.8767	49.8271	277.2
189	7.8516	49.8525	158.71
190	7.9158	49.8178	80.73
191	7.8927	49.8777	24.21
192	7.6165	49.7804	84.93
193	7.602	49.8119	24.93
194	7.9843	49.859	55.16
195	8.0531	49.8497	43.72
196	7.8247	49.8043	36.6
197	7.8412	49.7803	45.54
198	7.8049	49.8452	23.11
199	7.7197	49.8593	193.11
200	7.7022	49.8125	30.37
201	7.9721	49.821	46.31
202	7.9713	49.7979	53.34
203	7.5058	49.7843	149.47
204	7.4031	49.7815	19.83
205	7.5301	49.8205	20.29
206	7.4404	49.8297	13.04
207	7.3259	49.8618	31.28
208	7.3851	49.8447	10.38
209	7.5497	49.7899	23.1
210	7.5308	49.8573	11.87
211	7.3006	49.7701	160.5
212	7.5953	50.3523	160.34
213	7.5708	50.3865	196.57
214	7.5294	50.3519	186.67
215	7.5566	50.3383	137.41
216	7.5598	50.3181	140.57
217	7.6327	50.3407	123.93
218	7.6491	50.3618	144.1
219	7.6706	50.2993	187.73
220	7.7222	50.338	104.2
221	7.7598	50.3362	41.86
222	7.69	50.338	13.1
223	7.563	50.2095	163.72
224	7.5981	50.4352	167.9
225	7.6266	50.4066	105.75
226	7.6375	50.3802	26.97
227	7.6204	50.4197	21.84
228	7.6824	50.4392	100.75
229	7.7048	50.4143	26.27
230	7.6851	50.458	14.66
231	7.5025	50.3902	102.84
232	7.4452	50.372	138.14
233	7.7283	50.4606	76
234	7.669	50.4803	66.67
235	7.75	50.5309	49.57
236	7.7908	50.5523	125.22
237	7.7469	50.5876	27.72
238	7.3065	50.1625	23.9
239	7.3597	50.1985	14.61
240	7.6473	50.5627	61.59
241	7.7151	50.5983	39.44
242	7.6376	50.5025	26.05
243	7.5849	50.1551	64.24
244	7.5022	50.1739	55.05
245	7.4605	50.0727	100.21
246	7.4078	50.1287	69.72
247	7.5817	50.0922	52.22
248	7.3551	50.2432	42.53
249	7.3815	50.3062	21.79
250	7.3829	50.3493	52.18
251	7.5931	50.6055	30.43
252	7.5785	50.5849	25.33
253	7.6264	50.5755	29.34
254	7.5649	50.5531	19.18
255	7.59	50.2736	33.58
256	7.6397	50.2578	21
257	7.5397	50.2749	30.16
258	7.6832	50.1464	31.97
259	7.4485	50.3125	30.84
260	7.4389	50.2606	111.74
261	7.5123	50.3222	25.67
262	7.7055	50.3865	20.87
263	7.7152	50.3784	73.81
264	7.6793	50.2646	34.47
265	7.7157	50.2554	23.77
266	7.6334	50.2241	24.13
267	7.6944	50.1687	20.87
268	7.7461	50.1627	48.87
269	7.7796	50.0952	11.05
270	7.8121	50.2116	60.41
271	7.8262	50.1971	142.7
272	7.9537	50.2732	41.28
273	7.938	50.3076	57.36
274	7.815	50.3103	59.82
275	7.8496	50.3186	82.29
276	7.8051	50.4228	125.55
277	7.9149	50.4446	183.04
278	7.9256	50.4803	126.4
279	7.8054	50.4653	51.7
280	7.8344	50.4769	48.06
281	7.7737	50.4876	27.48
282	7.7765	50.4492	28.03
283	7.9671	50.5696	65.98
284	7.9086	50.5671	138.27
285	7.9794	50.6203	32.33
286	7.9469	50.6505	59.71
287	7.9735	50.6539	64.98
288	8.0804	50.629	48.03
289	8.0323	50.6215	119.92
290	7.4665	50.4344	239.9
291	7.5259	50.4501	166.6
292	7.4605	50.4742	268.47
293	7.4545	50.417	74.39
294	7.5052	50.5156	45.13
295	7.4642	50.5154	44.07
296	7.5526	50.5078	32.68
297	7.5115	50.5482	33.83
298	7.4275	50.5524	23.84
299	7.4264	50.5205	17.07
300	7.5143	50.5964	46.69
301	7.5282	50.5694	8.23
302	7.3547	50.4994	44.38
303	7.3806	50.4692	20.08
304	7.37	50.4317	296.13
305	7.3625	50.3983	7.39
306	7.3803	50.3912	53.63
307	7.3191	50.3816	39.98
308	7.3183	50.4144	36.02
309	7.418	50.377	21.63
310	7.1827	50.4517	56.46
311	7.2343	50.4227	29.52
312	7.3133	50.4761	26.45
313	7.2699	50.4558	33.26
314	7.197	50.3202	208.35
315	7.1094	50.3276	123.74
316	7.2532	50.3467	28.75
317	7.265	50.3687	98.22
318	7.1722	50.3954	52.83
319	7.1042	50.4247	28.75
320	7.3076	50.2898	69.9
321	7.3123	50.2867	38.67
322	7.2643	50.2211	24.03
323	7.0803	50.2387	48.34
324	7.1627	50.2445	61.24
325	7.1767	50.1457	63.31
326	7.1309	50.0966	74.07
327	7.1826	50.1725	15.54
328	7.2091	50.0836	13.92
329	7.2352	50.1152	8.89
330	7.2544	50.18	9.62
331	7.1139	49.9429	59.77
332	7.2033	49.9272	19.62
333	7.1676	49.9661	21.22
334	7.1991	50.0273	43.99
335	7.277	50.0694	54.9
336	7.1203	50.0582	25.13
337	7.1277	50.0324	9.74
338	7.2796	50.0411	29.53
339	7.1901	49.9973	9.87
340	7.3478	50.0531	12.13
341	7.9913	50.8828	247.32
342	8.0679	50.8724	263.21
343	8.0299	50.9034	168.76
344	7.9903	50.9246	191.73
345	7.9892	50.8469	228.72
346	7.995	50.9852	321.44
347	8.1222	50.834	217.77
348	8.1576	50.9037	250.27
349	7.8933	50.8904	181.68
350	8.113	50.9845	165.13
351	8.0221	50.7843	146.3
352	8.0884	50.7418	149.39
353	8.3854	51.0547	211.77
354	8.3502	50.9239	154.98
355	8.2671	50.9897	80.03
356	8.1007	51.1275	278.46
357	8.0924	51.0611	130.81
358	7.8994	51.1224	241.26
359	7.8872	51.0395	251.61
360	7.8604	50.9646	192.77
361	7.7655	51.0291	122.19
362	7.8646	50.7767	133.22
363	7.9632	50.7093	118.11
364	7.7476	50.7848	109.91
365	7.6934	50.7698	74.03
366	7.8753	50.8258	97.33
367	7.9464	50.8238	90.14
368	7.9425	50.7809	74.15
369	7.9736	50.7432	46.42
370	7.8829	50.854	48.61
371	7.6784	50.7552	39.04
372	7.8838	50.7315	18.5
373	7.8071	50.7505	25.68
374	7.797	50.8261	19.43
375	7.8857	50.6979	17.96
376	7.8385	50.793	34.89
377	7.9294	50.7261	23.97
378	7.7486	50.8269	25.96
379	7.6257	50.7516	21.03
380	7.6509	50.6902	88.08
381	7.6595	50.7116	61.8
382	7.6083	50.6375	77.52
383	7.8079	50.6624	66.99
384	7.7897	50.7056	104.42
385	7.518	50.6549	42.24
386	7.5375	50.7094	45.29
387	7.6766	50.705	12.02
388	7.5905	50.6693	13.41
389	7.6604	50.6351	16.03
390	7.5145	50.6187	7.97
391	7.8597	50.6401	12.9
392	7.7547	50.6499	22.03
393	7.8555	50.6803	10.55
394	7.8977	50.6263	18.82
395	7.9003	50.6561	21.66
396	7.7198	51.1166	219.9
397	8.6106	51.1199	67.96
398	8.6208	50.1654	350.13
399	8.6249	50.1176	186.01
400	8.6117	50.1414	200.75
401	8.6034	50.1251	173.58
402	8.6467	50.0683	214.34
403	8.5833	50.0833	217.75
404	8.5632	50.0419	10
405	8.6702	50.2794	109.47
406	8.6609	50.3658	59.11
407	8.5247	50.3511	133.49
408	8.5119	50.2908	144.17
409	8.5848	50.307	89.01
410	8.3924	50.3301	63.69
411	8.4507	50.3804	49.84
412	8.6117	50.2257	129.72
413	8.5639	50.251	216.68
414	8.6293	50.2634	244.04
415	8.4467	50.2657	83.8
416	8.5435	50.2067	414.87
417	8.5684	50.1761	100.96
418	8.4626	50.1931	154.65
419	8.5189	50.1916	176.66
420	8.4023	50.2164	53.63
421	8.6635	49.9913	343.96
422	8.6771	50.0405	351.3
423	8.6287	49.982	97.21
424	8.6273	49.8838	115.51
425	8.6031	49.8515	145.09
426	8.5925	49.8038	246.55
427	8.5927	49.9202	235.32
428	8.5611	49.8563	239.04
429	8.6332	49.9554	66.97
430	8.4781	49.9161	230
431	8.5651	49.9863	322.32
432	8.4622	49.8341	200.5
433	8.4773	49.9541	103.6
434	8.5383	49.9139	130.3
435	8.4617	49.7858	66.48
436	8.4487	49.8069	56.11
437	8.2373	50.0851	123.55
438	8.2395	50.0762	112.57
439	8.2355	50.0633	220
440	8.2595	50.0735	138.78
441	8.2781	50.0947	180.43
442	8.2385	50.1127	168.68
443	8.2006	50.1069	210.57
444	8.2011	50.0822	291.21
445	8.1673	50.0918	204.96
446	8.1625	50.0603	151.58
447	8.2483	50.0378	220.75
448	8.3189	50.0527	204.05
449	8.3093	50.1095	209.21
450	8.1718	50.1578	281.92
451	8.3716	50.0286	162.89
452	8.0338	50.1356	109.11
453	7.9676	50.1716	79.91
454	8.09	50.2439	69.36
455	8.0955	50.1919	62.63
456	8.0933	50.0552	77.63
457	8.1243	50.0593	12.29
458	8.1072	50.0703	20.03
459	8.0535	50.0426	37.97
460	8.0421	50.0401	20.42
461	7.938	50.038	117.4
462	7.986	50.0475	118.85
463	7.8963	50.029	101.49
464	8.0501	50.0985	61.9
465	7.8499	50.0677	46.06
466	8.1514	50.0491	58.16
467	8.077	50.057	37.46
468	8.4535	49.9826	598.53
469	8.4194	50.027	183.62
470	8.5125	50.0552	144.46
471	8.3348	49.9669	158.58
472	8.3948	49.9103	123.93
473	8.3746	49.9856	123.97
474	8.474	50.0153	121.44
475	8.2693	50.2331	319.62
476	8.2904	50.3008	138.87
477	8.2968	50.1732	147.85
478	8.3511	50.2577	57.45
479	8.0653	50.3864	172.34
480	8.0941	50.3662	20.62
481	8.1279	50.3784	34.19
482	8.101	50.3919	28.72
483	8.0848	50.4022	17.58
484	8.0803	50.4324	11.8
485	8.0661	50.4148	21.5
486	8.0341	50.3942	27.48
487	7.9871	50.3378	102.49
488	8.0116	50.3767	115.7
489	8.0718	50.4586	121.4
490	8.1601	50.4252	97.8
491	8.1478	50.3181	102.44
492	8.0256	50.5116	86.2
493	8.009	50.4248	78.19
494	8.2306	50.3999	72.49
495	8.1891	50.3647	66.03
496	8.1576	50.464	55.94
497	8.2788	50.3531	80.56
498	8.1162	50.5131	61.72
499	8.0605	50.2961	39.71
500	7.9651	50.3723	22.75
501	7.9994	50.353	15.45
502	8.0617	50.5067	26.66
503	8.0434	50.3371	14.09
504	8.4087	50.0928	369.33
505	8.5672	50.1519	192.56
506	8.4295	50.1441	263.45
507	8.4848	50.0532	246.87
508	8.4864	50.1514	202.18
509	8.3713	50.1651	135.33
510	8.5349	50.1481	142.13
511	8.4678	50.0756	105.63
512	8.4947	50.1222	78.25
513	8.5291	50.1336	81.29
514	8.5371	50.096	244.09
515	8.5003	50.089	234.17
516	8.596	50.1027	200.56
517	8.5758	50.1038	153.3
518	8.5735	50.1229	148.09
519	8.3857	49.7747	31.04
520	8.3585	49.8017	38.17
end {BasicAreas}
