begin {Parameters}
Number of BasicAreas
231
Basic Area Type
Point
Metric
geodecimal
end {Parameters}

#Parameter ExtId	XPos	YPos	Activity
begin {BasicAreas}
0	11.4064	53.4817	38.6
1	11.2319	53.4083	219.61
2	11.095	53.5128	99.21
3	11.0808	53.2892	51.79
4	10.7576	53.4199	167.04
5	10.9496	53.4123	25.64
6	10.9686	53.2714	81.34
7	11.418	53.357	189.69
8	11.393	53.2167	87.73
9	11.5873	53.2327	102.48
10	11.1816	53.2024	53.47
11	11.5995	53.4067	85.57
12	11.49	53.1061	44.24
13	11.7849	52.9802	278.48
14	11.7059	53.1813	82.4
15	11.8064	53.3588	59.38
16	10.1505	53.4539	125.3
17	10.2626	53.4554	157.36
18	10.3767	53.2249	177.41
19	10.4598	53.2416	259.81
20	10.3886	53.2614	226.18
21	10.7408	53.2964	93.64
22	10.3706	53.3289	80.05
23	10.2995	53.2843	6.48
24	10.3342	53.286	22.26
25	10.4594	53.2862	96.68
26	10.7106	53.1897	43.6
27	10.8361	53.1724	14.05
28	10.8267	53.2063	6.17
29	10.1415	53.2217	70.08
30	10.5478	53.3042	63.01
31	10.4836	53.3685	14.48
32	10.4544	53.3384	23.39
33	10.1648	53.1206	52.08
34	10.3085	53.1341	10.34
35	10.1317	53.1492	13.48
36	10.318	53.2634	67.94
37	10.2755	53.2407	46.93
38	10.4184	53.3847	38.57
39	10.5516	53.2096	26.95
40	10.6237	53.2767	23.17
41	10.5658	53.241	13.04
42	10.6465	53.2186	12.2
43	10.4722	53.2098	14.18
44	10.3916	53.1582	35.56
45	10.4419	53.1937	32.67
46	10.3217	53.1819	23.62
47	10.2147	53.3628	341.39
48	10.1136	53.3864	105.74
49	10.3588	53.3951	31
50	10.1691	53.2859	13.1
51	10.1037	53.2801	20.83
52	10.2215	53.2712	9.53
53	10.1337	53.3009	14.13
54	10.3318	53.3446	17.4
55	10.2701	53.3107	16.87
56	10.5137	53.3873	128.54
57	10.5398	53.4314	39.56
58	10.3894	53.4446	300.38
59	10.5752	53.352	31.49
60	10.0943	52.6394	177.87
61	10.1204	52.5906	134.62
62	10.1031	52.6821	104.33
63	9.9919	52.808	148.4
64	10.0924	52.8201	83.9
65	10.1689	52.8851	69.84
66	10.2578	52.6247	53.28
67	10.096	52.5393	61.6
68	10.1411	52.528	61.37
69	10.2112	52.5798	40.17
70	10.2762	52.8314	44.96
71	10.2851	52.757	46.5
72	10.3421	52.6742	22.47
73	10.2992	52.6073	13.89
74	10.2523	52.6546	10.8
75	10.2198	52.5167	17.26
76	10.1991	52.5466	31.17
77	10.2131	52.7056	8.02
78	10.2253	52.6799	10.04
79	10.3552	52.5929	18.22
80	10.3143	52.5463	22.85
81	10.4907	52.788	13.63
82	10.4208	52.7105	15.06
83	10.4371	52.5936	14.52
84	10.7763	52.702	96.57
85	10.6955	52.6558	27.4
86	10.5685	52.7202	68.98
87	10.6856	52.8488	40.15
88	10.5337	52.5882	46.88
89	10.4504	52.6487	19.44
90	10.666	52.8052	12.5
91	10.6415	52.6326	9.49
92	10.6149	52.6089	34.54
93	11.1389	52.8655	209.52
94	10.9458	52.8087	96.43
95	11.2215	52.8103	95.44
96	11.1543	52.9831	98.09
97	11.0841	53.1026	87.48
98	10.9949	53.1593	50.91
99	10.923	52.9576	24.99
100	11.1089	52.9274	31.25
101	10.8663	52.891	15.91
102	10.9466	52.8885	15.85
103	11.4587	53.0202	14.58
104	11.1649	53.1472	3.7
105	10.8874	53.1206	7.21
106	11.3664	53.041	6.24
107	11.1849	53.0882	13.08
108	11.4295	53.0575	7.37
109	11.0488	53.05	11.28
110	10.9782	53.0899	7.65
111	11.033	52.9978	14.08
112	11.2692	53.0899	7.14
113	11.3261	52.913	15.29
114	11.0362	52.9419	6.17
115	11.1967	52.9129	8.38
116	10.9148	53.2162	16
117	11.403	52.9776	5.39
118	11.5433	53.0272	6.74
119	11.2768	53.0056	10.54
120	10.9546	53.0065	10.07
121	11.2381	52.9501	10.48
122	10.9089	53.0607	16.07
123	10.5799	52.9614	353.41
124	10.5766	53.0751	87.65
125	10.4826	53.1453	64.32
126	10.4132	52.8766	46.62
127	10.5938	52.9134	29.85
128	10.7712	52.9398	27.13
129	10.2478	53.0154	26.74
130	10.6788	52.9067	26.45
131	10.8043	53.0029	21.83
132	10.4084	53.0267	51.96
133	10.6261	53.1454	16.13
134	10.5249	53.0438	8.24
135	10.3134	52.9284	10.1
136	10.5733	53.0326	7.86
137	10.4169	52.9648	16.7
138	10.3644	53.0619	9.89
139	10.7228	53.1069	17.73
140	10.5308	53.1052	9.28
141	10.4529	53.0577	8.37
142	10.6936	53.0119	13.36
143	10.6689	52.9792	4.98
144	10.6548	53.0991	8.5
145	10.3981	52.9936	8.08
146	10.7783	52.8755	10.63
147	10.5327	52.8529	14.14
148	10.7927	53.0532	6.78
149	10.6902	53.0597	10.19
150	10.1004	52.9904	180.36
151	10.2801	52.3238	183.39
152	10.2162	52.3047	148.77
153	10.2035	52.3498	159.85
154	10.2582	52.4026	121.07
155	10.1918	52.2745	121.71
156	10.067	52.2838	96.9
157	10.0207	52.3754	428.88
158	10.1759	52.46	191.56
159	10.591	52.2766	177.27
160	10.5351	52.2824	258.05
161	10.5836	52.304	183.4
162	10.5516	52.3372	120.01
163	10.4756	52.3105	178.36
164	10.5068	52.2835	134.28
165	10.4581	52.2822	136.67
166	10.8099	52.2756	167.87
167	10.3733	52.2515	154.5
168	10.6754	52.2632	117.79
169	10.6874	52.3433	114.89
170	10.3664	52.3276	90.44
171	10.4477	52.3489	63.17
172	10.9546	52.305	50.41
173	10.7666	52.4282	296.71
174	10.7045	52.4188	220.9
175	10.7595	52.3782	275.83
176	10.8448	52.3763	144.67
177	10.816	52.4617	283.74
178	10.9471	52.412	44.11
179	11.0098	52.3728	21.13
180	10.9056	52.4412	20.14
181	10.937	52.4513	9.78
182	10.9039	52.3679	27.21
183	10.9213	52.5901	31.46
184	10.8475	52.5403	9.16
185	10.7697	52.5819	15.38
186	10.9326	52.5322	18.86
187	10.8836	52.4916	43.97
188	10.8196	52.5151	11.85
189	10.87	52.5843	13.89
190	10.7773	52.5386	10.39
191	10.7518	52.5069	17.52
192	10.7317	52.479	9.8
193	11.0965	52.6228	134.95
194	11.0035	52.6778	58.84
195	10.5252	52.5098	432.68
196	10.6394	52.5327	98.39
197	10.571	52.3769	73.04
198	10.4493	52.3915	15.45
199	10.3985	52.3845	12.44
200	10.5134	52.4104	18.1
201	10.5015	52.3757	30.71
202	10.3288	52.4804	78.41
203	10.3851	52.5135	54.07
204	10.4343	52.4464	40.47
205	10.3951	52.4208	24.19
206	10.6356	52.4257	48.08
207	10.5841	52.4421	60.53
208	10.4974	52.427	20.09
209	10.5947	52.4138	17.59
210	10.717	52.4633	25.1
211	10.6922	52.5068	7.51
212	10.6679	52.4751	18.85
213	10.5339	52.5538	10.74
214	11.6354	52.2815	350.66
215	11.4436	52.3096	186.16
216	11.303	52.2398	171.21
217	11.3643	52.3299	61.83
218	11.0882	52.3159	63.56
219	11.1903	52.3911	61.35
220	11.7737	52.4372	165.79
221	11.7309	52.6642	90.67
222	11.6928	52.5656	49.33
223	11.7192	52.7742	194.81
224	11.7715	52.9326	127.93
225	11.4804	52.8907	40.73
226	11.4195	52.6908	107.05
227	11.5398	52.662	37.27
228	11.4033	52.5043	243.96
229	11.0232	52.4577	72.34
230	11.178	52.4986	47.57
end {BasicAreas}
