begin {Parameters}
Number of BasicAreas
601
Basic Area Type
Point
Metric
geodecimal
end {Parameters}

#Parameter ExtId	XPos	YPos	Activity
begin {BasicAreas}
0	13.723	51.0599	219.71
1	13.7376	51.0406	235.97
2	13.7427	51.0671	210.56
3	13.8288	51.0926	145.27
4	13.7638	51.1205	152.06
5	13.734	51.0796	95.59
6	13.7309	51.098	145.27
7	13.6902	51.0796	124.44
8	13.6745	51.0679	181.58
9	13.7007	51.0428	216.81
10	13.6679	51.039	228.18
11	13.6996	51.0283	134.76
12	13.704	51.0122	90.75
13	13.7401	51.0179	160.62
14	13.7707	51.0226	181.58
15	13.8	51.0176	142.91
16	13.7898	51.0012	108.9
17	13.8184	50.9979	246.2
18	13.8501	50.997	127.06
19	13.7961	51.0377	378.84
20	13.8279	51.0273	181.58
21	13.7733	51.0524	278.49
22	13.7906	51.0488	254.17
23	13.8562	51.066	104.78
24	13.8575	51.0253	127.06
25	13.6455	51.1157	318.16
26	13.9228	51.1228	203.17
27	13.8509	51.1749	102.53
28	13.6234	51.0667	95.53
29	13.8549	51.1394	56.29
30	13.6817	51.1602	75.29
31	13.7284	51.2062	80.35
32	13.9051	51.0422	117.26
33	13.9886	51.0934	52.2
34	13.7897	51.1571	53.86
35	13.526	51.2909	167.85
36	13.6388	51.2904	240.43
37	13.2718	51.3023	171.75
38	13.3247	51.291	115.8
39	13.2515	51.3175	109.98
40	13.3014	51.2543	70.52
41	13.441	51.3971	158.61
42	13.406	51.2875	95.52
43	13.225	51.3691	43.81
44	13.3085	51.3737	77.53
45	13.2995	51.1577	93.95
46	13.5821	51.1343	250.4
47	13.484	51.1618	296.61
48	13.3843	51.1512	197.64
49	13.3317	51.0563	99.83
50	13.562	51.1851	126.81
51	13.6414	50.9945	401.1
52	13.5178	51.0241	96.44
53	13.7365	50.9806	101.36
54	13.7573	50.9515	38.55
55	13.6582	50.9488	47.43
56	13.5226	50.9684	92.79
57	13.518	50.9121	44.05
58	13.6586	50.8939	115.79
59	13.6252	50.8215	68.49
60	13.7517	50.8552	88.28
61	13.7236	50.7744	43.74
62	13.5629	50.8916	42.58
63	13.6474	50.7582	31.84
64	13.8421	50.7665	35.34
65	13.9903	50.942	434.34
66	13.8484	50.9469	260.09
67	14.1892	50.9014	78.73
68	13.9736	50.8286	31.33
69	13.984	50.8828	45.76
70	14.0831	50.8874	79.14
71	13.8771	50.8585	26.32
72	13.9252	50.9895	47.95
73	14.0181	50.961	18
74	14.0553	51.0429	102.28
75	14.236	51.0325	169.22
76	14.0186	50.9838	33.6
77	14.1423	50.9826	39.84
78	14.2832	50.9371	124.7
79	14.1968	51.1195	209.86
80	14.0216	51.185	126.73
81	14.0363	51.1459	110.82
82	14.3316	51.0766	94.79
83	14.2013	51.1888	30.78
84	14.0713	51.1106	73.66
85	14.1084	51.2737	167.9
86	14.208	51.2787	241.09
87	13.9425	51.2925	175.27
88	13.8812	51.4288	123.92
89	14.0226	51.5235	313.39
90	13.7536	51.5055	216.84
91	14.0371	51.5823	132.18
92	13.8622	51.4876	73.23
93	13.7148	51.3944	40.39
94	13.8842	51.5079	43.38
95	13.9158	51.5826	31.83
96	14.0364	51.4562	20.6
97	13.8864	51.5431	13.68
98	14.4302	51.181	419.89
99	14.5155	51.2045	143.7
100	14.3184	51.1693	59.74
101	14.4196	51.0921	146.13
102	14.4308	51.0455	80.55
103	14.4177	51.1323	87.64
104	14.5226	51.2772	110.92
105	14.3701	51.2866	90.19
106	14.6577	51.0978	318.73
107	14.6137	50.9728	66.84
108	14.6094	51.0143	116.02
109	14.5314	51.0992	59.2
110	14.5205	51.0629	46.27
111	14.6557	50.992	53.41
112	14.5506	51.0306	42.32
113	14.7006	50.9701	28.7
114	14.7597	51.0084	75.73
115	14.8275	51.0469	32.52
116	14.7787	50.8978	366.41
117	14.6843	50.902	77.12
118	14.6118	50.9376	54
119	14.7606	50.8717	70.93
120	14.8706	50.9481	45.61
121	14.7451	50.9561	34.57
122	14.664	50.9493	44.58
123	14.6966	50.8531	19.61
124	14.7537	50.8429	16.68
125	14.6529	50.8643	16.04
126	14.9809	51.1474	291.16
127	14.9629	51.1318	159.53
128	14.9822	51.1699	153.83
129	14.9337	51.1855	125.15
130	14.8053	51.1581	82.01
131	14.9217	51.0282	79.36
132	14.7049	51.2931	232.25
133	14.8933	51.3034	84.69
134	14.9513	51.3555	53.96
135	14.619	51.4486	329.95
136	14.7037	51.5566	65.68
137	14.8174	51.4072	32.86
138	14.8189	51.4815	55.42
139	14.527	51.5245	49.08
140	14.2209	51.4225	487.41
141	14.4283	51.4777	108.81
142	14.1934	51.4708	123.31
143	14.0879	51.3886	68.67
144	14.2437	51.3769	58.55
145	14.4265	51.3741	79.38
146	14.4236	51.7726	199.58
147	14.3452	51.7858	230.05
148	14.3127	51.7661	213.56
149	14.3053	51.7362	204.06
150	14.3439	51.7351	259.2
151	14.4216	51.7249	5.39
152	14.4279	51.7619	8.35
153	14.3935	51.8042	4.45
154	14.3483	51.8283	8.58
155	14.3137	51.8222	15.51
156	14.37	51.708	112.16
157	14.1944	51.8479	94.87
158	14.2087	51.7533	99.8
159	14.1384	51.6328	22.54
160	14.2105	51.6477	45.3
161	14.1812	51.576	46.3
162	14.4377	51.5991	328.18
163	14.3192	51.5286	28.19
164	14.626	51.7375	283.24
165	14.6527	51.6273	60.39
166	14.5511	51.9495	320.32
167	14.4119	51.8745	112.58
168	14.5284	51.8875	23.74
169	13.9733	51.7179	126.34
170	13.9355	51.8486	203.02
171	14.043	51.8205	101.29
172	14.0071	51.6627	44.16
173	13.7087	51.6009	312.82
174	13.777	51.7316	21.12
175	13.6696	51.7124	29.7
176	13.4971	51.6446	148.18
177	12.7477	51.2144	323.82
178	12.889	51.2621	26.38
179	12.9379	51.1631	120.33
180	13.1289	51.1412	371.22
181	13.0205	51.0696	95.76
182	13.1726	51.0832	92.98
183	12.9946	51.1148	80.76
184	13.149	51.2039	37.16
185	13.1206	51.3426	252.74
186	13.0632	51.2405	101.42
187	12.9897	51.3696	74.83
188	12.9631	51.2909	42.18
189	12.7963	51.3862	307.81
190	12.7136	51.4823	370.96
191	12.9587	51.5398	251.09
192	13.116	51.4659	61.07
193	12.8656	51.6248	69.09
194	13.0733	51.5741	80.04
195	12.957	51.4555	58.08
196	13.1959	51.5694	127.82
197	13.5209	51.4728	111.86
198	13.2623	51.7587	148.72
199	13.4036	51.5126	134.51
200	13.6386	51.4608	42.07
201	13.2541	51.4227	49.22
202	13.5539	51.422	100.13
203	13.5784	51.4981	30.22
204	13.426	51.7533	69.84
205	13.3341	51.6115	28.19
206	12.9517	51.8078	102.27
207	12.8792	51.8761	54.85
208	12.9155	51.6925	41.63
209	13.0821	51.709	51.45
210	13.1405	51.8004	26.69
211	13.1202	51.8631	30.38
212	12.9266	50.8366	33.68
213	12.9133	50.85	48.11
214	12.9206	50.8717	86.6
215	12.9086	50.813	145.32
216	12.9639	50.7698	161.55
217	12.9428	50.7891	149.43
218	12.9425	50.8149	112.05
219	12.9794	50.8138	537.44
220	13.0204	50.8126	27.23
221	12.9556	50.8384	235.6
222	12.9655	50.8641	157.09
223	12.9184	50.7277	39.56
224	12.8795	50.9387	36.26
225	12.9183	50.9114	32.72
226	12.9604	50.7432	16.17
227	12.9959	50.9108	27.69
228	12.8502	51.0277	215.63
229	12.9121	51.0756	72.23
230	12.9122	50.6884	31.98
231	13.0585	50.7623	133.56
232	12.9506	50.6784	61.9
233	12.9517	50.7128	53.52
234	12.9539	50.6488	57.27
235	13.0756	50.6533	47.82
236	13.0114	50.6811	41.75
237	13.0838	50.7001	27.25
238	13.1088	50.7384	23.87
239	13.0457	50.7069	19.59
240	13.125	50.7429	32.11
241	13.0129	50.7496	42.96
242	13.0383	50.5783	277.03
243	12.9749	50.4996	79.1
244	12.9223	50.6122	66.19
245	13.0501	50.5177	54.66
246	12.9315	50.5039	50.29
247	13.13	50.5484	49.39
248	12.88	50.5739	51.5
249	12.9432	50.4359	33.81
250	12.9446	50.5713	27.89
251	13.0068	50.6198	39.37
252	13.2225	50.6027	166.57
253	13.2872	50.7198	66.46
254	13.18	50.7175	42.26
255	13.258	50.661	33.88
256	13.1184	50.6207	37.63
257	13.344	50.6556	162.96
258	13.4901	50.68	35.45
259	13.4624	50.6337	42.19
260	13.0828	50.8723	122.5
261	13.1763	50.8722	122.31
262	13.1299	50.806	102.68
263	13.2563	50.7992	50.68
264	13.0213	50.8701	51.27
265	13.1885	50.7656	31.45
266	13.3391	50.9178	465.03
267	13.3993	50.8709	71.99
268	13.2739	50.969	58.49
269	13.3096	50.8143	130.29
270	13.4152	50.751	74.76
271	13.5515	50.7778	62.62
272	13.4478	50.8936	63.95
273	13.3875	51.0181	27.09
274	13.3737	50.9624	37.51
275	13.2913	51.0131	30.13
276	13.2747	50.8313	26.72
277	13.3999	50.8317	31.68
278	12.9957	50.9884	264.62
279	13.1335	50.9894	189.46
280	13.0798	50.9197	181.72
281	13.3862	52.5335	248.42
282	13.3912	52.52	222.56
283	13.4073	52.5322	216.06
284	13.4147	52.5221	147.4
285	13.4192	52.5152	178.1
286	13.4413	52.5145	328.42
287	13.4708	52.5027	306.26
288	13.4675	52.5179	374.28
289	13.4425	52.5254	278.99
290	13.5199	52.5094	311.35
291	13.492	52.5005	167.91
292	13.5303	52.4857	182.81
293	13.5214	52.5025	240.9
294	13.4991	52.5214	216.19
295	13.4856	52.5253	228.16
296	13.4709	52.5332	210.46
297	13.4265	52.537	291.48
298	13.4482	52.5358	260.65
299	13.4442	52.5457	255.43
300	13.4148	52.5389	186.89
301	13.4157	52.5471	345.49
302	13.4162	52.5537	293.13
303	13.3385	52.5328	163.19
304	13.3232	52.5309	81.38
305	13.3381	52.5224	171.48
306	13.3594	52.5274	193.79
307	13.3542	52.5325	140.45
308	13.3111	52.5172	184.01
309	13.3205	52.5202	110.92
310	13.3076	52.5297	152.78
311	13.3305	52.5094	59.92
312	13.318	52.5104	106.67
313	13.3047	52.5097	109.43
314	13.3103	52.5041	148.95
315	13.3162	52.4979	114.32
316	13.3071	52.4958	125.16
317	13.2947	52.499	94.13
318	13.3131	52.4869	94.34
319	13.3316	52.4849	179.13
320	13.3309	52.4933	193.15
321	13.3275	52.4999	119.42
322	13.3455	52.5001	168.72
323	13.3425	52.4942	111.13
324	13.356	52.4951	139.6
325	13.3648	52.4986	103.91
326	13.3659	52.5093	59.71
327	13.3453	52.509	63.11
328	13.3416	52.5048	26.99
329	13.3587	52.4886	115.59
330	13.3453	52.4858	110.71
331	13.3583	52.4855	91.16
332	13.3593	52.4834	136.42
333	13.4002	52.4957	175.94
334	13.383	52.4984	184.65
335	13.4081	52.4862	91.79
336	13.4185	52.4938	158.73
337	13.4052	52.5047	211
338	13.4396	52.5038	172.33
339	13.4317	52.4999	207.6
340	13.4399	52.483	140.24
341	13.4417	52.4881	133.23
342	13.431	52.4931	132.59
343	13.4238	52.4818	164.47
344	13.4328	52.4697	228.42
345	13.4355	52.4816	135.78
346	13.4517	52.4759	113.26
347	13.4634	52.4747	134.93
348	13.4524	52.484	176.15
349	13.4085	52.4633	139.6
350	13.3942	52.4776	176.37
351	13.3742	52.4651	240.32
352	13.3751	52.4502	270.71
353	13.3897	52.4339	186.78
354	13.4037	52.4484	160.43
355	13.3483	52.4671	224.17
356	13.3409	52.475	161.7
357	13.3311	52.4724	202.71
358	13.3209	52.4636	209.51
359	13.3174	52.4572	49.08
360	13.3395	52.4518	195.28
361	13.3461	52.4557	205.26
362	13.3125	52.4468	199.74
363	13.2993	52.4342	146.83
364	13.3156	52.4232	244.15
365	13.3326	52.4203	148.32
366	13.3503	52.4412	205.26
367	13.3547	52.4274	262.42
368	13.378	52.4129	151.08
369	13.3564	52.4127	186.56
370	13.4059	52.4069	151.08
371	13.3978	52.3895	191.66
372	13.4205	52.3955	168.72
373	13.4351	52.4536	201.44
374	13.4224	52.4293	215.46
375	13.4598	52.4363	260.09
376	13.4646	52.4254	410.74
377	13.4998	52.4125	193.15
378	13.4984	52.4314	151.93
379	13.46	52.4532	200.16
380	13.4694	52.4875	190.84
381	13.4902	52.466	280.39
382	13.5175	52.4584	121.79
383	13.5362	52.4705	220.26
384	13.5136	52.4459	181.66
385	13.5455	52.441	164.85
386	13.5457	52.4144	157.08
387	13.568	52.4037	70.7
388	13.6505	52.3856	74.91
389	13.5143	52.3875	28.03
390	13.5773	52.4643	254.02
391	13.5906	52.4359	187.27
392	13.6573	52.4169	99.37
393	13.6357	52.461	180.39
394	13.7146	52.4464	76.05
395	13.5927	52.5261	261.41
396	13.5961	52.504	88.67
397	13.6249	52.503	142.68
398	13.6438	52.4826	10
399	13.618	52.5394	363.97
400	13.5938	52.5435	157.46
401	13.566	52.55	313.26
402	13.5411	52.5406	212.49
403	13.5654	52.5063	173.26
404	13.5647	52.5435	164.47
405	13.5684	52.5574	195.93
406	13.5692	52.5661	269.95
407	13.4983	52.58	228.8
408	13.503	52.5531	154.4
409	13.4986	52.5432	261.41
410	13.543	52.5742	164.59
411	13.5268	52.582	148.67
412	13.4507	52.5572	374.79
413	13.473	52.5614	24.59
414	13.4449	52.5718	36.56
415	13.4878	52.6334	189.44
416	13.4365	52.6181	74.53
417	13.4609	52.5984	67.14
418	13.4028	52.584	203.58
419	13.3856	52.591	103.57
420	13.4128	52.6276	28.28
421	13.4123	52.5724	292.75
422	13.4226	52.569	291.86
423	13.3677	52.5491	181.25
424	13.3513	52.5594	121.76
425	13.3366	52.5526	189.75
426	13.3531	52.5441	191.45
427	13.3925	52.5439	210.79
428	13.3854	52.5511	269.01
429	13.3846	52.5631	197.61
430	13.3236	52.5768	323.83
431	13.2969	52.5612	33.57
432	13.3555	52.5742	311.29
433	13.3766	52.5691	258.39
434	13.3469	52.6047	183.38
435	13.3311	52.594	162.77
436	13.3592	52.6005	244.57
437	13.289	52.6449	182.1
438	13.3119	52.6167	183.59
439	13.3412	52.6135	178.06
440	13.25	52.6144	168.08
441	13.2466	52.585	61.2
442	13.2802	52.5772	229.7
443	13.3028	52.5926	212.06
444	13.183	52.5322	150.02
445	13.1851	52.5453	264.76
446	13.2096	52.5487	202.29
447	13.1816	52.5773	184.86
448	13.1744	52.5592	240.11
449	13.1469	52.5386	178.7
450	13.1761	52.5124	243.51
451	13.2019	52.5149	242.02
452	13.2231	52.5295	87.55
453	13.2374	52.5489	127.49
454	13.3041	52.5424	217.16
455	13.2716	52.5444	148.74
456	13.2668	52.5219	134.72
457	13.257	52.5178	141.09
458	13.2375	52.5197	10
459	13.247	52.5033	108.16
460	13.2892	52.5064	135.57
461	13.2922	52.5229	195.49
462	13.1522	52.4718	144.92
463	13.1471	52.4184	118.57
464	13.1938	52.4378	161.49
465	13.2409	52.4401	187.2
466	13.2593	52.4196	203.35
467	13.2809	52.4234	121.54
468	13.269	52.4464	170.42
469	13.2416	52.471	203.56
470	13.2862	52.4601	133.44
471	13.3128	52.4757	222.47
472	13.2976	52.4796	143.85
473	13.0705	52.4068	163.74
474	13.031	52.4297	112.42
475	13.0119	52.3841	176.59
476	13.0529	52.373	112.29
477	13.023	52.4539	126.9
478	13.1	52.3708	277.3
479	13.142	52.3759	232.99
480	13.1094	52.394	222.66
481	13.2778	52.3853	165.93
482	13.1922	52.3598	252.77
483	12.8922	52.3802	229.36
484	12.9514	52.2242	122.82
485	12.9406	52.3171	51.93
486	13.07	52.2983	66.37
487	13.0103	52.2823	43.61
488	13.0648	52.324	35.73
489	13.0907	52.3446	57.04
490	13.0803	52.5758	295.05
491	13.1206	52.6109	36.4
492	13.0548	52.5112	46.65
493	12.9979	52.5463	16.75
494	12.8653	52.6017	294.83
495	13.0166	52.5919	66.43
496	13.082	51.9704	301.12
497	12.8707	52.0844	66.83
498	13.1376	52.1192	236.79
499	13.255	52.0958	73.97
500	13.1803	52.2199	67.11
501	13.2481	52.2836	249.19
502	13.319	52.366	46.02
503	14.5554	52.3374	113.56
504	14.5461	52.3316	189.29
505	14.4805	52.3483	264.98
506	14.3725	52.3521	219.92
507	14.596	52.2383	72.64
508	14.4278	52.1842	55.01
509	14.3749	52.5135	131.45
510	14.2374	52.5987	61.03
511	14.3881	52.6785	52.43
512	14.4959	52.4503	49.64
513	14.5304	52.5615	74.52
514	13.9193	52.561	261.03
515	13.8904	52.6174	178.82
516	13.6798	52.5267	238.4
517	13.7845	52.5278	178.27
518	14.0892	52.5247	67.19
519	14.0858	52.5832	46.46
520	13.8482	52.4938	51.55
521	14.0474	52.3769	341.57
522	14.1002	52.3269	135.28
523	14.0913	52.2702	53.39
524	13.8708	52.343	38.48
525	13.7776	52.3861	192.39
526	13.8103	52.48	108.08
527	13.7099	52.4852	108.06
528	13.7624	52.452	62.47
529	13.6241	52.2869	215.37
530	13.5749	52.3616	137
531	13.6098	52.3475	83.11
532	13.6691	52.2256	77.72
533	13.6218	52.3252	91.2
534	13.6898	52.1744	18
535	13.8193	52.1294	14.79
536	13.5462	52.2749	48.72
537	13.6666	52.3265	32.34
538	13.8103	52.2176	16.92
539	13.7552	52.2788	65.52
540	13.6076	52.1359	32.12
541	13.7031	52.1023	25.91
542	13.713	52.3111	32.85
543	13.4256	52.2274	163.64
544	13.409	52.3284	110.32
545	13.438	52.356	150.47
546	13.4479	52.294	63.17
547	13.5128	52.04	39.1
548	13.4314	52.1498	80.42
549	14.2383	52.2175	190.92
550	13.9097	52.2161	90.78
551	14.0606	52.1921	46.05
552	14.3489	52.0094	29.58
553	14.5683	52.1583	493.67
554	14.6236	52.0661	64.09
555	13.9064	51.9461	149.98
556	13.8856	52.0212	80.91
557	14.1482	51.9629	83.5
558	13.6731	51.828	155.24
559	13.4281	51.8973	58.97
560	13.6329	51.9447	53.72
561	13.8196	52.8535	248.47
562	13.7421	52.8422	208.47
563	13.8679	52.8925	78.38
564	13.6821	52.8632	77.96
565	13.7832	52.9825	56.57
566	14.0063	52.8805	78.5
567	14.0362	52.7658	229.12
568	14.1066	52.7006	104.75
569	14.0047	53.0662	195.47
570	14.2304	53.0973	423.26
571	14.2007	53.1737	102.86
572	13.5818	52.676	341.61
573	13.5291	52.6418	139.99
574	13.5552	52.8653	137.77
575	13.4549	52.6871	68.08
576	13.7038	52.6321	146.52
577	13.585	52.7683	55.88
578	13.2493	52.8126	407.47
579	13.2771	52.6662	106.08
580	13.3063	52.7068	60.55
581	13.3354	52.635	59.43
582	13.3727	52.641	35.97
583	13.2817	52.7234	34.03
584	13.4362	52.8698	36.68
585	13.3313	52.6816	36
586	13.2934	52.7475	24.19
587	13.3656	52.676	41.16
588	13.1548	52.6835	202.3
589	13.2124	52.6406	254.72
590	13.0232	52.7847	66.84
591	13.1432	52.7476	76.03
592	13.2059	52.9988	227.58
593	13.3997	53.0019	113.53
594	12.7624	52.8946	86.34
595	12.8562	52.9824	30.14
596	12.9027	53.1153	71.06
597	12.7889	52.7923	76.03
598	12.9674	52.9337	57.83
599	13.6204	53.1713	277.93
600	13.3387	53.198	38.79
end {BasicAreas}
