begin {Parameters}
Number of BasicAreas
635
Basic Area Type
Point
Metric
geodecimal
end {Parameters}

#Parameter ExtId	XPos	YPos	Activity
begin {BasicAreas}
0	13.723	51.0599	219.71
1	13.7376	51.0406	235.97
2	13.7427	51.0671	210.56
3	13.8288	51.0926	145.27
4	13.7638	51.1205	152.06
5	13.734	51.0796	95.59
6	13.7309	51.098	145.27
7	13.6902	51.0796	124.44
8	13.6745	51.0679	181.58
9	13.7007	51.0428	216.81
10	13.6679	51.039	228.18
11	13.6996	51.0283	134.76
12	13.704	51.0122	90.75
13	13.7401	51.0179	160.62
14	13.7707	51.0226	181.58
15	13.8	51.0176	142.91
16	13.7898	51.0012	108.9
17	13.7961	51.0377	378.84
18	13.7733	51.0524	278.49
19	13.7906	51.0488	254.17
20	13.6455	51.1157	318.16
21	13.8509	51.1749	102.53
22	13.6234	51.0667	95.53
23	13.6817	51.1602	75.29
24	13.7284	51.2062	80.35
25	13.7897	51.1571	53.86
26	13.526	51.2909	167.85
27	13.6388	51.2904	240.43
28	13.2718	51.3023	171.75
29	13.3247	51.291	115.8
30	13.2515	51.3175	109.98
31	13.3014	51.2543	70.52
32	13.441	51.3971	158.61
33	13.406	51.2875	95.52
34	13.225	51.3691	43.81
35	13.3085	51.3737	77.53
36	13.2995	51.1577	93.95
37	13.5821	51.1343	250.4
38	13.484	51.1618	296.61
39	13.3843	51.1512	197.64
40	13.3317	51.0563	99.83
41	13.562	51.1851	126.81
42	13.6414	50.9945	401.1
43	13.5178	51.0241	96.44
44	13.7365	50.9806	101.36
45	13.7573	50.9515	38.55
46	13.6582	50.9488	47.43
47	13.5226	50.9684	92.79
48	13.518	50.9121	44.05
49	13.6586	50.8939	115.79
50	13.6252	50.8215	68.49
51	13.7517	50.8552	88.28
52	13.7236	50.7744	43.74
53	13.5629	50.8916	42.58
54	13.6474	50.7582	31.84
55	13.8421	50.7665	35.34
56	13.9425	51.2925	175.27
57	13.8812	51.4288	123.92
58	13.7536	51.5055	216.84
59	13.7148	51.3944	40.39
60	13.7087	51.6009	312.82
61	13.777	51.7316	21.12
62	13.6696	51.7124	29.7
63	13.4971	51.6446	148.18
64	12.3944	51.3334	162.3
65	12.3591	51.3528	125.45
66	12.3712	51.3324	109.62
67	12.3662	51.339	106.3
68	12.3895	51.3716	143.19
69	12.3624	51.3625	202.55
70	12.3712	51.3751	158.27
71	12.3245	51.3748	123.57
72	12.3344	51.3416	193.81
73	12.3098	51.3444	170.43
74	12.2738	51.3274	222.47
75	12.2809	51.3062	212.91
76	12.2989	51.3224	215.8
77	12.3394	51.3192	248.71
78	12.3134	51.2854	80.95
79	12.3736	51.3235	173.57
80	12.3759	51.307	195.86
81	12.401	51.2944	146.39
82	12.4286	51.3008	67.53
83	12.427	51.3192	126.72
84	12.41	51.346	207.23
85	12.4075	51.3313	205.66
86	12.4343	51.3456	174.93
87	12.4516	51.3473	49.17
88	12.4697	51.3613	115.88
89	12.418	51.363	211.47
90	12.4476	51.3885	52.15
91	12.4438	51.4207	16.74
92	12.4112	51.3795	168.68
93	12.3869	51.2723	217.76
94	12.2208	51.2944	154.84
95	12.5194	51.3933	145.78
96	12.2479	51.3536	147.8
97	12.2221	51.4033	133.33
98	12.5036	51.3338	85.05
99	12.3054	51.2195	88.72
100	12.4713	51.2779	69.27
101	12.3795	51.4131	59.36
102	12.5365	51.3523	85.48
103	12.4753	51.3022	63.19
104	12.4526	51.3306	71.01
105	12.2189	51.2208	21.79
106	12.5041	51.265	46.93
107	12.3354	51.4022	55.47
108	12.2849	51.3911	35.57
109	12.3421	51.5059	494.96
110	12.3875	51.4479	50.38
111	12.251	51.1715	65.6
112	12.3141	51.1331	97.34
113	12.4887	51.1272	275.37
114	12.3934	51.2076	76.97
115	12.4292	51.0909	35.36
116	12.5642	51.1704	83.21
117	12.4268	51.2032	38.08
118	12.4103	51.1157	26.57
119	12.3762	51.1598	44.18
120	12.5009	51.2067	31.2
121	12.4361	50.9802	430.32
122	12.4958	50.9686	103.3
123	12.3508	51.0527	127.2
124	12.3281	51.0849	54.34
125	12.3733	51.022	131.83
126	12.5785	50.9521	41.26
127	12.3117	50.8955	219.12
128	12.423	50.8726	64.06
129	12.6509	51.0855	98.97
130	12.6763	51.1397	106.35
131	12.5597	51.0715	75.49
132	12.5898	51.01	32.22
133	12.6759	50.9853	39.62
134	12.7477	51.2144	323.82
135	12.7885	51.1304	78.82
136	12.5968	51.2622	130.04
137	12.8171	51.2751	45.13
138	12.7326	51.2892	44.86
139	12.889	51.2621	26.38
140	12.9379	51.1631	120.33
141	13.1289	51.1412	371.22
142	13.0205	51.0696	95.76
143	13.1726	51.0832	92.98
144	12.9946	51.1148	80.76
145	13.149	51.2039	37.16
146	13.1206	51.3426	252.74
147	13.0632	51.2405	101.42
148	12.9897	51.3696	74.83
149	12.9631	51.2909	42.18
150	12.7963	51.3862	307.81
151	12.6364	51.3275	64.33
152	12.5689	51.3226	32.22
153	12.6237	51.3835	51.74
154	12.702	51.3503	66.08
155	12.7136	51.4823	370.96
156	12.6375	51.6032	119.11
157	12.9587	51.5398	251.09
158	13.116	51.4659	61.07
159	12.8656	51.6248	69.09
160	13.0733	51.5741	80.04
161	12.957	51.4555	58.08
162	13.1959	51.5694	127.82
163	13.5209	51.4728	111.86
164	13.2623	51.7587	148.72
165	13.4036	51.5126	134.51
166	13.6386	51.4608	42.07
167	13.2541	51.4227	49.22
168	13.5539	51.422	100.13
169	13.5784	51.4981	30.22
170	13.426	51.7533	69.84
171	13.3341	51.6115	28.19
172	11.9675	51.4916	201.94
173	11.9725	51.4727	305.39
174	11.9972	51.4811	170.93
175	11.9699	51.5001	171.45
176	12.0447	51.4709	105.01
177	11.9809	51.5215	70.17
178	11.8985	51.5099	74.81
179	11.9324	51.4862	233.22
180	11.9332	51.4677	111.25
181	11.8937	51.4804	197.38
182	11.9437	51.4531	372.55
183	11.997	51.4544	218.45
184	11.9901	51.4256	401.25
185	11.834	51.4718	215.12
186	12.1031	51.4291	145.78
187	12.1025	51.5258	169.48
188	11.9546	51.6009	150.25
189	11.7991	51.569	93.3
190	11.9706	51.3466	413.86
191	12.1091	51.3043	167.06
192	12.0158	51.3094	88.48
193	11.897	51.2902	111.3
194	11.8798	51.381	81.91
195	11.7913	51.3042	70.91
196	12.1106	51.3589	59.07
197	11.7711	51.3699	30.22
198	11.9861	51.3957	33.68
199	11.939	51.3153	16.58
200	11.6081	51.3458	223.96
201	11.6268	51.4337	41.38
202	11.5964	51.5088	333.93
203	11.4816	51.5764	97.45
204	11.6716	51.4739	81.56
205	11.7621	51.4609	17.94
206	11.47	51.6735	260.22
207	11.6639	51.6246	62.53
208	12.0088	51.7554	276.73
209	12.0668	51.6989	202.33
210	12.0541	51.8412	97.9
211	12.0794	51.7753	80.25
212	11.9228	51.6847	58.56
213	11.7528	51.8002	335.51
214	11.8301	51.771	110.94
215	11.79	51.6743	92.5
216	11.6678	51.7088	80.85
217	11.7767	51.8396	75.47
218	11.4671	51.8127	362.26
219	11.5486	51.6976	48.55
220	11.8226	51.138	373.76
221	11.689	51.1249	77.86
222	11.7721	51.2286	82.19
223	11.6674	51.2287	44.55
224	11.6414	51.2776	26.32
225	11.5219	51.2659	70.69
226	11.5342	51.1916	70.25
227	11.5344	51.1371	37.94
228	11.9411	51.1844	470.44
229	12.1097	51.1673	148.94
230	12.0306	51.129	90.07
231	12.1034	51.2365	81.45
232	12.0274	51.2602	38.78
233	12.1336	51.04	437.99
234	11.9497	51.0752	32.77
235	12.0161	51.0257	42.54
236	12.2445	50.9926	31.6
237	12.1981	51.1192	23.09
238	12.115	51.1023	39.41
239	12.2265	51.068	55.25
240	12.3254	51.6328	187.97
241	12.2386	51.6711	382.01
242	12.4842	51.7482	171.72
243	12.5248	51.6445	81.88
244	12.2624	51.7356	74.43
245	12.1387	51.6327	90.71
246	12.4311	51.8045	55.35
247	12.4123	51.8438	52.36
248	12.3855	51.7343	55.31
249	12.2545	51.6306	71.37
250	12.2275	51.5977	40.66
251	12.2096	51.5596	30.07
252	12.337	51.6824	44.48
253	12.2945	51.6505	32.55
254	12.3831	51.6794	30.67
255	12.3412	51.6004	35.57
256	12.2822	51.5814	34.27
257	12.3187	51.785	215.77
258	12.2793	51.8506	235.14
259	12.1905	51.8475	131.44
260	12.1825	51.7982	139.15
261	12.2611	51.8002	144.73
262	12.6206	51.8733	447.23
263	12.7775	51.8771	95.15
264	12.6995	51.7604	62.34
265	12.7205	51.6988	54.21
266	12.7749	51.7237	37.29
267	12.9517	51.8078	102.27
268	12.8792	51.8761	54.85
269	12.9155	51.6925	41.63
270	13.0821	51.709	51.45
271	13.1405	51.8004	26.69
272	11.5078	50.5844	76.96
273	11.5263	50.4502	38.32
274	11.6089	50.4914	102.01
275	11.6574	50.4178	51.36
276	11.6625	50.526	52.91
277	11.6101	50.6797	210.1
278	11.5212	50.6626	28.5
279	11.6823	50.6571	49.93
280	11.3639	50.753	392.43
281	12.0877	50.8802	241.52
282	12.1022	50.8879	165.68
283	12.0431	50.8771	179.91
284	12.0606	50.8397	215.03
285	12.1152	50.8384	188.1
286	12.068	50.9172	134.13
287	12.1189	50.8996	79.21
288	12.018	50.824	39.65
289	12.0037	50.8927	33.23
290	12.0395	50.7756	156.4
291	12.216	50.8473	124.59
292	11.9609	50.9114	58.61
293	11.9395	50.8294	62.76
294	11.8792	50.9696	126.08
295	11.9329	50.9827	68.74
296	11.7865	50.9558	50.88
297	11.8285	51.0149	34.24
298	11.868	50.8735	118.99
299	11.881	50.9232	64.86
300	11.7673	50.8507	172.1
301	11.5877	50.9518	246.14
302	11.555	50.9067	237.71
303	11.6128	50.89	340.33
304	11.6147	50.9272	136.39
305	11.6474	50.9115	90.16
306	11.5517	50.804	145.52
307	11.7262	51.0437	46.81
308	11.653	51.0026	52.58
309	11.7224	50.7166	117.32
310	11.8461	50.7337	76.92
311	11.8112	50.6046	126.86
312	11.9024	50.5372	25.87
313	11.8488	50.4912	44.5
314	11.7125	50.6054	26.06
315	11.8658	50.4389	30.34
316	11.8121	50.4203	26.74
317	11.7516	50.4999	18.13
318	11.9913	50.6351	168.6
319	12.0037	50.6963	61.99
320	12.0201	50.5913	51.9
321	11.9054	50.7064	38.17
322	12.0995	50.6688	22.92
323	12.0564	50.7112	19.5
324	12.2	50.6551	277.17
325	12.1454	50.7425	72.65
326	12.1534	50.6052	64.15
327	12.2711	50.6778	35.68
328	12.2298	50.7277	23.07
329	12.4824	50.7071	142.2
330	12.4699	50.7434	140.67
331	12.4484	50.7265	171.17
332	12.4706	50.6959	185.33
333	12.4769	50.6694	68.53
334	12.5328	50.7271	278.52
335	12.5224	50.6041	122.61
336	12.5121	50.6688	106.36
337	12.4167	50.6825	48.06
338	12.6722	50.671	53.3
339	12.5721	50.6573	36.12
340	12.4942	50.6753	25.42
341	12.4887	50.7738	31.54
342	12.5845	50.7426	45.89
343	12.6109	50.6545	57.14
344	12.5349	50.7741	49.49
345	12.5631	50.7	45.62
346	12.4564	50.6416	44.41
347	12.6109	50.7154	40.7
348	12.5053	50.5723	23.99
349	12.5489	50.681	44.16
350	12.4126	50.4931	233.15
351	12.3493	50.4438	133.12
352	12.4255	50.5419	82.41
353	12.3086	50.5397	95.12
354	12.3912	50.481	33.27
355	12.4872	50.5422	33.31
356	12.2944	50.4807	25.47
357	12.4722	50.3835	104.71
358	12.3447	50.3044	79.44
359	12.3292	50.3894	39.51
360	12.5094	50.4338	28.67
361	12.3911	50.3141	17.45
362	12.4119	50.3606	16.18
363	12.4217	50.4335	17.52
364	12.6921	50.5846	199.33
365	12.6205	50.5934	182.81
366	12.7472	50.6271	117.6
367	12.8243	50.6355	107.28
368	12.6625	50.615	62.27
369	12.5222	50.497	57.86
370	12.5997	50.476	58.75
371	12.7242	50.5539	52.55
372	12.762	50.5843	48.47
373	12.5877	50.5449	19.54
374	12.65	50.5525	61.45
375	12.6802	50.5346	28.24
376	12.5573	50.4447	12.58
377	12.6674	50.4915	23.11
378	12.5281	50.5381	24.15
379	12.7589	50.5345	235.5
380	12.6997	50.4467	78.91
381	12.8485	50.511	89.66
382	12.8386	50.4645	19.37
383	12.8128	50.5814	31.82
384	12.7581	50.4778	38.82
385	12.5556	50.8122	238.46
386	12.5617	50.861	61.23
387	12.4735	50.8445	216.34
388	12.5818	50.8813	61.65
389	12.6784	50.9019	18.63
390	12.3487	50.7293	216.73
391	12.3548	50.6929	59.46
392	12.2903	50.7613	40.94
393	12.4048	50.7124	31.53
394	12.3723	50.7616	27.02
395	12.3478	50.821	231.64
396	12.3834	50.7869	44.86
397	12.3421	50.6235	266.37
398	12.3687	50.5865	87.24
399	12.2467	50.6003	72.07
400	12.3557	50.6572	33.86
401	12.2612	50.6197	34.16
402	12.1191	50.5002	176.16
403	12.1178	50.5244	183.06
404	12.0963	50.4852	171.88
405	12.1717	50.5012	168.02
406	11.9971	50.4379	63.03
407	11.9998	50.5331	29.76
408	12.2353	50.5019	42.51
409	12.1966	50.5546	28.73
410	12.1372	50.5519	24.51
411	12.0816	50.555	18.72
412	12.1264	50.3965	186.67
413	12.2057	50.3612	95.99
414	12.2475	50.2839	35.24
415	12.2992	50.222	23.96
416	12.9266	50.8366	33.68
417	12.9073	50.8331	72.17
418	12.9133	50.85	48.11
419	12.9206	50.8717	86.6
420	12.8742	50.8225	240.57
421	12.8322	50.8235	294.22
422	12.8974	50.8157	127.16
423	12.9086	50.813	145.32
424	12.8923	50.7993	90.81
425	12.9639	50.7698	161.55
426	12.9428	50.7891	149.43
427	12.9425	50.8149	112.05
428	12.9794	50.8138	537.44
429	13.0204	50.8126	27.23
430	12.9556	50.8384	235.6
431	12.9655	50.8641	157.09
432	12.7375	50.863	218.8
433	12.8059	50.9173	127.51
434	12.8638	50.7706	73.79
435	12.7763	50.8189	85.02
436	12.863	50.8879	45.93
437	12.797	50.8855	47.91
438	12.9184	50.7277	39.56
439	12.8795	50.9387	36.26
440	12.9183	50.9114	32.72
441	12.9604	50.7432	16.17
442	12.7644	50.9025	23.6
443	12.7363	50.8879	25.83
444	12.9959	50.9108	27.69
445	12.7666	50.8386	22.06
446	12.8308	50.863	52.06
447	12.8604	50.9143	28.29
448	12.8502	51.0277	215.63
449	12.7486	50.9352	93
450	12.9121	51.0756	72.23
451	12.755	50.966	57
452	12.7161	50.8174	232.62
453	12.6366	50.7519	144.06
454	12.7352	50.7892	74.47
455	12.7058	50.7622	48.6
456	12.6456	50.8009	38.74
457	12.7491	50.8133	24.54
458	12.7689	50.6989	153.6
459	12.6936	50.7218	104.15
460	12.8332	50.686	99.52
461	12.7547	50.7619	103.15
462	12.8251	50.7538	60.76
463	12.8799	50.7189	40.55
464	12.9122	50.6884	31.98
465	12.6731	50.7446	40.33
466	12.8838	50.674	17.48
467	12.7289	50.7059	30.93
468	12.7605	50.729	32.23
469	13.0585	50.7623	133.56
470	12.9506	50.6784	61.9
471	12.9517	50.7128	53.52
472	12.9539	50.6488	57.27
473	13.0756	50.6533	47.82
474	13.0114	50.6811	41.75
475	13.0838	50.7001	27.25
476	13.1088	50.7384	23.87
477	13.0457	50.7069	19.59
478	13.125	50.7429	32.11
479	13.0129	50.7496	42.96
480	13.0383	50.5783	277.03
481	12.9749	50.4996	79.1
482	12.9223	50.6122	66.19
483	13.0501	50.5177	54.66
484	12.9315	50.5039	50.29
485	13.13	50.5484	49.39
486	12.88	50.5739	51.5
487	12.9432	50.4359	33.81
488	12.9446	50.5713	27.89
489	13.0068	50.6198	39.37
490	13.2225	50.6027	166.57
491	13.2872	50.7198	66.46
492	13.18	50.7175	42.26
493	13.258	50.661	33.88
494	13.1184	50.6207	37.63
495	13.344	50.6556	162.96
496	13.4901	50.68	35.45
497	13.4624	50.6337	42.19
498	13.0828	50.8723	122.5
499	13.1763	50.8722	122.31
500	13.1299	50.806	102.68
501	13.2563	50.7992	50.68
502	13.0213	50.8701	51.27
503	13.1885	50.7656	31.45
504	13.3391	50.9178	465.03
505	13.3993	50.8709	71.99
506	13.2739	50.969	58.49
507	13.3096	50.8143	130.29
508	13.4152	50.751	74.76
509	13.5515	50.7778	62.62
510	13.4478	50.8936	63.95
511	13.3875	51.0181	27.09
512	13.3737	50.9624	37.51
513	13.2913	51.0131	30.13
514	13.2747	50.8313	26.72
515	13.3999	50.8317	31.68
516	12.9957	50.9884	264.62
517	13.1335	50.9894	189.46
518	13.0798	50.9197	181.72
519	13.082	51.9704	301.12
520	13.6731	51.828	155.24
521	13.4281	51.8973	58.97
522	11.5769	51.8409	240.11
523	11.6101	51.7922	59.83
524	11.6331	51.89	51.75
525	11.5241	51.8471	40.08
526	12.1546	49.8177	59.2
527	12.044	49.8396	54.22
528	12.0972	49.8518	15.19
529	12.1461	49.8556	12.65
530	11.9405	50.3251	224.3
531	11.8662	50.3212	146.64
532	11.9028	50.2911	143.49
533	12.1229	50.1595	187.46
534	12.0645	50.2435	103.56
535	11.687	50.3303	87.47
536	11.9435	50.2063	82.3
537	11.6119	50.307	56.51
538	11.6429	50.356	36.89
539	11.9283	50.2583	59.3
540	11.758	50.3235	50.04
541	11.9545	50.1572	44.04
542	11.8813	50.1117	37.66
543	12.0124	50.1251	39.48
544	12.0717	50.1917	39.9
545	11.8408	50.258	36.46
546	11.587	50.3547	34.08
547	11.7817	50.3807	27.58
548	11.9642	50.2893	39.13
549	11.9104	50.383	44.33
550	11.9956	50.3269	11.92
551	12.0796	50.099	11.91
552	11.7243	50.3794	12.23
553	11.8397	50.3576	39.23
554	11.8064	50.2937	14.29
555	11.6719	50.3797	11.88
556	12.0483	50.2995	27.08
557	11.9926	50.086	26.26
558	11.7334	50.2754	23.05
559	12.1075	50.1205	13.61
560	11.757	50.1954	119.18
561	11.704	50.2428	100.41
562	11.8525	50.1555	19.23
563	11.7042	50.1535	27.24
564	11.8697	50.1829	14.15
565	11.798	50.1379	22.69
566	11.5912	50.106	51.82
567	11.5186	50.1858	36.31
568	11.6405	50.1731	35.18
569	11.5467	50.2315	22.33
570	11.6142	50.2057	13.83
571	11.5722	50.1667	5.62
572	11.5878	50.149	11.91
573	11.5637	50.1282	9.96
574	11.5306	50.0739	17.11
575	11.5163	50.1389	20.5
576	11.5783	49.9458	117.81
577	11.5492	49.9581	217.91
578	11.558	49.9179	175.41
579	11.6235	49.9325	225.95
580	11.6688	50.057	51.62
581	11.5991	50.0006	66.49
582	11.7709	49.9941	80.15
583	11.7878	49.8697	60.04
584	11.6178	49.8558	67.72
585	11.9328	49.8505	53.62
586	11.745	50.0919	49.2
587	11.7951	49.995	25.56
588	11.4544	49.8443	22.66
589	11.7967	50.0549	21.35
590	11.5443	49.9005	11.3
591	11.6856	50.0012	35.73
592	11.5736	50.0357	10.23
593	11.5268	49.9831	38.31
594	11.6117	50.062	33.84
595	11.8526	49.9264	19.12
596	11.9032	49.8257	13.63
597	11.9211	49.915	23.92
598	11.6515	50.0992	17.11
599	11.5107	50.0283	37.39
600	11.8112	49.8229	13.25
601	11.689	49.8955	23.3
602	12.1086	50.0141	187.63
603	12.0134	50.0346	106.46
604	12.35	49.8901	97.67
605	12.3293	50.0206	78.81
606	12.1852	50.0397	65.95
607	12.2756	49.9379	85.06
608	12.4185	49.8077	36.48
609	12.1964	49.9066	48.13
610	12.0563	49.9467	46.29
611	12.0339	50.0165	13.5
612	11.9018	49.9595	12.6
613	11.9394	49.9534	15.09
614	12.2278	49.8503	9.87
615	11.8564	50.0064	22.63
616	12.1021	49.8908	14
617	12.1333	49.9211	19.58
618	12.1947	50.0996	16.34
619	12.2334	50.0062	19.94
620	11.8714	49.9807	14.44
621	12.4727	49.8881	20.14
622	11.9341	49.984	20.47
623	12.4195	49.9679	15.66
624	11.9694	49.9415	21.67
625	12.1704	49.9736	15.7
626	12.2859	49.8069	36.45
627	12.0105	49.9176	19.48
628	12.2489	50.0667	16.42
629	12.1338	50.0724	22.74
630	11.8844	50.0511	26.54
631	11.5047	50.2829	33.4
632	11.5496	50.3644	21.53
633	11.538	51.0368	375.21
634	11.6007	51.0874	67.55
end {BasicAreas}
