begin {Parameters}
Number of BasicAreas
396
Basic Area Type
Point
Metric
geodecimal
end {Parameters}

#Parameter ExtId	XPos	YPos	Activity
begin {BasicAreas}
0	10.9272	53.547	58
1	10.7576	53.4199	167.04
2	10.9496	53.4123	25.64
3	10.9686	53.2714	81.34
4	10.0409	53.5262	107.45
5	10.2367	53.4862	171.03
6	10.1886	53.5087	350.9
7	10.145	53.5073	117.14
8	10.1519	53.4969	143.32
9	10.1505	53.4539	125.3
10	10.2626	53.4554	157.36
11	9.9732	53.461	247.02
12	9.936	53.4624	240.05
13	9.949	53.4363	279.32
14	10.0152	53.4611	224.07
15	9.9785	53.5029	153.69
16	10.0341	53.49	236.99
17	9.8577	53.5258	174.26
18	9.8559	53.4874	187.35
19	9.8582	53.4554	218.8
20	10.0443	53.4307	181.12
21	9.9709	53.3948	93.68
22	10.0481	53.3676	120.84
23	9.8842	53.3994	127.02
24	9.9748	53.336	26.75
25	9.9846	53.3518	1.99
26	9.8532	53.3141	352.64
27	9.7254	53.2831	172.31
28	9.8401	53.2468	22.98
29	9.6355	53.3065	19.29
30	9.7234	53.2281	13.55
31	9.7907	53.2338	11.88
32	9.928	53.3095	66.73
33	9.979	53.2638	61.82
34	10.0502	53.1822	23.15
35	9.9245	53.2125	8.1
36	9.7485	53.3695	63.52
37	10.3767	53.2249	177.41
38	10.4598	53.2416	259.81
39	10.3886	53.2614	226.18
40	10.7408	53.2964	93.64
41	10.3706	53.3289	80.05
42	10.2995	53.2843	6.48
43	10.3342	53.286	22.26
44	10.4594	53.2862	96.68
45	10.7106	53.1897	43.6
46	10.8361	53.1724	14.05
47	10.8267	53.2063	6.17
48	10.1415	53.2217	70.08
49	10.5478	53.3042	63.01
50	10.4836	53.3685	14.48
51	10.4544	53.3384	23.39
52	10.1648	53.1206	52.08
53	10.3085	53.1341	10.34
54	10.1317	53.1492	13.48
55	10.318	53.2634	67.94
56	10.2755	53.2407	46.93
57	10.4184	53.3847	38.57
58	10.5516	53.2096	26.95
59	10.6237	53.2767	23.17
60	10.5658	53.241	13.04
61	10.6465	53.2186	12.2
62	10.4722	53.2098	14.18
63	10.3916	53.1582	35.56
64	10.4419	53.1937	32.67
65	10.3217	53.1819	23.62
66	10.2147	53.3628	341.39
67	10.1136	53.3864	105.74
68	10.3588	53.3951	31
69	10.0599	53.3047	15.97
70	10.0158	53.3092	11.16
71	10.1691	53.2859	13.1
72	10.1037	53.2801	20.83
73	10.2215	53.2712	9.53
74	10.1337	53.3009	14.13
75	10.3318	53.3446	17.4
76	10.2701	53.3107	16.87
77	10.263	53.5328	332.79
78	10.5137	53.3873	128.54
79	10.5398	53.4314	39.56
80	10.5148	53.5468	178.52
81	10.3894	53.4446	300.38
82	10.6686	53.5062	99.25
83	10.5491	53.4898	16.89
84	10.3689	53.5312	83.85
85	10.5752	53.352	31.49
86	10.4249	53.4971	4.87
87	10.373	53.476	4.36
88	10.4643	53.4703	5.99
89	10.3277	53.481	7.92
90	9.6901	53.4635	365.31
91	9.7938	53.4384	193.69
92	9.6956	53.5389	115.66
93	9.5788	53.502	90.97
94	9.5958	53.4498	29.15
95	9.622	53.418	22.89
96	9.5648	53.3881	20.72
97	9.6102	53.3498	6.95
98	9.7059	53.402	15.27
99	9.6488	53.3779	9.5
100	9.463	53.4535	138.61
101	9.4357	53.4	47.92
102	9.4253	53.5291	75.06
103	10.1038	53.5201	132.04
104	9.3645	52.9267	101.58
105	9.2705	52.84	95.7
106	9.4033	52.7763	39.16
107	9.3716	53.1248	215.47
108	9.2563	53.1152	133
109	9.5569	52.9943	107.13
110	9.5032	53.1819	119.81
111	9.4812	53.0552	78.71
112	9.6019	53.1996	71.29
113	9.2582	53.2835	233.61
114	9.5045	53.3131	104.3
115	9.2199	53.4031	62.9
116	9.3165	53.4955	47.57
117	10.0826	52.6181	153.21
118	10.0943	52.6394	177.87
119	10.0217	52.6094	159.59
120	10.1204	52.5906	134.62
121	10.1031	52.6821	104.33
122	9.9919	52.808	148.4
123	9.8841	52.6986	120.26
124	9.9438	52.6259	92.06
125	10.0924	52.8201	83.9
126	9.8116	52.6434	79.66
127	10.1689	52.8851	69.84
128	10.2578	52.6247	53.28
129	10.096	52.5393	61.6
130	10.1411	52.528	61.37
131	10.2112	52.5798	40.17
132	10.2762	52.8314	44.96
133	10.2851	52.757	46.5
134	10.3421	52.6742	22.47
135	10.0306	52.5635	23.36
136	10.2992	52.6073	13.89
137	10.2523	52.6546	10.8
138	10.2198	52.5167	17.26
139	10.1991	52.5466	31.17
140	10.2131	52.7056	8.02
141	10.2253	52.6799	10.04
142	10.3552	52.5929	18.22
143	10.3143	52.5463	22.85
144	10.4907	52.788	13.63
145	10.4208	52.7105	15.06
146	10.4371	52.5936	14.52
147	10.7763	52.702	96.57
148	10.6955	52.6558	27.4
149	10.5685	52.7202	68.98
150	10.6856	52.8488	40.15
151	10.5337	52.5882	46.88
152	10.4504	52.6487	19.44
153	10.666	52.8052	12.5
154	10.6415	52.6326	9.49
155	10.6149	52.6089	34.54
156	10.9458	52.8087	96.43
157	10.9949	53.1593	50.91
158	10.923	52.9576	24.99
159	10.8663	52.891	15.91
160	10.9466	52.8885	15.85
161	10.8874	53.1206	7.21
162	10.9782	53.0899	7.65
163	10.9148	53.2162	16
164	10.9546	53.0065	10.07
165	10.9089	53.0607	16.07
166	10.5799	52.9614	353.41
167	10.5766	53.0751	87.65
168	10.4826	53.1453	64.32
169	10.4132	52.8766	46.62
170	10.5938	52.9134	29.85
171	10.7712	52.9398	27.13
172	10.2478	53.0154	26.74
173	10.6788	52.9067	26.45
174	10.8043	53.0029	21.83
175	10.4084	53.0267	51.96
176	10.6261	53.1454	16.13
177	10.5249	53.0438	8.24
178	10.3134	52.9284	10.1
179	10.5733	53.0326	7.86
180	10.4169	52.9648	16.7
181	10.3644	53.0619	9.89
182	10.7228	53.1069	17.73
183	10.5308	53.1052	9.28
184	10.4529	53.0577	8.37
185	10.6936	53.0119	13.36
186	10.6689	52.9792	4.98
187	10.6548	53.0991	8.5
188	10.3981	52.9936	8.08
189	10.7783	52.8755	10.63
190	10.5327	52.8529	14.14
191	10.7927	53.0532	6.78
192	10.6902	53.0597	10.19
193	9.8484	53.0059	215.66
194	10.1004	52.9904	180.36
195	9.7802	53.1288	179.37
196	9.6959	53.0531	56.68
197	9.9904	53.1222	58.6
198	9.9706	52.9263	35
199	9.6473	52.841	246.58
200	9.7537	52.9028	116.74
201	9.6194	52.6834	114.48
202	9.5387	52.7572	69.57
203	9.6536	52.9227	70.4
204	9.7416	52.3772	108.86
205	9.7451	52.3838	267.78
206	9.7448	52.3994	247.34
207	9.7163	52.4014	253.54
208	9.7122	52.3857	155.26
209	9.7337	52.3664	91.72
210	9.7542	52.3659	204.4
211	9.7614	52.3576	210.23
212	9.771	52.3822	45.01
213	9.7689	52.3952	170.59
214	9.7432	52.4181	164.6
215	9.6632	52.4071	431.15
216	9.7144	52.365	167.96
217	9.7068	52.3752	149.22
218	9.6809	52.3732	227.93
219	9.6613	52.3633	224.32
220	9.6938	52.3321	139.83
221	9.722	52.3451	251.57
222	9.7764	52.3393	350.73
223	9.8036	52.3259	10.05
224	9.844	52.3308	102.61
225	9.8378	52.3581	214.57
226	9.8027	52.3823	174.15
227	9.8263	52.3879	187.36
228	9.8699	52.396	142.46
229	9.8063	52.4006	179.47
230	9.7803	52.4314	138.64
231	9.8394	52.419	160.27
232	9.6884	52.4589	10.05
233	9.5744	52.4166	236.77
234	9.5633	52.4612	137.81
235	9.6139	52.4444	258.78
236	9.7377	52.4328	177.26
237	9.7464	52.4479	154.99
238	9.7377	52.4682	159.42
239	9.8383	52.2943	379.05
240	9.4834	52.3324	347.43
241	9.7068	52.5658	273.41
242	9.854	52.4626	220.01
243	9.5767	52.3855	330.24
244	9.8885	52.5366	195.03
245	9.6573	52.3098	230.64
246	9.7263	52.301	172.94
247	9.5669	52.2622	133.28
248	9.7559	52.2343	128.83
249	9.583	52.326	147.07
250	9.6984	52.1173	96.46
251	9.6022	52.0566	110.29
252	9.7997	52.0966	56.59
253	9.8067	52.1163	11.15
254	9.8462	52.0892	14.25
255	9.6948	52.0704	29.42
256	9.9462	52.1451	217.63
257	9.9948	52.1643	217.79
258	9.9227	52.1699	242.79
259	9.9082	52.1288	219.98
260	9.9972	52.1289	151.08
261	9.8499	52.2334	178.2
262	10.0188	52.0715	144.62
263	9.775	52.1667	130.91
264	10.0776	52.1751	85.55
265	9.9996	52.2075	115.96
266	9.8936	52.1975	96.4
267	10.1933	52.1788	82.74
268	10.1344	52.0931	68.69
269	9.9686	52.2635	76.72
270	9.9319	52.0927	70.63
271	10.2801	52.3238	183.39
272	10.2162	52.3047	148.77
273	10.2035	52.3498	159.85
274	10.2582	52.4026	121.07
275	10.1918	52.2745	121.71
276	10.2207	52.2497	106.2
277	10.067	52.2838	96.9
278	10.0207	52.3754	428.88
279	10.0085	52.4757	304.05
280	10.1759	52.46	191.56
281	9.9639	52.3262	197.87
282	9.3894	52.4319	408.48
283	9.4477	52.5595	445.66
284	9.3757	52.3434	100.42
285	9.3233	52.3018	84.46
286	9.3999	52.365	14.74
287	9.3298	52.4321	41.15
288	9.3761	52.3783	47.43
289	9.3137	52.7208	17.12
290	9.2634	52.5734	21.24
291	9.374	52.6775	24.34
292	9.3215	52.5867	9.95
293	9.4701	52.6802	26.88
294	9.3414	52.6328	13.97
295	9.3653	52.1076	220.23
296	9.3503	52.1238	190.98
297	9.3883	52.0933	176.41
298	9.6082	52.1981	298.91
299	9.2695	52.1645	200.99
300	9.4207	52.2056	191.59
301	9.5187	52.1032	81.24
302	9.3773	52.2562	66
303	10.5225	52.2662	129.68
304	10.5336	52.2602	170.1
305	10.591	52.2766	177.27
306	10.5351	52.2824	258.05
307	10.5836	52.304	183.4
308	10.5516	52.3372	120.01
309	10.4756	52.3105	178.36
310	10.5068	52.2835	134.28
311	10.4581	52.2822	136.67
312	10.5001	52.2617	199.08
313	10.467	52.2512	247.71
314	10.4787	52.2306	139.57
315	10.522	52.2197	217.35
316	10.5673	52.2325	180.88
317	10.8099	52.2756	167.87
318	10.3733	52.2515	154.5
319	10.6754	52.2632	117.79
320	10.6874	52.3433	114.89
321	10.7694	52.128	106.62
322	10.6896	52.1949	101.05
323	10.3664	52.3276	90.44
324	10.4477	52.3489	63.17
325	10.3302	52.1603	390.3
326	10.2791	52.1467	137.13
327	10.3788	52.133	169.54
328	10.4368	52.1782	130.74
329	10.3862	52.0614	313.33
330	10.3089	52.2123	117.19
331	10.227	52.0897	29.33
332	10.214	52.1453	25.47
333	10.2819	52.087	19.09
334	10.5634	52.1537	160.1
335	10.5849	52.1911	188.98
336	10.4965	52.1588	190.6
337	10.5485	52.0866	71.46
338	10.6528	52.1143	19.21
339	10.6035	52.141	30.8
340	10.5949	52.1172	15.36
341	10.738	52.0713	5.41
342	10.689	52.0921	6.48
343	10.6456	52.1297	12.86
344	10.9967	52.2337	264.68
345	10.9674	52.1368	143.14
346	10.9546	52.305	50.41
347	10.9045	52.2256	29.52
348	10.8569	52.1983	6.44
349	10.8993	52.2575	7.26
350	10.9295	52.1821	9.24
351	10.8949	52.0794	13.44
352	10.8464	52.0706	4.54
353	10.8186	52.0757	8.28
354	10.8573	52.1106	4.71
355	10.9377	52.0807	7.19
356	10.9059	52.1409	7.89
357	10.7666	52.4282	296.71
358	10.7045	52.4188	220.9
359	10.7595	52.3782	275.83
360	10.8448	52.3763	144.67
361	10.816	52.4617	283.74
362	10.9471	52.412	44.11
363	10.9056	52.4412	20.14
364	10.937	52.4513	9.78
365	10.9039	52.3679	27.21
366	10.9213	52.5901	31.46
367	10.8475	52.5403	9.16
368	10.7697	52.5819	15.38
369	10.9326	52.5322	18.86
370	10.8836	52.4916	43.97
371	10.8196	52.5151	11.85
372	10.87	52.5843	13.89
373	10.7773	52.5386	10.39
374	10.7518	52.5069	17.52
375	10.7317	52.479	9.8
376	11.0035	52.6778	58.84
377	10.5252	52.5098	432.68
378	10.6394	52.5327	98.39
379	10.571	52.3769	73.04
380	10.4493	52.3915	15.45
381	10.3985	52.3845	12.44
382	10.5134	52.4104	18.1
383	10.5015	52.3757	30.71
384	10.3288	52.4804	78.41
385	10.3851	52.5135	54.07
386	10.4343	52.4464	40.47
387	10.3951	52.4208	24.19
388	10.6356	52.4257	48.08
389	10.5841	52.4421	60.53
390	10.4974	52.427	20.09
391	10.5947	52.4138	17.59
392	10.717	52.4633	25.1
393	10.6922	52.5068	7.51
394	10.6679	52.4751	18.85
395	10.5339	52.5538	10.74
end {BasicAreas}
