begin {Parameters}
Number of BasicAreas
904
Basic Area Type
Point
Metric
geodecimal
end {Parameters}

#Parameter ExtId	XPos	YPos	Activity
begin {BasicAreas}
0	8.3788	50.5024	114.18
1	8.3674	50.6228	92.36
2	8.3228	50.5529	59.14
3	8.2764	50.7451	90.27
4	8.296	50.785	38.62
5	8.2555	50.7733	17.44
6	8.2249	50.7209	16.76
7	8.2889	50.7217	34.4
8	8.3441	50.7508	13.08
9	8.3418	50.7766	15.01
10	8.2124	50.7715	202.98
11	8.3602	50.8152	107.96
12	8.2941	50.8489	65.36
13	8.2812	50.6765	213.34
14	8.2575	50.5934	74.74
15	8.1825	50.6377	52.88
16	8.3224	50.6472	65.96
17	8.1849	50.6821	49.66
18	8.2688	50.4852	135.37
19	8.3796	50.4232	92.67
20	8.2583	50.5447	45.28
21	8.1728	50.5597	60.3
22	8.2891	50.4368	48.36
23	8.192	50.5132	34.4
24	6.7911	51.2234	32.23
25	6.7898	51.2309	96.75
26	6.7833	51.2252	22.34
27	6.7727	51.226	51.16
28	6.7846	51.2159	165.3
29	6.7744	51.2149	71.06
30	6.7614	51.2153	136.2
31	6.7481	51.2069	83.45
32	6.7775	51.2014	225.67
33	6.7932	51.1973	101.47
34	6.8071	51.2157	224.7
35	6.8476	51.2	225.44
36	6.8316	51.2149	179.63
37	6.811	51.2233	168.43
38	6.8244	51.2355	170.53
39	6.8091	51.2393	147.74
40	6.805	51.2455	124.2
41	6.7727	51.2745	238.29
42	6.8084	51.2549	167.12
43	6.8284	51.2744	208.05
44	6.7267	51.2715	133.58
45	6.7841	51.2486	222.71
46	6.7852	51.2412	153.88
47	6.7811	51.2357	109.54
48	6.7654	51.3213	187.76
49	6.7513	51.2303	127.05
50	6.7422	51.2462	129.09
51	6.7178	51.2363	132.5
52	6.8207	51.1684	173.15
53	6.8249	51.1944	213.85
54	6.8728	51.1453	138.76
55	6.9029	51.1431	240.45
56	6.8746	51.1674	129.32
57	6.8762	51.1818	176.84
58	6.856	51.2352	254.77
59	6.88	51.2006	219.42
60	6.8822	51.2571	101.98
61	6.6882	51.2626	217.37
62	6.6777	51.3092	155.74
63	6.6331	51.2737	178.24
64	6.9339	51.2195	492.99
65	6.9168	51.1663	143.49
66	6.9445	51.1553	170.3
67	6.9516	51.1829	242.42
68	6.9525	51.11	582.49
69	6.8971	51.1	429.44
70	6.9841	51.2585	383.04
71	6.8464	51.296	218.57
72	6.8204	51.3001	240.63
73	6.9063	51.3007	169.47
74	6.9036	51.3283	92.88
75	6.8648	51.3456	182.62
76	6.5549	51.1865	334.49
77	6.5116	51.0972	226.62
78	6.7065	51.2038	231.36
79	6.6675	51.2185	353.15
80	6.6663	51.1911	141.64
81	6.6945	51.1658	198.25
82	6.7523	51.1675	161.81
83	6.7206	51.1535	188.19
84	6.7405	51.1354	85.32
85	6.6551	51.1616	131.36
86	6.6011	51.0866	263.41
87	6.6459	51.1198	224.99
88	6.5795	51.0589	156.17
89	6.8428	51.0997	165.2
90	6.7911	51.0794	188.7
91	6.8307	51.1385	116.22
92	6.749	51.1128	157.03
93	6.6172	51.2209	421.81
94	6.6937	51.0645	124.91
95	7.149	51.2577	70.2
96	7.1394	51.264	153.84
97	7.1564	51.2665	141.07
98	7.1495	51.2789	169.51
99	7.1382	51.2976	137.94
100	7.1027	51.277	110.66
101	7.1084	51.2577	155.74
102	7.1254	51.2442	165.26
103	7.1593	51.246	208.44
104	7.206	51.2753	121.34
105	7.2213	51.2837	249.72
106	7.2336	51.3026	149.3
107	7.1891	51.2881	152.53
108	7.1819	51.2741	207.03
109	7.1734	51.2599	124.36
110	7.2251	51.2472	123.54
111	7.2186	51.266	213.32
112	7.059	51.2448	174.24
113	7.0755	51.2256	192.06
114	7.1382	51.2032	240.04
115	7.1993	51.23	229.06
116	7.2526	51.2736	184.66
117	7.2807	51.2348	48.31
118	7.3654	51.2122	249.29
119	7.0397	51.2928	225.45
120	7.335	51.1509	160.12
121	7.0248	51.3417	310.02
122	7.0561	51.3474	216.13
123	7.1055	51.318	200.4
124	7.1225	51.3568	173.39
125	6.964	51.3285	289.41
126	7.1031	51.1813	287.48
127	7.0827	51.2025	203.72
128	7.0579	51.1678	178.4
129	7.0582	51.1472	206.87
130	7.1263	51.1463	148.5
131	6.988	51.1525	169.78
132	7.0214	51.1493	219.7
133	7.0417	51.1921	237.91
134	7.0062	51.2098	294.52
135	7.0696	51.111	267.35
136	7.1816	51.1866	152.57
137	7.1983	51.199	230.89
138	7.1621	51.1727	208.06
139	7.204	51.1681	208.53
140	7.2729	51.1792	247.04
141	7.2355	51.2077	149.42
142	7.2197	51.1148	371.78
143	7.4737	51.5151	155.51
144	7.448	51.51	233.68
145	7.46	51.4992	209.47
146	7.4984	51.5053	215.75
147	7.5134	51.5204	245.92
148	7.4834	51.5374	224.86
149	7.4423	51.5288	219.06
150	7.415	51.5016	249.36
151	7.4494	51.4807	257.76
152	7.4333	51.4669	137.64
153	7.4601	51.4641	182.14
154	7.4972	51.4903	249.3
155	7.4927	51.4509	132.73
156	7.523	51.4579	161.01
157	7.5209	51.4907	219.95
158	7.5566	51.4915	232.31
159	7.5909	51.4881	131.96
160	7.5534	51.5299	252.73
161	7.6009	51.5394	328.35
162	7.5372	51.5479	231.01
163	7.5419	51.5685	182.55
164	7.462	51.5678	331.43
165	7.3698	51.5549	191.13
166	7.3864	51.573	194.33
167	7.4022	51.5376	243.2
168	7.3758	51.5179	199.71
169	7.3333	51.5052	304.51
170	7.5403	51.6047	348.69
171	7.5084	51.6327	293.16
172	7.4677	51.6048	273.05
173	7.3047	51.5498	220.37
174	7.3309	51.551	183.36
175	7.2823	51.5777	176.96
176	7.3254	51.603	211.99
177	7.221	51.5408	246.28
178	7.2153	51.5303	280.4
179	7.2648	51.5352	180.08
180	7.2466	51.5605	217.85
181	7.2093	51.5516	107.12
182	7.1492	51.5343	244.81
183	7.1631	51.5153	247.69
184	7.173	51.5295	120.02
185	7.1609	51.5463	122.83
186	7.2206	51.4838	79.32
187	7.2161	51.4696	222.96
188	7.2505	51.4915	205.03
189	7.1827	51.4883	214.16
190	7.197	51.4543	285.49
191	7.2285	51.4277	149.67
192	7.2353	51.4558	148.76
193	7.2635	51.4484	118.72
194	7.2624	51.4718	245.18
195	7.2789	51.5149	304.17
196	7.2257	51.5099	186.47
197	7.1985	51.5029	194.38
198	7.1387	51.4909	392.96
199	7.1419	51.47	112.94
200	7.1526	51.4544	290.6
201	7.158	51.4299	275.62
202	7.3185	51.4715	293.98
203	7.3108	51.4891	211.95
204	7.009	51.4588	65.93
205	7.0112	51.4484	124.86
206	7.0088	51.4395	191.15
207	7.0016	51.4313	126.55
208	6.9825	51.4069	143.92
209	7.0402	51.4188	136.44
210	7.0437	51.4382	191.57
211	7.041	51.4501	192.48
212	7.0401	51.461	149.17
213	7.0365	51.4785	225.59
214	6.9771	51.4622	215.88
215	6.9689	51.4549	162.98
216	6.9762	51.4486	203.94
217	6.9798	51.4414	261.42
218	6.9624	51.4186	195.25
219	6.9443	51.3701	190.13
220	7.0113	51.3833	219.86
221	7.0813	51.3887	132.88
222	7.059	51.4064	136.44
223	7.0753	51.4499	194.23
224	7.076	51.4269	184.03
225	7.1112	51.4469	281.03
226	7.1122	51.4207	95.43
227	7.0855	51.4682	209.55
228	7.0719	51.4795	165.88
229	7.0042	51.4869	240.92
230	7.0469	51.5008	233.98
231	7.0111	51.5125	211.3
232	6.9492	51.476	298.16
233	6.9678	51.491	163.83
234	6.921	51.4864	199.11
235	6.927	51.4685	288.03
236	6.8877	51.4289	233.9
237	6.9142	51.4092	184.27
238	6.9346	51.4383	218.32
239	6.8935	51.4438	188.61
240	6.895	51.4613	213.34
241	6.8502	51.4505	157.38
242	6.8353	51.4348	192.52
243	6.8442	51.4107	165.84
244	6.8642	51.387	190.95
245	7.1837	51.3977	213.19
246	7.2187	51.3778	178.37
247	7.1575	51.3698	192.91
248	7.2432	51.3423	260.75
249	7.1914	51.6204	238.46
250	7.1674	51.6159	188.33
251	7.1915	51.5699	232.12
252	7.2347	51.5786	227.23
253	7.2481	51.6108	369.42
254	7.145	51.5852	352.96
255	7.1125	51.6126	327.41
256	7.3282	51.6685	373.79
257	7.1819	51.76	363.7
258	7.3914	51.6259	306
259	7.2417	51.6648	308.49
260	7.0621	51.6582	293.28
261	7.1761	51.6663	339.28
262	7.1123	51.6885	304.15
263	7.0933	51.5072	143.89
264	7.0735	51.5287	279.37
265	7.0542	51.5141	190.56
266	7.0828	51.4939	151.64
267	7.1195	51.4993	205.42
268	7.1198	51.5167	254.37
269	7.1099	51.5385	157.24
270	7.0808	51.5596	308.49
271	7.1092	51.5723	179.14
272	7.0557	51.5818	223.8
273	7.031	51.6057	263.57
274	7.0514	51.5573	215.17
275	7.0279	51.5396	268.18
276	6.976	51.5675	234.91
277	6.9661	51.5921	288.57
278	7.0062	51.5548	260.09
279	6.8613	51.4717	314.37
280	6.8805	51.4817	312.44
281	6.8359	51.474	346.54
282	6.8937	51.5027	217.36
283	6.8832	51.524	199.97
284	6.8568	51.534	261.34
285	6.8222	51.546	270.88
286	6.8366	51.5138	301.65
287	6.924	51.5265	239.5
288	6.9658	51.5234	286.46
289	6.9394	51.5474	255.97
290	6.9093	51.5308	241.86
291	6.9087	51.6025	189.26
292	6.967	51.6484	239.44
293	6.9769	51.6847	292.79
294	6.9963	51.7471	277.54
295	6.6124	51.6668	254.26
296	6.6581	51.6655	187.17
297	6.5419	51.6699	177.39
298	6.6272	51.7542	269.85
299	6.8191	51.6895	133.97
300	6.4874	51.5937	125.19
301	6.7218	51.5573	227.33
302	6.7356	51.579	241.44
303	6.8043	51.5714	237.06
304	6.6529	51.6013	386.4
305	6.7685	51.6503	135.74
306	6.7646	51.4328	131.14
307	6.7507	51.4215	256.37
308	6.773	51.4024	220.63
309	6.7956	51.4175	324.56
310	6.7965	51.4454	179.55
311	6.7452	51.4403	97.07
312	6.7353	51.4595	120.68
313	6.769	51.4738	337.69
314	6.7825	51.4686	174.31
315	6.7192	51.4837	155.32
316	6.755	51.4937	247.26
317	6.7947	51.5038	308.07
318	6.7535	51.516	300.38
319	6.7127	51.5457	207.49
320	6.7367	51.5258	228.74
321	6.6961	51.4524	341.77
322	6.6754	51.4933	52.07
323	6.7201	51.4076	217.17
324	6.7002	51.4193	263.23
325	6.7067	51.391	127.37
326	6.6581	51.4028	174.37
327	6.7565	51.3845	270.55
328	6.7117	51.3585	218.69
329	6.7924	51.3632	173.95
330	6.8004	51.3862	104.66
331	6.628	51.4516	339.93
332	6.6557	51.4678	254.07
333	6.6075	51.4937	269.84
334	6.6139	51.4195	204.57
335	6.5183	51.5211	402.04
336	6.6157	51.5647	307.08
337	6.548	51.4365	283
338	6.5575	51.3345	297.58
339	6.5765	51.3388	241.06
340	6.5998	51.3512	208.61
341	6.5815	51.3815	100.52
342	6.5478	51.3487	266.17
343	6.5209	51.3188	187.69
344	6.568	51.3196	131.59
345	6.5809	51.3037	264.68
346	6.6464	51.3305	305.76
347	6.6444	51.3685	278.95
348	6.5181	51.3719	152.38
349	6.5193	51.2625	486.47
350	7.715	51.8025	138.07
351	6.6224	50.9667	205.07
352	6.6724	50.939	184.29
353	6.7042	50.9774	230.07
354	6.7479	50.8813	246.35
355	6.6299	50.8849	198.56
356	6.6693	50.8637	180.83
357	6.5581	51.011	240.61
358	6.5708	50.9319	216.75
359	6.7917	50.9144	462.08
360	6.7803	51.004	520.35
361	6.893	50.8185	436.26
362	6.8519	50.8743	531.24
363	6.7678	50.7908	498.54
364	6.9819	50.8207	345.46
365	6.9575	50.9402	49.28
366	6.9657	50.9513	114.35
367	6.9506	50.951	154.49
368	6.9385	50.9435	81.63
369	6.937	50.9322	175.19
370	6.956	50.9318	176.06
371	6.9541	50.9234	129.27
372	6.966	50.9241	166.91
373	6.9834	50.937	168.16
374	6.9572	50.9643	304.75
375	6.9629	50.9904	308.41
376	6.9378	50.996	224.38
377	6.9261	50.9818	246.42
378	6.8736	51.0187	171.34
379	6.8865	51.0054	210.71
380	6.875	51.0473	288.29
381	6.9294	50.9525	256.53
382	6.9109	50.9561	251.04
383	6.8968	50.9698	206.76
384	6.8696	50.9734	205.99
385	6.858	50.9251	183.85
386	6.8297	50.9546	211.09
387	6.9236	50.9336	150.64
388	6.8824	50.9438	192.23
389	6.8983	50.9242	185.01
390	6.9099	50.9132	220.43
391	6.9277	50.9107	204.16
392	6.9682	50.9034	254.51
393	6.9402	50.9083	195.21
394	6.9929	50.8846	151.8
395	6.9578	50.8665	162.87
396	7.0231	50.8724	169.41
397	7.0109	51.0002	346.34
398	7.0064	50.9691	273.85
399	7.014	50.9564	243.53
400	7.0438	50.9663	251.14
401	7.0589	50.9877	305.52
402	7.0176	50.9417	309.08
403	6.9984	50.918	263.36
404	7.079	50.9232	279.73
405	7.0939	50.9454	294.74
406	7.0326	50.8669	195.79
407	7.0815	50.8846	252.87
408	7.1085	50.8747	226.78
409	7.0515	50.9068	211.86
410	6.9445	51.0611	288.23
411	6.9808	51.0382	287.29
412	7.0635	51.0353	240.58
413	7.0247	51.0433	272.63
414	7.0035	51.074	235.37
415	7.0443	51.0725	288.71
416	7.115	51.0932	190.86
417	7.1269	50.9459	239.05
418	7.1942	50.97	233.44
419	7.1575	50.9965	130.42
420	7.1467	51.0138	183.29
421	7.1104	50.9877	274.07
422	7.298	50.949	259.69
423	7.1929	50.9063	252.51
424	7.2629	51.0388	194.43
425	7.1523	51.0441	145.7
426	7.6016	50.8754	190.21
427	7.5744	50.7916	204.97
428	7.6909	50.957	191.49
429	7.5406	50.8974	165.84
430	7.7058	50.8708	113.33
431	7.793	50.8909	17.63
432	7.5473	51.028	164.13
433	7.5691	51.0047	198.21
434	7.5759	51.0499	167.55
435	7.5216	50.9637	260.29
436	7.3885	51.1182	228.06
437	7.676	51.0322	207.69
438	7.536	51.0787	132.14
439	7.4228	50.9879	205.68
440	7.36	51.0252	218.45
441	6.4907	50.6765	102.58
442	6.6211	50.8024	113.18
443	6.6124	50.741	81.35
444	6.4847	50.6319	45.41
445	6.5618	50.8475	94.9
446	7.1017	50.7409	189.97
447	7.1237	50.7215	126.58
448	7.0937	50.7234	171.48
449	7.0763	50.7574	193.69
450	7.0669	50.7482	193.69
451	7.0624	50.7323	157.83
452	7.0493	50.7161	250.35
453	7.0569	50.6732	130.42
454	7.0891	50.7017	142.97
455	7.1169	50.7104	174.47
456	7.1653	50.6903	147.2
457	7.134	50.7002	167.58
458	7.1322	50.6671	247.88
459	7.184	50.6658	145.31
460	7.1111	50.75	241
461	7.1649	50.7252	161.64
462	7.1711	50.7429	204.32
463	6.964	50.7618	433.96
464	7.0113	50.6161	254.3
465	7.119	50.6235	186.37
466	7.0026	50.7097	203.26
467	6.9526	50.6146	255.79
468	7.2144	50.6033	162.94
469	7.1577	50.4861	17.64
470	7.1288	50.5302	266.67
471	7.2202	50.5287	174.49
472	7.2635	50.5047	102.54
473	7.085	50.5752	108.7
474	6.9524	50.5314	42.02
475	7.0107	50.461	42.38
476	7.0403	50.5232	22.23
477	7.0195	50.5189	10.39
478	6.9431	50.3712	52.34
479	6.8933	50.3988	67.8
480	6.8178	50.4039	14.98
481	6.8604	50.3519	15.31
482	6.9119	50.3019	29.99
483	7.3003	50.5891	70.93
484	7.3943	50.5529	100.38
485	7.3368	50.5314	54.19
486	7.3398	50.6176	34.23
487	7.359	50.5944	38.98
488	7.4237	50.6704	107.05
489	7.2646	50.61	59.37
490	7.4197	50.6121	64.51
491	7.3546	50.6463	40.98
492	7.2728	50.6058	25.35
493	7.2828	50.6572	248.12
494	7.2366	50.6266	44.8
495	7.2723	50.7061	381.89
496	7.2425	50.8049	369.41
497	7.1893	50.7715	549.71
498	7.3352	50.7571	412.64
499	7.4587	50.7663	190.38
500	7.2496	50.8716	303.05
501	7.3892	50.8977	145.05
502	7.4343	50.8306	100.24
503	7.3407	50.8589	195.15
504	7.1657	50.8172	263.71
505	7.1574	50.8396	225.07
506	7.1149	50.7992	228.9
507	7.0433	50.8101	332.46
508	6.79	50.6563	270.52
509	6.8209	50.6324	259.66
510	6.6586	50.586	254.32
511	6.8109	50.5315	182
512	6.6735	50.6933	190.86
513	6.9271	50.6854	179.38
514	6.8396	50.7377	160.44
515	6.5606	50.514	114.08
516	6.4546	50.5578	139.41
517	6.4532	50.4176	87.26
518	6.6955	50.4044	86.13
519	6.6622	50.49	77.5
520	6.5101	50.3898	41.83
521	6.9059	49.9918	178.04
522	6.8317	49.949	146.07
523	6.7512	49.9968	21.86
524	6.8002	50.0942	26.67
525	6.725	50.0466	47.52
526	6.7992	50.0304	14.27
527	7.017	50.0285	50.22
528	6.8088	50.2044	87.5
529	6.8779	50.1861	98.38
530	6.922	50.1134	24.67
531	6.6498	50.2082	74.79
532	6.7491	50.1793	91.07
533	6.6206	50.1748	14.81
534	6.6674	50.2842	33.3
535	6.7073	50.3146	39.12
536	6.7575	50.3236	14.46
537	6.6224	50.3468	30.04
538	6.6027	50.365	5.53
539	6.567	50.3318	3.56
540	6.624	50.318	15.71
541	6.515	50.3342	17.31
542	6.4471	50.2108	109.25
543	6.5669	50.208	6.39
544	6.4127	49.9778	132.81
545	6.5995	50.0651	36.81
546	6.625	50.0067	22.75
547	8.2282	50.0228	133.02
548	8.3086	50.0132	151.63
549	8.2845	50.0229	83.92
550	8.1756	50.0199	85.12
551	8.1216	50.0031	65.66
552	7.7953	49.9974	66.72
553	7.7259	50.051	24.24
554	7.6992	50.0848	44.94
555	7.6544	50.1065	13.85
556	7.5564	50.0059	121.54
557	7.4697	50.0044	44.65
558	7.2531	49.8871	40.21
559	7.6571	50.0099	60.19
560	7.5953	50.3523	160.34
561	7.5708	50.3865	196.57
562	7.5294	50.3519	186.67
563	7.5566	50.3383	137.41
564	7.5598	50.3181	140.57
565	7.6327	50.3407	123.93
566	7.6491	50.3618	144.1
567	7.6706	50.2993	187.73
568	7.7222	50.338	104.2
569	7.7598	50.3362	41.86
570	7.69	50.338	13.1
571	7.563	50.2095	163.72
572	7.5981	50.4352	167.9
573	7.6266	50.4066	105.75
574	7.6375	50.3802	26.97
575	7.6204	50.4197	21.84
576	7.6824	50.4392	100.75
577	7.7048	50.4143	26.27
578	7.6851	50.458	14.66
579	7.5025	50.3902	102.84
580	7.4452	50.372	138.14
581	7.7283	50.4606	76
582	7.669	50.4803	66.67
583	7.75	50.5309	49.57
584	7.7908	50.5523	125.22
585	7.7469	50.5876	27.72
586	7.3065	50.1625	23.9
587	7.3597	50.1985	14.61
588	7.6473	50.5627	61.59
589	7.7151	50.5983	39.44
590	7.6376	50.5025	26.05
591	7.5849	50.1551	64.24
592	7.5022	50.1739	55.05
593	7.4605	50.0727	100.21
594	7.4078	50.1287	69.72
595	7.5817	50.0922	52.22
596	7.3551	50.2432	42.53
597	7.3815	50.3062	21.79
598	7.3829	50.3493	52.18
599	7.5931	50.6055	30.43
600	7.5785	50.5849	25.33
601	7.6264	50.5755	29.34
602	7.5649	50.5531	19.18
603	7.59	50.2736	33.58
604	7.6397	50.2578	21
605	7.5397	50.2749	30.16
606	7.6832	50.1464	31.97
607	7.4485	50.3125	30.84
608	7.4389	50.2606	111.74
609	7.5123	50.3222	25.67
610	7.7055	50.3865	20.87
611	7.7152	50.3784	73.81
612	7.6793	50.2646	34.47
613	7.7157	50.2554	23.77
614	7.6334	50.2241	24.13
615	7.6944	50.1687	20.87
616	7.7461	50.1627	48.87
617	7.7796	50.0952	11.05
618	7.8121	50.2116	60.41
619	7.8262	50.1971	142.7
620	7.9537	50.2732	41.28
621	7.938	50.3076	57.36
622	7.815	50.3103	59.82
623	7.8496	50.3186	82.29
624	7.8051	50.4228	125.55
625	7.9149	50.4446	183.04
626	7.9256	50.4803	126.4
627	7.8054	50.4653	51.7
628	7.8344	50.4769	48.06
629	7.7737	50.4876	27.48
630	7.7765	50.4492	28.03
631	7.9671	50.5696	65.98
632	7.9086	50.5671	138.27
633	7.9794	50.6203	32.33
634	7.9469	50.6505	59.71
635	7.9735	50.6539	64.98
636	8.0804	50.629	48.03
637	8.0323	50.6215	119.92
638	7.4665	50.4344	239.9
639	7.5259	50.4501	166.6
640	7.4605	50.4742	268.47
641	7.4545	50.417	74.39
642	7.5052	50.5156	45.13
643	7.4642	50.5154	44.07
644	7.5526	50.5078	32.68
645	7.5115	50.5482	33.83
646	7.4275	50.5524	23.84
647	7.4264	50.5205	17.07
648	7.5143	50.5964	46.69
649	7.5282	50.5694	8.23
650	7.3547	50.4994	44.38
651	7.3806	50.4692	20.08
652	7.37	50.4317	296.13
653	7.3625	50.3983	7.39
654	7.3803	50.3912	53.63
655	7.3191	50.3816	39.98
656	7.3183	50.4144	36.02
657	7.418	50.377	21.63
658	7.1827	50.4517	56.46
659	7.2343	50.4227	29.52
660	7.3133	50.4761	26.45
661	7.2699	50.4558	33.26
662	7.197	50.3202	208.35
663	7.1094	50.3276	123.74
664	7.2532	50.3467	28.75
665	7.265	50.3687	98.22
666	7.1722	50.3954	52.83
667	7.1042	50.4247	28.75
668	7.3076	50.2898	69.9
669	7.3123	50.2867	38.67
670	7.2643	50.2211	24.03
671	7.0803	50.2387	48.34
672	7.1627	50.2445	61.24
673	7.0007	50.2063	38.78
674	6.9916	50.2495	24.59
675	7.0043	50.2831	9.37
676	7.1767	50.1457	63.31
677	7.1309	50.0966	74.07
678	7.1826	50.1725	15.54
679	7.2091	50.0836	13.92
680	7.2352	50.1152	8.89
681	7.0857	50.181	11.62
682	7.0771	50.1289	24.25
683	7.0044	50.1232	18.17
684	7.0447	50.1808	8.34
685	7.2544	50.18	9.62
686	7.1991	50.0273	43.99
687	7.277	50.0694	54.9
688	7.1203	50.0582	25.13
689	7.0978	50.0201	12.14
690	7.1277	50.0324	9.74
691	7.0479	50.0842	10.85
692	7.2796	50.0411	29.53
693	7.1901	49.9973	9.87
694	7.3478	50.0531	12.13
695	7.9913	50.8828	247.32
696	8.0679	50.8724	263.21
697	8.0299	50.9034	168.76
698	7.9903	50.9246	191.73
699	7.9892	50.8469	228.72
700	7.995	50.9852	321.44
701	8.1222	50.834	217.77
702	8.1576	50.9037	250.27
703	7.8933	50.8904	181.68
704	8.113	50.9845	165.13
705	8.0221	50.7843	146.3
706	8.0884	50.7418	149.39
707	8.3854	51.0547	211.77
708	8.3502	50.9239	154.98
709	8.2671	50.9897	80.03
710	8.1007	51.1275	278.46
711	8.3074	51.19	266.43
712	8.0924	51.0611	130.81
713	8.0111	51.191	185.38
714	7.8994	51.1224	241.26
715	7.8872	51.0395	251.61
716	7.8604	50.9646	192.77
717	7.7655	51.0291	122.19
718	7.8646	50.7767	133.22
719	7.9632	50.7093	118.11
720	7.7476	50.7848	109.91
721	7.6934	50.7698	74.03
722	7.8753	50.8258	97.33
723	7.9464	50.8238	90.14
724	7.9425	50.7809	74.15
725	7.9736	50.7432	46.42
726	7.8829	50.854	48.61
727	7.6784	50.7552	39.04
728	7.8838	50.7315	18.5
729	7.8071	50.7505	25.68
730	7.797	50.8261	19.43
731	7.8857	50.6979	17.96
732	7.8385	50.793	34.89
733	7.9294	50.7261	23.97
734	7.7486	50.8269	25.96
735	7.6257	50.7516	21.03
736	7.6509	50.6902	88.08
737	7.6595	50.7116	61.8
738	7.6083	50.6375	77.52
739	7.8079	50.6624	66.99
740	7.7897	50.7056	104.42
741	7.518	50.6549	42.24
742	7.5375	50.7094	45.29
743	7.6766	50.705	12.02
744	7.5905	50.6693	13.41
745	7.6604	50.6351	16.03
746	7.5145	50.6187	7.97
747	7.8597	50.6401	12.9
748	7.7547	50.6499	22.03
749	7.8555	50.6803	10.55
750	7.8977	50.6263	18.82
751	7.9003	50.6561	21.66
752	7.4303	51.3751	259.08
753	7.5241	51.3119	196.99
754	7.534	51.3747	254.46
755	7.4857	51.3608	190.87
756	7.4789	51.374	292.09
757	7.4874	51.4	303.84
758	7.5671	51.3559	253.16
759	7.4199	51.3326	321.51
760	7.5689	51.4335	512.14
761	7.3648	51.2879	338.33
762	7.3462	51.3367	338.54
763	7.3525	51.38	297.35
764	7.4098	51.4149	261.85
765	7.2873	51.2855	306.58
766	7.4427	51.268	87.69
767	7.3301	51.4252	254.96
768	7.3745	51.4323	204.65
769	7.3821	51.4586	191.83
770	7.3175	51.4429	237.21
771	7.286	51.4028	142.6
772	7.6262	51.2333	185.86
773	7.6076	51.2248	214.13
774	7.6485	51.2211	245.49
775	7.6522	51.2368	89.23
776	7.6287	51.2025	79.01
777	7.7198	51.1166	219.9
778	7.5001	51.1841	175.34
779	7.5842	51.148	181.43
780	7.5624	51.2614	121.36
781	7.7185	51.3886	215.32
782	7.6765	51.3834	137.11
783	7.674	51.4326	224.67
784	7.6292	51.3684	260.19
785	7.6875	51.3403	158.73
786	7.7861	51.367	369.95
787	7.7919	51.436	246.91
788	7.8503	51.436	191.08
789	7.8263	51.4116	151.84
790	7.7534	51.4998	227.4
791	7.8781	51.4969	126.81
792	7.6982	51.2812	230.77
793	7.6212	51.3159	70.5
794	7.7554	51.2568	220.5
795	7.8551	51.3481	121.87
796	7.8239	51.2856	122.74
797	7.8575	51.2086	292.63
798	7.7509	51.1876	75.42
799	7.8307	51.6737	193.46
800	7.8074	51.6911	243.68
801	7.7793	51.6624	236.76
802	7.8679	51.6251	155.13
803	7.9161	51.674	252.08
804	7.8322	51.7198	188.69
805	7.7456	51.7079	278.31
806	7.7453	51.6474	259.08
807	7.6688	51.5835	467.34
808	7.624	51.626	530.74
809	7.7667	51.5948	193.65
810	7.8862	51.7787	265.35
811	7.9171	51.7408	289.35
812	8.0424	51.7631	380.77
813	8.2173	51.7213	131.52
814	7.3976	51.7789	222.9
815	7.6321	51.679	308.63
816	7.4765	51.6898	268.42
817	7.6417	51.7754	147.14
818	7.5518	51.731	97.36
819	7.3727	51.705	109.67
820	7.6926	51.5319	179.44
821	7.6924	51.5533	279.99
822	7.7347	51.5361	225.55
823	7.6337	51.4883	174.5
824	7.9099	51.5534	316.49
825	7.9596	51.5045	117.52
826	8.0784	51.5768	483.81
827	8.1813	51.5863	109.18
828	8.0755	51.6709	124.24
829	7.9983	51.6194	125.67
830	8.1224	51.4802	107.96
831	8.3355	51.693	201.25
832	8.3004	51.6786	122.53
833	8.3452	51.6641	184.07
834	8.302	51.4591	291.02
835	8.3115	51.6117	154.25
836	8.3019	51.5522	107.96
837	7.9849	51.4596	178.22
838	7.9484	51.4342	142.42
839	7.9965	51.4353	144.17
840	8.0438	51.3896	215.19
841	8.1214	51.4109	101.65
842	8.0163	51.3161	299.01
843	8.2322	51.3346	327.91
844	8.1798	51.2463	93.34
845	8.2373	50.0851	123.55
846	8.2395	50.0762	112.57
847	8.2355	50.0633	220
848	8.2595	50.0735	138.78
849	8.2781	50.0947	180.43
850	8.2385	50.1127	168.68
851	8.2006	50.1069	210.57
852	8.2011	50.0822	291.21
853	8.1673	50.0918	204.96
854	8.1625	50.0603	151.58
855	8.2483	50.0378	220.75
856	8.3189	50.0527	204.05
857	8.3093	50.1095	209.21
858	8.1718	50.1578	281.92
859	8.0338	50.1356	109.11
860	7.9676	50.1716	79.91
861	8.09	50.2439	69.36
862	8.0955	50.1919	62.63
863	8.0933	50.0552	77.63
864	8.1243	50.0593	12.29
865	8.1072	50.0703	20.03
866	8.0535	50.0426	37.97
867	8.0421	50.0401	20.42
868	7.938	50.038	117.4
869	7.986	50.0475	118.85
870	7.8963	50.029	101.49
871	8.0501	50.0985	61.9
872	7.8499	50.0677	46.06
873	8.1514	50.0491	58.16
874	8.077	50.057	37.46
875	8.2693	50.2331	319.62
876	8.2904	50.3008	138.87
877	8.2968	50.1732	147.85
878	8.3511	50.2577	57.45
879	8.0653	50.3864	172.34
880	8.0941	50.3662	20.62
881	8.1279	50.3784	34.19
882	8.101	50.3919	28.72
883	8.0848	50.4022	17.58
884	8.0803	50.4324	11.8
885	8.0661	50.4148	21.5
886	8.0341	50.3942	27.48
887	7.9871	50.3378	102.49
888	8.0116	50.3767	115.7
889	8.0718	50.4586	121.4
890	8.1601	50.4252	97.8
891	8.1478	50.3181	102.44
892	8.0256	50.5116	86.2
893	8.009	50.4248	78.19
894	8.2306	50.3999	72.49
895	8.1891	50.3647	66.03
896	8.1576	50.464	55.94
897	8.2788	50.3531	80.56
898	8.1162	50.5131	61.72
899	8.0605	50.2961	39.71
900	7.9651	50.3723	22.75
901	7.9994	50.353	15.45
902	8.0617	50.5067	26.66
903	8.0434	50.3371	14.09
end {BasicAreas}
