begin {Parameters}
Number of BasicAreas
658
Basic Area Type
Point
Metric
geodecimal
end {Parameters}

#Parameter ExtId	XPos	YPos	Activity
begin {BasicAreas}
0	13.723	51.0599	219.71
1	13.7376	51.0406	235.97
2	13.7427	51.0671	210.56
3	13.8288	51.0926	145.27
4	13.7638	51.1205	152.06
5	13.734	51.0796	95.59
6	13.7309	51.098	145.27
7	13.6902	51.0796	124.44
8	13.6745	51.0679	181.58
9	13.7007	51.0428	216.81
10	13.7733	51.0524	278.49
11	13.7906	51.0488	254.17
12	13.8562	51.066	104.78
13	13.8575	51.0253	127.06
14	13.6455	51.1157	318.16
15	13.9228	51.1228	203.17
16	13.8509	51.1749	102.53
17	13.6234	51.0667	95.53
18	13.8549	51.1394	56.29
19	13.6817	51.1602	75.29
20	13.7284	51.2062	80.35
21	13.9051	51.0422	117.26
22	13.9886	51.0934	52.2
23	13.7897	51.1571	53.86
24	13.526	51.2909	167.85
25	13.6388	51.2904	240.43
26	13.2718	51.3023	171.75
27	13.3247	51.291	115.8
28	13.2515	51.3175	109.98
29	13.3014	51.2543	70.52
30	13.441	51.3971	158.61
31	13.406	51.2875	95.52
32	13.225	51.3691	43.81
33	13.3085	51.3737	77.53
34	13.2995	51.1577	93.95
35	13.5821	51.1343	250.4
36	13.484	51.1618	296.61
37	13.3843	51.1512	197.64
38	13.3317	51.0563	99.83
39	13.562	51.1851	126.81
40	13.5178	51.0241	96.44
41	14.0553	51.0429	102.28
42	14.236	51.0325	169.22
43	14.1968	51.1195	209.86
44	14.0216	51.185	126.73
45	14.0363	51.1459	110.82
46	14.2013	51.1888	30.78
47	14.0713	51.1106	73.66
48	14.1084	51.2737	167.9
49	14.208	51.2787	241.09
50	13.9425	51.2925	175.27
51	13.8812	51.4288	123.92
52	14.0226	51.5235	313.39
53	13.7536	51.5055	216.84
54	14.0371	51.5823	132.18
55	13.8622	51.4876	73.23
56	13.7148	51.3944	40.39
57	13.8842	51.5079	43.38
58	13.9158	51.5826	31.83
59	14.0364	51.4562	20.6
60	13.8864	51.5431	13.68
61	14.2209	51.4225	487.41
62	14.1934	51.4708	123.31
63	14.0879	51.3886	68.67
64	14.2437	51.3769	58.55
65	14.1944	51.8479	94.87
66	14.2087	51.7533	99.8
67	14.1384	51.6328	22.54
68	14.2105	51.6477	45.3
69	14.1812	51.576	46.3
70	14.4377	51.5991	328.18
71	13.9733	51.7179	126.34
72	13.9355	51.8486	203.02
73	14.043	51.8205	101.29
74	14.0071	51.6627	44.16
75	13.7087	51.6009	312.82
76	13.777	51.7316	21.12
77	13.6696	51.7124	29.7
78	13.4971	51.6446	148.18
79	12.3944	51.3334	162.3
80	12.3591	51.3528	125.45
81	12.3712	51.3324	109.62
82	12.3662	51.339	106.3
83	12.3895	51.3716	143.19
84	12.3624	51.3625	202.55
85	12.3712	51.3751	158.27
86	12.3245	51.3748	123.57
87	12.3344	51.3416	193.81
88	12.3098	51.3444	170.43
89	12.2738	51.3274	222.47
90	12.2809	51.3062	212.91
91	12.2989	51.3224	215.8
92	12.3394	51.3192	248.71
93	12.3134	51.2854	80.95
94	12.3736	51.3235	173.57
95	12.3759	51.307	195.86
96	12.401	51.2944	146.39
97	12.4286	51.3008	67.53
98	12.427	51.3192	126.72
99	12.41	51.346	207.23
100	12.4075	51.3313	205.66
101	12.4343	51.3456	174.93
102	12.4516	51.3473	49.17
103	12.4697	51.3613	115.88
104	12.418	51.363	211.47
105	12.4476	51.3885	52.15
106	12.4438	51.4207	16.74
107	12.4112	51.3795	168.68
108	12.3869	51.2723	217.76
109	12.2208	51.2944	154.84
110	12.5194	51.3933	145.78
111	12.2479	51.3536	147.8
112	12.2221	51.4033	133.33
113	12.5036	51.3338	85.05
114	12.3054	51.2195	88.72
115	12.4713	51.2779	69.27
116	12.3795	51.4131	59.36
117	12.5365	51.3523	85.48
118	12.4753	51.3022	63.19
119	12.4526	51.3306	71.01
120	12.2189	51.2208	21.79
121	12.5041	51.265	46.93
122	12.3354	51.4022	55.47
123	12.2849	51.3911	35.57
124	12.3421	51.5059	494.96
125	12.3875	51.4479	50.38
126	12.251	51.1715	65.6
127	12.3141	51.1331	97.34
128	12.4887	51.1272	275.37
129	12.3934	51.2076	76.97
130	12.4292	51.0909	35.36
131	12.5642	51.1704	83.21
132	12.4268	51.2032	38.08
133	12.4103	51.1157	26.57
134	12.3762	51.1598	44.18
135	12.5009	51.2067	31.2
136	12.3508	51.0527	127.2
137	12.3281	51.0849	54.34
138	12.3733	51.022	131.83
139	12.6509	51.0855	98.97
140	12.6763	51.1397	106.35
141	12.5597	51.0715	75.49
142	12.7477	51.2144	323.82
143	12.7885	51.1304	78.82
144	12.5968	51.2622	130.04
145	12.8171	51.2751	45.13
146	12.7326	51.2892	44.86
147	12.889	51.2621	26.38
148	12.9379	51.1631	120.33
149	13.1289	51.1412	371.22
150	13.0205	51.0696	95.76
151	13.1726	51.0832	92.98
152	12.9946	51.1148	80.76
153	13.149	51.2039	37.16
154	13.1206	51.3426	252.74
155	13.0632	51.2405	101.42
156	12.9897	51.3696	74.83
157	12.9631	51.2909	42.18
158	12.7963	51.3862	307.81
159	12.6364	51.3275	64.33
160	12.5689	51.3226	32.22
161	12.6237	51.3835	51.74
162	12.702	51.3503	66.08
163	12.7136	51.4823	370.96
164	12.6375	51.6032	119.11
165	12.9587	51.5398	251.09
166	13.116	51.4659	61.07
167	12.8656	51.6248	69.09
168	13.0733	51.5741	80.04
169	12.957	51.4555	58.08
170	13.1959	51.5694	127.82
171	13.5209	51.4728	111.86
172	13.2623	51.7587	148.72
173	13.4036	51.5126	134.51
174	13.6386	51.4608	42.07
175	13.2541	51.4227	49.22
176	13.5539	51.422	100.13
177	13.5784	51.4981	30.22
178	13.426	51.7533	69.84
179	13.3341	51.6115	28.19
180	11.9675	51.4916	201.94
181	11.9725	51.4727	305.39
182	11.9972	51.4811	170.93
183	11.9699	51.5001	171.45
184	12.0447	51.4709	105.01
185	11.9809	51.5215	70.17
186	11.8985	51.5099	74.81
187	11.9324	51.4862	233.22
188	11.9332	51.4677	111.25
189	11.8937	51.4804	197.38
190	11.9437	51.4531	372.55
191	11.997	51.4544	218.45
192	11.9901	51.4256	401.25
193	11.834	51.4718	215.12
194	12.1031	51.4291	145.78
195	12.1025	51.5258	169.48
196	11.9546	51.6009	150.25
197	11.7991	51.569	93.3
198	11.9706	51.3466	413.86
199	12.1091	51.3043	167.06
200	12.0158	51.3094	88.48
201	11.897	51.2902	111.3
202	11.8798	51.381	81.91
203	11.7913	51.3042	70.91
204	12.1106	51.3589	59.07
205	11.7711	51.3699	30.22
206	11.9861	51.3957	33.68
207	11.939	51.3153	16.58
208	11.6081	51.3458	223.96
209	11.7621	51.4609	17.94
210	11.6639	51.6246	62.53
211	12.0088	51.7554	276.73
212	12.0668	51.6989	202.33
213	12.0541	51.8412	97.9
214	12.0794	51.7753	80.25
215	11.9228	51.6847	58.56
216	11.7528	51.8002	335.51
217	11.8301	51.771	110.94
218	11.79	51.6743	92.5
219	11.7767	51.8396	75.47
220	11.8226	51.138	373.76
221	11.689	51.1249	77.86
222	11.7721	51.2286	82.19
223	11.9411	51.1844	470.44
224	12.1097	51.1673	148.94
225	12.0306	51.129	90.07
226	12.1034	51.2365	81.45
227	12.0274	51.2602	38.78
228	12.1336	51.04	437.99
229	11.9497	51.0752	32.77
230	12.0161	51.0257	42.54
231	12.1981	51.1192	23.09
232	12.115	51.1023	39.41
233	12.2265	51.068	55.25
234	12.3254	51.6328	187.97
235	12.2386	51.6711	382.01
236	12.4842	51.7482	171.72
237	12.5248	51.6445	81.88
238	12.2624	51.7356	74.43
239	12.1387	51.6327	90.71
240	12.4311	51.8045	55.35
241	12.4123	51.8438	52.36
242	12.3855	51.7343	55.31
243	12.2545	51.6306	71.37
244	12.2275	51.5977	40.66
245	12.2096	51.5596	30.07
246	12.337	51.6824	44.48
247	12.2945	51.6505	32.55
248	12.3831	51.6794	30.67
249	12.3412	51.6004	35.57
250	12.2822	51.5814	34.27
251	12.3187	51.785	215.77
252	12.2793	51.8506	235.14
253	12.1905	51.8475	131.44
254	12.1825	51.7982	139.15
255	12.2611	51.8002	144.73
256	12.3106	51.9536	195.59
257	12.4601	51.9297	139.29
258	12.6206	51.8733	447.23
259	12.7775	51.8771	95.15
260	12.7597	51.9311	73.48
261	12.6126	51.9501	48.78
262	12.6995	51.7604	62.34
263	12.7205	51.6988	54.21
264	12.7749	51.7237	37.29
265	12.9517	51.8078	102.27
266	12.8792	51.8761	54.85
267	12.9155	51.6925	41.63
268	13.0821	51.709	51.45
269	13.1405	51.8004	26.69
270	13.1202	51.8631	30.38
271	11.8285	51.0149	34.24
272	12.8502	51.0277	215.63
273	12.9121	51.0756	72.23
274	12.9957	50.9884	264.62
275	13.1335	50.9894	189.46
276	13.3862	52.5335	248.42
277	13.3912	52.52	222.56
278	13.4073	52.5322	216.06
279	13.4147	52.5221	147.4
280	13.4192	52.5152	178.1
281	13.4413	52.5145	328.42
282	13.4708	52.5027	306.26
283	13.4675	52.5179	374.28
284	13.4425	52.5254	278.99
285	13.5199	52.5094	311.35
286	13.492	52.5005	167.91
287	13.5303	52.4857	182.81
288	13.5214	52.5025	240.9
289	13.4991	52.5214	216.19
290	13.4856	52.5253	228.16
291	13.4709	52.5332	210.46
292	13.4265	52.537	291.48
293	13.4482	52.5358	260.65
294	13.4442	52.5457	255.43
295	13.4148	52.5389	186.89
296	13.4157	52.5471	345.49
297	13.4162	52.5537	293.13
298	13.3385	52.5328	163.19
299	13.3232	52.5309	81.38
300	13.3381	52.5224	171.48
301	13.3594	52.5274	193.79
302	13.3542	52.5325	140.45
303	13.3111	52.5172	184.01
304	13.3205	52.5202	110.92
305	13.3076	52.5297	152.78
306	13.3305	52.5094	59.92
307	13.318	52.5104	106.67
308	13.3047	52.5097	109.43
309	13.3103	52.5041	148.95
310	13.3162	52.4979	114.32
311	13.3071	52.4958	125.16
312	13.2947	52.499	94.13
313	13.3131	52.4869	94.34
314	13.3316	52.4849	179.13
315	13.3309	52.4933	193.15
316	13.3275	52.4999	119.42
317	13.3455	52.5001	168.72
318	13.3425	52.4942	111.13
319	13.356	52.4951	139.6
320	13.3648	52.4986	103.91
321	13.3659	52.5093	59.71
322	13.3453	52.509	63.11
323	13.3416	52.5048	26.99
324	13.3587	52.4886	115.59
325	13.3453	52.4858	110.71
326	13.3583	52.4855	91.16
327	13.3593	52.4834	136.42
328	13.4002	52.4957	175.94
329	13.383	52.4984	184.65
330	13.4081	52.4862	91.79
331	13.4185	52.4938	158.73
332	13.4052	52.5047	211
333	13.4396	52.5038	172.33
334	13.4317	52.4999	207.6
335	13.4399	52.483	140.24
336	13.4417	52.4881	133.23
337	13.431	52.4931	132.59
338	13.4238	52.4818	164.47
339	13.4328	52.4697	228.42
340	13.4355	52.4816	135.78
341	13.4517	52.4759	113.26
342	13.4634	52.4747	134.93
343	13.4524	52.484	176.15
344	13.4085	52.4633	139.6
345	13.3942	52.4776	176.37
346	13.3742	52.4651	240.32
347	13.3751	52.4502	270.71
348	13.3897	52.4339	186.78
349	13.4037	52.4484	160.43
350	13.3483	52.4671	224.17
351	13.3409	52.475	161.7
352	13.3311	52.4724	202.71
353	13.3209	52.4636	209.51
354	13.3174	52.4572	49.08
355	13.3395	52.4518	195.28
356	13.3461	52.4557	205.26
357	13.3125	52.4468	199.74
358	13.2993	52.4342	146.83
359	13.3156	52.4232	244.15
360	13.3326	52.4203	148.32
361	13.3503	52.4412	205.26
362	13.3547	52.4274	262.42
363	13.378	52.4129	151.08
364	13.3564	52.4127	186.56
365	13.4059	52.4069	151.08
366	13.3978	52.3895	191.66
367	13.4205	52.3955	168.72
368	13.4351	52.4536	201.44
369	13.4224	52.4293	215.46
370	13.4598	52.4363	260.09
371	13.4646	52.4254	410.74
372	13.4998	52.4125	193.15
373	13.4984	52.4314	151.93
374	13.46	52.4532	200.16
375	13.4694	52.4875	190.84
376	13.4902	52.466	280.39
377	13.5175	52.4584	121.79
378	13.5362	52.4705	220.26
379	13.5136	52.4459	181.66
380	13.5455	52.441	164.85
381	13.5457	52.4144	157.08
382	13.568	52.4037	70.7
383	13.6505	52.3856	74.91
384	13.5143	52.3875	28.03
385	13.5773	52.4643	254.02
386	13.5906	52.4359	187.27
387	13.6573	52.4169	99.37
388	13.6357	52.461	180.39
389	13.7146	52.4464	76.05
390	13.5927	52.5261	261.41
391	13.5961	52.504	88.67
392	13.6249	52.503	142.68
393	13.6438	52.4826	10
394	13.618	52.5394	363.97
395	13.5938	52.5435	157.46
396	13.566	52.55	313.26
397	13.5411	52.5406	212.49
398	13.5654	52.5063	173.26
399	13.5647	52.5435	164.47
400	13.5684	52.5574	195.93
401	13.5692	52.5661	269.95
402	13.4983	52.58	228.8
403	13.503	52.5531	154.4
404	13.4986	52.5432	261.41
405	13.543	52.5742	164.59
406	13.5268	52.582	148.67
407	13.4507	52.5572	374.79
408	13.473	52.5614	24.59
409	13.4449	52.5718	36.56
410	13.4878	52.6334	189.44
411	13.4365	52.6181	74.53
412	13.4609	52.5984	67.14
413	13.4028	52.584	203.58
414	13.3856	52.591	103.57
415	13.4128	52.6276	28.28
416	13.4123	52.5724	292.75
417	13.4226	52.569	291.86
418	13.3677	52.5491	181.25
419	13.3513	52.5594	121.76
420	13.3366	52.5526	189.75
421	13.3531	52.5441	191.45
422	13.3925	52.5439	210.79
423	13.3854	52.5511	269.01
424	13.3846	52.5631	197.61
425	13.3236	52.5768	323.83
426	13.2969	52.5612	33.57
427	13.3555	52.5742	311.29
428	13.3766	52.5691	258.39
429	13.3469	52.6047	183.38
430	13.3311	52.594	162.77
431	13.3592	52.6005	244.57
432	13.289	52.6449	182.1
433	13.3119	52.6167	183.59
434	13.3412	52.6135	178.06
435	13.25	52.6144	168.08
436	13.2466	52.585	61.2
437	13.2802	52.5772	229.7
438	13.3028	52.5926	212.06
439	13.183	52.5322	150.02
440	13.1851	52.5453	264.76
441	13.2096	52.5487	202.29
442	13.1816	52.5773	184.86
443	13.1744	52.5592	240.11
444	13.1469	52.5386	178.7
445	13.1761	52.5124	243.51
446	13.2019	52.5149	242.02
447	13.2231	52.5295	87.55
448	13.2374	52.5489	127.49
449	13.3041	52.5424	217.16
450	13.2716	52.5444	148.74
451	13.2668	52.5219	134.72
452	13.257	52.5178	141.09
453	13.2375	52.5197	10
454	13.247	52.5033	108.16
455	13.2892	52.5064	135.57
456	13.2922	52.5229	195.49
457	13.1522	52.4718	144.92
458	13.1471	52.4184	118.57
459	13.1938	52.4378	161.49
460	13.2409	52.4401	187.2
461	13.2593	52.4196	203.35
462	13.2809	52.4234	121.54
463	13.269	52.4464	170.42
464	13.2416	52.471	203.56
465	13.2862	52.4601	133.44
466	13.3128	52.4757	222.47
467	13.2976	52.4796	143.85
468	13.0705	52.4068	163.74
469	13.031	52.4297	112.42
470	13.0119	52.3841	176.59
471	13.0529	52.373	112.29
472	13.023	52.4539	126.9
473	13.1	52.3708	277.3
474	13.142	52.3759	232.99
475	13.1094	52.394	222.66
476	13.2778	52.3853	165.93
477	13.1922	52.3598	252.77
478	12.8922	52.3802	229.36
479	12.9514	52.2242	122.82
480	12.9406	52.3171	51.93
481	12.7992	52.4199	47.66
482	13.07	52.2983	66.37
483	13.0103	52.2823	43.61
484	13.0648	52.324	35.73
485	13.0907	52.3446	57.04
486	13.0803	52.5758	295.05
487	13.1206	52.6109	36.4
488	13.0548	52.5112	46.65
489	12.9979	52.5463	16.75
490	12.8653	52.6017	294.83
491	13.0166	52.5919	66.43
492	12.623	52.7195	40.23
493	12.8255	52.4984	46.2
494	12.3623	52.6206	276.53
495	12.5561	52.5929	164.92
496	12.3695	52.5308	101.18
497	12.3853	52.7409	34.19
498	12.5253	52.4078	260.3
499	12.5068	52.4391	229.15
500	12.4224	52.4075	73.45
501	12.5765	52.4169	236.92
502	12.6356	52.4486	148.79
503	12.3745	52.3803	53.52
504	12.3625	52.2509	48.26
505	12.7101	52.3188	91.03
506	12.4718	52.5045	32.86
507	12.5972	52.1721	135.83
508	12.7767	52.1986	99.94
509	12.6251	52.0637	42.71
510	12.3946	52.0934	43.19
511	12.3346	52.1648	20.77
512	13.082	51.9704	301.12
513	12.8707	52.0844	66.83
514	13.1376	52.1192	236.79
515	13.255	52.0958	73.97
516	13.1803	52.2199	67.11
517	13.2481	52.2836	249.19
518	13.319	52.366	46.02
519	14.2374	52.5987	61.03
520	13.9193	52.561	261.03
521	13.8904	52.6174	178.82
522	13.6798	52.5267	238.4
523	13.7845	52.5278	178.27
524	14.0892	52.5247	67.19
525	14.0858	52.5832	46.46
526	13.8482	52.4938	51.55
527	14.0474	52.3769	341.57
528	14.1002	52.3269	135.28
529	14.0913	52.2702	53.39
530	13.8708	52.343	38.48
531	13.7776	52.3861	192.39
532	13.8103	52.48	108.08
533	13.7099	52.4852	108.06
534	13.7624	52.452	62.47
535	13.6241	52.2869	215.37
536	13.5749	52.3616	137
537	13.6098	52.3475	83.11
538	13.6691	52.2256	77.72
539	13.6218	52.3252	91.2
540	13.6898	52.1744	18
541	13.8193	52.1294	14.79
542	13.5462	52.2749	48.72
543	13.6666	52.3265	32.34
544	13.8103	52.2176	16.92
545	13.7552	52.2788	65.52
546	13.6076	52.1359	32.12
547	13.7031	52.1023	25.91
548	13.713	52.3111	32.85
549	13.4256	52.2274	163.64
550	13.409	52.3284	110.32
551	13.438	52.356	150.47
552	13.4479	52.294	63.17
553	13.5128	52.04	39.1
554	13.4314	52.1498	80.42
555	14.2383	52.2175	190.92
556	13.9097	52.2161	90.78
557	14.0606	52.1921	46.05
558	13.9064	51.9461	149.98
559	13.8856	52.0212	80.91
560	14.1482	51.9629	83.5
561	13.6731	51.828	155.24
562	13.4281	51.8973	58.97
563	13.6329	51.9447	53.72
564	13.8196	52.8535	248.47
565	13.7421	52.8422	208.47
566	13.8679	52.8925	78.38
567	13.6821	52.8632	77.96
568	13.7832	52.9825	56.57
569	14.0063	52.8805	78.5
570	14.0362	52.7658	229.12
571	14.1066	52.7006	104.75
572	14.0047	53.0662	195.47
573	14.2304	53.0973	423.26
574	14.2007	53.1737	102.86
575	13.5818	52.676	341.61
576	13.5291	52.6418	139.99
577	13.5552	52.8653	137.77
578	13.4549	52.6871	68.08
579	13.7038	52.6321	146.52
580	13.585	52.7683	55.88
581	13.2493	52.8126	407.47
582	13.2771	52.6662	106.08
583	13.3063	52.7068	60.55
584	13.3354	52.635	59.43
585	13.3727	52.641	35.97
586	13.2817	52.7234	34.03
587	13.4362	52.8698	36.68
588	13.3313	52.6816	36
589	13.2934	52.7475	24.19
590	13.3656	52.676	41.16
591	13.1548	52.6835	202.3
592	13.2124	52.6406	254.72
593	13.0232	52.7847	66.84
594	13.1432	52.7476	76.03
595	13.2059	52.9988	227.58
596	13.3997	53.0019	113.53
597	13.172	53.1958	59.16
598	12.7814	52.9008	264.73
599	12.7624	52.8946	86.34
600	12.8562	52.9824	30.14
601	12.9027	53.1153	71.06
602	12.7889	52.7923	76.03
603	12.9674	52.9337	57.83
604	12.7606	53.1623	19.04
605	12.4235	52.8658	153.46
606	12.3125	52.9769	157.13
607	12.4982	52.8983	35.74
608	12.5056	53.1499	223.68
609	12.3706	53.2868	12.63
610	12.2138	53.1447	210.25
611	12.2193	53.2956	37.35
612	12.0337	53.2771	40.13
613	12.6477	53.3712	73.67
614	12.5011	53.3544	72.46
615	13.0563	53.3377	239.93
616	13.2411	53.3501	88.47
617	12.7638	53.3317	30.28
618	12.8329	53.2904	55.97
619	12.9832	53.2407	39.22
620	13.369	53.3195	44.98
621	13.6204	53.1713	277.93
622	13.3387	53.198	38.79
623	13.85	53.2898	408.17
624	14.2157	53.3022	24.93
625	11.5873	53.2327	102.48
626	11.7849	52.9802	278.48
627	11.9629	52.9685	44.73
628	12.1057	52.9318	20.66
629	11.8625	53.1441	198
630	11.7059	53.1813	82.4
631	11.8064	53.3588	59.38
632	11.941	53.35	33.91
633	11.771	52.1532	105.78
634	11.7373	52.0214	371.91
635	11.7047	51.9751	102
636	11.8425	51.898	186.3
637	11.8341	52.0627	89.99
638	11.8479	51.972	75.84
639	12.0874	51.9721	167.73
640	11.9645	51.9835	123.13
641	12.0657	52.101	64.71
642	11.8702	52.2783	237.24
643	11.9929	52.2269	243.13
644	12.1555	52.3857	248.42
645	11.985	52.3918	70.25
646	12.0395	52.4891	34.71
647	11.6354	52.2815	350.66
648	11.7737	52.4372	165.79
649	12.1079	52.6586	103.2
650	12.1428	52.8411	75.68
651	11.8872	52.6148	415.23
652	11.7309	52.6642	90.67
653	11.9362	52.5781	120.1
654	11.942	52.7088	73.62
655	11.6928	52.5656	49.33
656	11.7192	52.7742	194.81
657	11.7715	52.9326	127.93
end {BasicAreas}
