begin {Parameters}
Number of BasicAreas
1030
Basic Area Type
Point
Metric
geodecimal
end {Parameters}

#Parameter ExtId	XPos	YPos	Activity
begin {BasicAreas}
0	13.723	51.0599	219.71
1	13.7376	51.0406	235.97
2	13.7427	51.0671	210.56
3	13.8288	51.0926	145.27
4	13.7638	51.1205	152.06
5	13.734	51.0796	95.59
6	13.7309	51.098	145.27
7	13.6902	51.0796	124.44
8	13.6745	51.0679	181.58
9	13.7007	51.0428	216.81
10	13.6679	51.039	228.18
11	13.6996	51.0283	134.76
12	13.704	51.0122	90.75
13	13.7401	51.0179	160.62
14	13.7707	51.0226	181.58
15	13.8	51.0176	142.91
16	13.7898	51.0012	108.9
17	13.8184	50.9979	246.2
18	13.8501	50.997	127.06
19	13.7961	51.0377	378.84
20	13.8279	51.0273	181.58
21	13.7733	51.0524	278.49
22	13.7906	51.0488	254.17
23	13.8562	51.066	104.78
24	13.8575	51.0253	127.06
25	13.6455	51.1157	318.16
26	13.9228	51.1228	203.17
27	13.8509	51.1749	102.53
28	13.6234	51.0667	95.53
29	13.8549	51.1394	56.29
30	13.6817	51.1602	75.29
31	13.7284	51.2062	80.35
32	13.9051	51.0422	117.26
33	13.9886	51.0934	52.2
34	13.7897	51.1571	53.86
35	13.526	51.2909	167.85
36	13.6388	51.2904	240.43
37	13.2718	51.3023	171.75
38	13.3247	51.291	115.8
39	13.2515	51.3175	109.98
40	13.3014	51.2543	70.52
41	13.441	51.3971	158.61
42	13.406	51.2875	95.52
43	13.225	51.3691	43.81
44	13.3085	51.3737	77.53
45	13.2995	51.1577	93.95
46	13.5821	51.1343	250.4
47	13.484	51.1618	296.61
48	13.3843	51.1512	197.64
49	13.3317	51.0563	99.83
50	13.562	51.1851	126.81
51	13.6414	50.9945	401.1
52	13.5178	51.0241	96.44
53	13.7365	50.9806	101.36
54	13.7573	50.9515	38.55
55	13.6582	50.9488	47.43
56	13.5226	50.9684	92.79
57	13.518	50.9121	44.05
58	13.6586	50.8939	115.79
59	13.7517	50.8552	88.28
60	13.5629	50.8916	42.58
61	13.9903	50.942	434.34
62	13.8484	50.9469	260.09
63	14.1892	50.9014	78.73
64	13.984	50.8828	45.76
65	14.0831	50.8874	79.14
66	13.8771	50.8585	26.32
67	13.9252	50.9895	47.95
68	14.0181	50.961	18
69	14.0553	51.0429	102.28
70	14.236	51.0325	169.22
71	14.0186	50.9838	33.6
72	14.1423	50.9826	39.84
73	14.2832	50.9371	124.7
74	14.1968	51.1195	209.86
75	14.0216	51.185	126.73
76	14.0363	51.1459	110.82
77	14.2013	51.1888	30.78
78	14.0713	51.1106	73.66
79	14.1084	51.2737	167.9
80	14.208	51.2787	241.09
81	13.9425	51.2925	175.27
82	13.8812	51.4288	123.92
83	14.0226	51.5235	313.39
84	13.7536	51.5055	216.84
85	14.0371	51.5823	132.18
86	13.8622	51.4876	73.23
87	13.7148	51.3944	40.39
88	13.8842	51.5079	43.38
89	13.9158	51.5826	31.83
90	14.0364	51.4562	20.6
91	13.8864	51.5431	13.68
92	14.2209	51.4225	487.41
93	14.1934	51.4708	123.31
94	14.0879	51.3886	68.67
95	14.1944	51.8479	94.87
96	14.2087	51.7533	99.8
97	14.1384	51.6328	22.54
98	14.2105	51.6477	45.3
99	14.1812	51.576	46.3
100	13.9733	51.7179	126.34
101	13.9355	51.8486	203.02
102	14.043	51.8205	101.29
103	14.0071	51.6627	44.16
104	13.7087	51.6009	312.82
105	13.777	51.7316	21.12
106	13.6696	51.7124	29.7
107	13.4971	51.6446	148.18
108	12.3944	51.3334	162.3
109	12.3591	51.3528	125.45
110	12.3712	51.3324	109.62
111	12.3662	51.339	106.3
112	12.3895	51.3716	143.19
113	12.3624	51.3625	202.55
114	12.3712	51.3751	158.27
115	12.3245	51.3748	123.57
116	12.3344	51.3416	193.81
117	12.3098	51.3444	170.43
118	12.2738	51.3274	222.47
119	12.2809	51.3062	212.91
120	12.2989	51.3224	215.8
121	12.3394	51.3192	248.71
122	12.3134	51.2854	80.95
123	12.3736	51.3235	173.57
124	12.3759	51.307	195.86
125	12.401	51.2944	146.39
126	12.4286	51.3008	67.53
127	12.427	51.3192	126.72
128	12.41	51.346	207.23
129	12.4075	51.3313	205.66
130	12.4343	51.3456	174.93
131	12.4516	51.3473	49.17
132	12.4697	51.3613	115.88
133	12.418	51.363	211.47
134	12.4476	51.3885	52.15
135	12.4438	51.4207	16.74
136	12.4112	51.3795	168.68
137	12.3869	51.2723	217.76
138	12.2208	51.2944	154.84
139	12.5194	51.3933	145.78
140	12.2479	51.3536	147.8
141	12.2221	51.4033	133.33
142	12.5036	51.3338	85.05
143	12.3054	51.2195	88.72
144	12.4713	51.2779	69.27
145	12.3795	51.4131	59.36
146	12.5365	51.3523	85.48
147	12.4753	51.3022	63.19
148	12.4526	51.3306	71.01
149	12.2189	51.2208	21.79
150	12.5041	51.265	46.93
151	12.3354	51.4022	55.47
152	12.2849	51.3911	35.57
153	12.3421	51.5059	494.96
154	12.3875	51.4479	50.38
155	12.251	51.1715	65.6
156	12.3141	51.1331	97.34
157	12.4887	51.1272	275.37
158	12.3934	51.2076	76.97
159	12.4292	51.0909	35.36
160	12.5642	51.1704	83.21
161	12.4268	51.2032	38.08
162	12.4103	51.1157	26.57
163	12.3762	51.1598	44.18
164	12.5009	51.2067	31.2
165	12.4361	50.9802	430.32
166	12.4958	50.9686	103.3
167	12.3508	51.0527	127.2
168	12.3281	51.0849	54.34
169	12.3733	51.022	131.83
170	12.5785	50.9521	41.26
171	12.3117	50.8955	219.12
172	12.423	50.8726	64.06
173	12.6509	51.0855	98.97
174	12.6763	51.1397	106.35
175	12.5597	51.0715	75.49
176	12.5898	51.01	32.22
177	12.6759	50.9853	39.62
178	12.7477	51.2144	323.82
179	12.7885	51.1304	78.82
180	12.5968	51.2622	130.04
181	12.8171	51.2751	45.13
182	12.7326	51.2892	44.86
183	12.889	51.2621	26.38
184	12.9379	51.1631	120.33
185	13.1289	51.1412	371.22
186	13.0205	51.0696	95.76
187	13.1726	51.0832	92.98
188	12.9946	51.1148	80.76
189	13.149	51.2039	37.16
190	13.1206	51.3426	252.74
191	13.0632	51.2405	101.42
192	12.9897	51.3696	74.83
193	12.9631	51.2909	42.18
194	12.7963	51.3862	307.81
195	12.6364	51.3275	64.33
196	12.5689	51.3226	32.22
197	12.6237	51.3835	51.74
198	12.702	51.3503	66.08
199	12.7136	51.4823	370.96
200	12.6375	51.6032	119.11
201	12.9587	51.5398	251.09
202	13.116	51.4659	61.07
203	12.8656	51.6248	69.09
204	13.0733	51.5741	80.04
205	12.957	51.4555	58.08
206	13.1959	51.5694	127.82
207	13.5209	51.4728	111.86
208	13.2623	51.7587	148.72
209	13.4036	51.5126	134.51
210	13.6386	51.4608	42.07
211	13.2541	51.4227	49.22
212	13.5539	51.422	100.13
213	13.5784	51.4981	30.22
214	13.426	51.7533	69.84
215	13.3341	51.6115	28.19
216	11.9675	51.4916	201.94
217	11.9725	51.4727	305.39
218	11.9972	51.4811	170.93
219	11.9699	51.5001	171.45
220	12.0447	51.4709	105.01
221	11.9809	51.5215	70.17
222	11.8985	51.5099	74.81
223	11.9324	51.4862	233.22
224	11.9332	51.4677	111.25
225	11.8937	51.4804	197.38
226	11.9437	51.4531	372.55
227	11.997	51.4544	218.45
228	11.9901	51.4256	401.25
229	11.834	51.4718	215.12
230	12.1031	51.4291	145.78
231	12.1025	51.5258	169.48
232	11.9546	51.6009	150.25
233	11.7991	51.569	93.3
234	11.9706	51.3466	413.86
235	12.1091	51.3043	167.06
236	12.0158	51.3094	88.48
237	11.897	51.2902	111.3
238	11.8798	51.381	81.91
239	11.7913	51.3042	70.91
240	12.1106	51.3589	59.07
241	11.7711	51.3699	30.22
242	11.9861	51.3957	33.68
243	11.939	51.3153	16.58
244	11.6081	51.3458	223.96
245	11.6268	51.4337	41.38
246	11.5964	51.5088	333.93
247	11.4816	51.5764	97.45
248	11.5017	51.5559	52.28
249	11.4721	51.534	54.59
250	11.6716	51.4739	81.56
251	11.7621	51.4609	17.94
252	11.47	51.6735	260.22
253	11.4167	51.5885	60.21
254	11.6639	51.6246	62.53
255	11.4774	51.6171	22.27
256	12.0088	51.7554	276.73
257	12.0668	51.6989	202.33
258	12.0541	51.8412	97.9
259	12.0794	51.7753	80.25
260	11.9228	51.6847	58.56
261	11.7528	51.8002	335.51
262	11.8301	51.771	110.94
263	11.79	51.6743	92.5
264	11.6678	51.7088	80.85
265	11.7767	51.8396	75.47
266	11.4671	51.8127	362.26
267	11.5486	51.6976	48.55
268	11.2876	51.8607	37.09
269	11.3112	51.7243	57.91
270	11.3785	51.7926	16.77
271	11.298	51.817	28.4
272	11.3067	51.7834	27.18
273	11.3698	51.8145	26.08
274	11.1364	51.8029	288.6
275	11.1837	51.6835	176.37
276	11.0456	51.7478	196.75
277	11.0643	51.6856	120.75
278	11.2967	51.4763	269.17
279	11.4096	51.4827	188.67
280	11.0611	51.5187	80.26
281	11.0812	51.4325	42.13
282	11.416	51.4013	63.92
283	11.2874	51.626	59.98
284	10.9757	51.5816	28.18
285	10.9914	51.5248	29.32
286	11.3002	51.3615	157.93
287	11.0988	51.361	124.29
288	11.3837	51.2886	104.38
289	11.2432	51.2819	55.69
290	11.1277	51.3007	45.93
291	11.8226	51.138	373.76
292	11.689	51.1249	77.86
293	11.7721	51.2286	82.19
294	11.6674	51.2287	44.55
295	11.6414	51.2776	26.32
296	11.5219	51.2659	70.69
297	11.5342	51.1916	70.25
298	11.5344	51.1371	37.94
299	11.9411	51.1844	470.44
300	12.1097	51.1673	148.94
301	12.0306	51.129	90.07
302	12.1034	51.2365	81.45
303	12.0274	51.2602	38.78
304	12.1336	51.04	437.99
305	11.9497	51.0752	32.77
306	12.0161	51.0257	42.54
307	12.2445	50.9926	31.6
308	12.1981	51.1192	23.09
309	12.115	51.1023	39.41
310	12.2265	51.068	55.25
311	12.3254	51.6328	187.97
312	12.2386	51.6711	382.01
313	12.4842	51.7482	171.72
314	12.5248	51.6445	81.88
315	12.2624	51.7356	74.43
316	12.1387	51.6327	90.71
317	12.4311	51.8045	55.35
318	12.4123	51.8438	52.36
319	12.3855	51.7343	55.31
320	12.2545	51.6306	71.37
321	12.2275	51.5977	40.66
322	12.2096	51.5596	30.07
323	12.337	51.6824	44.48
324	12.2945	51.6505	32.55
325	12.3831	51.6794	30.67
326	12.3412	51.6004	35.57
327	12.2822	51.5814	34.27
328	12.3187	51.785	215.77
329	12.2793	51.8506	235.14
330	12.1905	51.8475	131.44
331	12.1825	51.7982	139.15
332	12.2611	51.8002	144.73
333	12.3106	51.9536	195.59
334	12.4601	51.9297	139.29
335	12.6206	51.8733	447.23
336	12.7775	51.8771	95.15
337	12.7597	51.9311	73.48
338	12.6126	51.9501	48.78
339	12.6995	51.7604	62.34
340	12.7205	51.6988	54.21
341	12.7749	51.7237	37.29
342	12.9517	51.8078	102.27
343	12.8792	51.8761	54.85
344	12.9155	51.6925	41.63
345	13.0821	51.709	51.45
346	13.1405	51.8004	26.69
347	13.1202	51.8631	30.38
348	12.0877	50.8802	241.52
349	12.1022	50.8879	165.68
350	12.0431	50.8771	179.91
351	12.068	50.9172	134.13
352	12.1189	50.8996	79.21
353	12.0037	50.8927	33.23
354	12.216	50.8473	124.59
355	11.9609	50.9114	58.61
356	11.8792	50.9696	126.08
357	11.9329	50.9827	68.74
358	11.7865	50.9558	50.88
359	11.8285	51.0149	34.24
360	11.868	50.8735	118.99
361	11.881	50.9232	64.86
362	11.7673	50.8507	172.1
363	11.5877	50.9518	246.14
364	11.555	50.9067	237.71
365	11.6128	50.89	340.33
366	11.6147	50.9272	136.39
367	11.6474	50.9115	90.16
368	11.7262	51.0437	46.81
369	11.653	51.0026	52.58
370	12.4735	50.8445	216.34
371	12.5818	50.8813	61.65
372	12.6784	50.9019	18.63
373	12.9206	50.8717	86.6
374	12.9655	50.8641	157.09
375	12.8059	50.9173	127.51
376	12.863	50.8879	45.93
377	12.797	50.8855	47.91
378	12.8795	50.9387	36.26
379	12.9183	50.9114	32.72
380	12.7644	50.9025	23.6
381	12.7363	50.8879	25.83
382	12.9959	50.9108	27.69
383	12.8604	50.9143	28.29
384	12.8502	51.0277	215.63
385	12.7486	50.9352	93
386	12.9121	51.0756	72.23
387	12.755	50.966	57
388	13.0828	50.8723	122.5
389	13.1763	50.8722	122.31
390	13.3391	50.9178	465.03
391	13.3993	50.8709	71.99
392	13.2739	50.969	58.49
393	13.4478	50.8936	63.95
394	13.3875	51.0181	27.09
395	13.3737	50.9624	37.51
396	13.2913	51.0131	30.13
397	12.9957	50.9884	264.62
398	13.1335	50.9894	189.46
399	13.0798	50.9197	181.72
400	13.3862	52.5335	248.42
401	13.3912	52.52	222.56
402	13.4073	52.5322	216.06
403	13.4147	52.5221	147.4
404	13.4192	52.5152	178.1
405	13.4413	52.5145	328.42
406	13.4708	52.5027	306.26
407	13.4675	52.5179	374.28
408	13.4425	52.5254	278.99
409	13.5199	52.5094	311.35
410	13.492	52.5005	167.91
411	13.5303	52.4857	182.81
412	13.5214	52.5025	240.9
413	13.4991	52.5214	216.19
414	13.4856	52.5253	228.16
415	13.4709	52.5332	210.46
416	13.4265	52.537	291.48
417	13.4482	52.5358	260.65
418	13.4442	52.5457	255.43
419	13.4148	52.5389	186.89
420	13.4157	52.5471	345.49
421	13.4162	52.5537	293.13
422	13.3385	52.5328	163.19
423	13.3232	52.5309	81.38
424	13.3381	52.5224	171.48
425	13.3594	52.5274	193.79
426	13.3542	52.5325	140.45
427	13.3111	52.5172	184.01
428	13.3205	52.5202	110.92
429	13.3076	52.5297	152.78
430	13.3305	52.5094	59.92
431	13.318	52.5104	106.67
432	13.3047	52.5097	109.43
433	13.3103	52.5041	148.95
434	13.3162	52.4979	114.32
435	13.3071	52.4958	125.16
436	13.2947	52.499	94.13
437	13.3131	52.4869	94.34
438	13.3316	52.4849	179.13
439	13.3309	52.4933	193.15
440	13.3275	52.4999	119.42
441	13.3455	52.5001	168.72
442	13.3425	52.4942	111.13
443	13.356	52.4951	139.6
444	13.3648	52.4986	103.91
445	13.3659	52.5093	59.71
446	13.3453	52.509	63.11
447	13.3416	52.5048	26.99
448	13.3587	52.4886	115.59
449	13.3453	52.4858	110.71
450	13.3583	52.4855	91.16
451	13.3593	52.4834	136.42
452	13.4002	52.4957	175.94
453	13.383	52.4984	184.65
454	13.4081	52.4862	91.79
455	13.4185	52.4938	158.73
456	13.4052	52.5047	211
457	13.4396	52.5038	172.33
458	13.4317	52.4999	207.6
459	13.4399	52.483	140.24
460	13.4417	52.4881	133.23
461	13.431	52.4931	132.59
462	13.4238	52.4818	164.47
463	13.4328	52.4697	228.42
464	13.4355	52.4816	135.78
465	13.4517	52.4759	113.26
466	13.4634	52.4747	134.93
467	13.4524	52.484	176.15
468	13.4085	52.4633	139.6
469	13.3942	52.4776	176.37
470	13.3742	52.4651	240.32
471	13.3751	52.4502	270.71
472	13.3897	52.4339	186.78
473	13.4037	52.4484	160.43
474	13.3483	52.4671	224.17
475	13.3409	52.475	161.7
476	13.3311	52.4724	202.71
477	13.3209	52.4636	209.51
478	13.3174	52.4572	49.08
479	13.3395	52.4518	195.28
480	13.3461	52.4557	205.26
481	13.3125	52.4468	199.74
482	13.2993	52.4342	146.83
483	13.3156	52.4232	244.15
484	13.3326	52.4203	148.32
485	13.3503	52.4412	205.26
486	13.3547	52.4274	262.42
487	13.378	52.4129	151.08
488	13.3564	52.4127	186.56
489	13.4059	52.4069	151.08
490	13.3978	52.3895	191.66
491	13.4205	52.3955	168.72
492	13.4351	52.4536	201.44
493	13.4224	52.4293	215.46
494	13.4598	52.4363	260.09
495	13.4646	52.4254	410.74
496	13.4998	52.4125	193.15
497	13.4984	52.4314	151.93
498	13.46	52.4532	200.16
499	13.4694	52.4875	190.84
500	13.4902	52.466	280.39
501	13.5175	52.4584	121.79
502	13.5362	52.4705	220.26
503	13.5136	52.4459	181.66
504	13.5455	52.441	164.85
505	13.5457	52.4144	157.08
506	13.568	52.4037	70.7
507	13.6505	52.3856	74.91
508	13.5143	52.3875	28.03
509	13.5773	52.4643	254.02
510	13.5906	52.4359	187.27
511	13.6573	52.4169	99.37
512	13.6357	52.461	180.39
513	13.7146	52.4464	76.05
514	13.5927	52.5261	261.41
515	13.5961	52.504	88.67
516	13.6249	52.503	142.68
517	13.6438	52.4826	10
518	13.618	52.5394	363.97
519	13.5938	52.5435	157.46
520	13.566	52.55	313.26
521	13.5411	52.5406	212.49
522	13.5654	52.5063	173.26
523	13.5647	52.5435	164.47
524	13.5684	52.5574	195.93
525	13.5692	52.5661	269.95
526	13.4983	52.58	228.8
527	13.503	52.5531	154.4
528	13.4986	52.5432	261.41
529	13.543	52.5742	164.59
530	13.5268	52.582	148.67
531	13.4507	52.5572	374.79
532	13.473	52.5614	24.59
533	13.4449	52.5718	36.56
534	13.4878	52.6334	189.44
535	13.4365	52.6181	74.53
536	13.4609	52.5984	67.14
537	13.4028	52.584	203.58
538	13.3856	52.591	103.57
539	13.4128	52.6276	28.28
540	13.4123	52.5724	292.75
541	13.4226	52.569	291.86
542	13.3677	52.5491	181.25
543	13.3513	52.5594	121.76
544	13.3366	52.5526	189.75
545	13.3531	52.5441	191.45
546	13.3925	52.5439	210.79
547	13.3854	52.5511	269.01
548	13.3846	52.5631	197.61
549	13.3236	52.5768	323.83
550	13.2969	52.5612	33.57
551	13.3555	52.5742	311.29
552	13.3766	52.5691	258.39
553	13.3469	52.6047	183.38
554	13.3311	52.594	162.77
555	13.3592	52.6005	244.57
556	13.289	52.6449	182.1
557	13.3119	52.6167	183.59
558	13.3412	52.6135	178.06
559	13.25	52.6144	168.08
560	13.2466	52.585	61.2
561	13.2802	52.5772	229.7
562	13.3028	52.5926	212.06
563	13.183	52.5322	150.02
564	13.1851	52.5453	264.76
565	13.2096	52.5487	202.29
566	13.1816	52.5773	184.86
567	13.1744	52.5592	240.11
568	13.1469	52.5386	178.7
569	13.1761	52.5124	243.51
570	13.2019	52.5149	242.02
571	13.2231	52.5295	87.55
572	13.2374	52.5489	127.49
573	13.3041	52.5424	217.16
574	13.2716	52.5444	148.74
575	13.2668	52.5219	134.72
576	13.257	52.5178	141.09
577	13.2375	52.5197	10
578	13.247	52.5033	108.16
579	13.2892	52.5064	135.57
580	13.2922	52.5229	195.49
581	13.1522	52.4718	144.92
582	13.1471	52.4184	118.57
583	13.1938	52.4378	161.49
584	13.2409	52.4401	187.2
585	13.2593	52.4196	203.35
586	13.2809	52.4234	121.54
587	13.269	52.4464	170.42
588	13.2416	52.471	203.56
589	13.2862	52.4601	133.44
590	13.3128	52.4757	222.47
591	13.2976	52.4796	143.85
592	13.0705	52.4068	163.74
593	13.031	52.4297	112.42
594	13.0119	52.3841	176.59
595	13.0529	52.373	112.29
596	13.023	52.4539	126.9
597	13.1	52.3708	277.3
598	13.142	52.3759	232.99
599	13.1094	52.394	222.66
600	13.2778	52.3853	165.93
601	13.1922	52.3598	252.77
602	12.8922	52.3802	229.36
603	12.9514	52.2242	122.82
604	12.9406	52.3171	51.93
605	12.7992	52.4199	47.66
606	13.07	52.2983	66.37
607	13.0103	52.2823	43.61
608	13.0648	52.324	35.73
609	13.0907	52.3446	57.04
610	13.0803	52.5758	295.05
611	13.1206	52.6109	36.4
612	13.0548	52.5112	46.65
613	12.9979	52.5463	16.75
614	12.8653	52.6017	294.83
615	13.0166	52.5919	66.43
616	12.623	52.7195	40.23
617	12.8255	52.4984	46.2
618	12.3623	52.6206	276.53
619	12.5561	52.5929	164.92
620	12.3695	52.5308	101.18
621	12.3853	52.7409	34.19
622	12.5253	52.4078	260.3
623	12.5068	52.4391	229.15
624	12.4224	52.4075	73.45
625	12.5765	52.4169	236.92
626	12.6356	52.4486	148.79
627	12.3745	52.3803	53.52
628	12.3625	52.2509	48.26
629	12.7101	52.3188	91.03
630	12.4718	52.5045	32.86
631	12.5972	52.1721	135.83
632	12.7767	52.1986	99.94
633	12.6251	52.0637	42.71
634	12.3946	52.0934	43.19
635	12.3346	52.1648	20.77
636	13.082	51.9704	301.12
637	12.8707	52.0844	66.83
638	13.1376	52.1192	236.79
639	13.255	52.0958	73.97
640	13.1803	52.2199	67.11
641	13.2481	52.2836	249.19
642	13.319	52.366	46.02
643	14.2374	52.5987	61.03
644	13.9193	52.561	261.03
645	13.8904	52.6174	178.82
646	13.6798	52.5267	238.4
647	13.7845	52.5278	178.27
648	14.0892	52.5247	67.19
649	14.0858	52.5832	46.46
650	13.8482	52.4938	51.55
651	14.0474	52.3769	341.57
652	14.1002	52.3269	135.28
653	14.0913	52.2702	53.39
654	13.8708	52.343	38.48
655	13.7776	52.3861	192.39
656	13.8103	52.48	108.08
657	13.7099	52.4852	108.06
658	13.7624	52.452	62.47
659	13.6241	52.2869	215.37
660	13.5749	52.3616	137
661	13.6098	52.3475	83.11
662	13.6691	52.2256	77.72
663	13.6218	52.3252	91.2
664	13.6898	52.1744	18
665	13.8193	52.1294	14.79
666	13.5462	52.2749	48.72
667	13.6666	52.3265	32.34
668	13.8103	52.2176	16.92
669	13.7552	52.2788	65.52
670	13.6076	52.1359	32.12
671	13.7031	52.1023	25.91
672	13.713	52.3111	32.85
673	13.4256	52.2274	163.64
674	13.409	52.3284	110.32
675	13.438	52.356	150.47
676	13.4479	52.294	63.17
677	13.5128	52.04	39.1
678	13.4314	52.1498	80.42
679	14.2383	52.2175	190.92
680	13.9097	52.2161	90.78
681	14.0606	52.1921	46.05
682	13.9064	51.9461	149.98
683	13.8856	52.0212	80.91
684	14.1482	51.9629	83.5
685	13.6731	51.828	155.24
686	13.4281	51.8973	58.97
687	13.6329	51.9447	53.72
688	13.8196	52.8535	248.47
689	13.7421	52.8422	208.47
690	13.8679	52.8925	78.38
691	13.6821	52.8632	77.96
692	13.7832	52.9825	56.57
693	14.0063	52.8805	78.5
694	14.0362	52.7658	229.12
695	14.1066	52.7006	104.75
696	14.0047	53.0662	195.47
697	14.2007	53.1737	102.86
698	13.5818	52.676	341.61
699	13.5291	52.6418	139.99
700	13.5552	52.8653	137.77
701	13.4549	52.6871	68.08
702	13.7038	52.6321	146.52
703	13.585	52.7683	55.88
704	13.2493	52.8126	407.47
705	13.2771	52.6662	106.08
706	13.3063	52.7068	60.55
707	13.3354	52.635	59.43
708	13.3727	52.641	35.97
709	13.2817	52.7234	34.03
710	13.4362	52.8698	36.68
711	13.3313	52.6816	36
712	13.2934	52.7475	24.19
713	13.3656	52.676	41.16
714	13.1548	52.6835	202.3
715	13.2124	52.6406	254.72
716	13.0232	52.7847	66.84
717	13.1432	52.7476	76.03
718	13.2059	52.9988	227.58
719	13.3997	53.0019	113.53
720	13.172	53.1958	59.16
721	12.7814	52.9008	264.73
722	12.7624	52.8946	86.34
723	12.8562	52.9824	30.14
724	12.9027	53.1153	71.06
725	12.7889	52.7923	76.03
726	12.9674	52.9337	57.83
727	12.7606	53.1623	19.04
728	12.4235	52.8658	153.46
729	12.3125	52.9769	157.13
730	12.4982	52.8983	35.74
731	12.5056	53.1499	223.68
732	12.3706	53.2868	12.63
733	12.2138	53.1447	210.25
734	12.2193	53.2956	37.35
735	12.0337	53.2771	40.13
736	13.2605	53.5324	263
737	13.2979	53.579	294.02
738	13.3131	53.5427	202.34
739	13.291	53.6086	96.48
740	13.2424	53.6973	70.01
741	13.2823	53.7623	61.44
742	13.1146	53.6667	78.55
743	13.323	53.4938	95.3
744	13.5772	53.6715	73.32
745	13.6037	53.655	46.55
746	13.0344	53.9245	140.46
747	13.0498	53.871	98.73
748	13.1657	53.995	77.64
749	13.346	53.9157	31.81
750	13.2873	53.8927	61.59
751	12.7698	53.7177	149
752	12.9233	53.6833	123.4
753	12.7869	53.8267	24.42
754	12.8495	53.921	57.88
755	12.568	53.7385	148.51
756	12.5917	53.873	66.1
757	12.6599	53.955	74.63
758	12.7385	53.5088	280.22
759	12.5585	53.5944	50.57
760	12.6477	53.3712	73.67
761	12.5011	53.3544	72.46
762	12.4578	53.4536	94.4
763	12.3914	53.5357	15.61
764	13.077	53.5166	46.08
765	12.945	53.5246	31.22
766	13.0563	53.3377	239.93
767	13.2411	53.3501	88.47
768	12.7638	53.3317	30.28
769	12.8329	53.2904	55.97
770	12.9832	53.2407	39.22
771	13.369	53.3195	44.98
772	13.4812	53.3828	8.29
773	13.6204	53.1713	277.93
774	13.3387	53.198	38.79
775	13.85	53.2898	408.17
776	14.0411	53.5187	219.17
777	14.222	53.4987	48.41
778	14.3089	53.4669	35.74
779	14.1534	53.3856	27.3
780	14.2157	53.3022	24.93
781	13.7478	53.5145	78.65
782	13.8726	53.4857	44.85
783	13.5825	53.4699	50.62
784	13.5409	53.5052	46.89
785	14.077	53.6322	126.99
786	14.1266	53.6736	67.95
787	14.0523	53.7317	105.32
788	14.2152	53.6722	85.62
789	13.8361	53.6594	71.5
790	13.7253	53.8453	161.42
791	13.6574	53.9239	41.27
792	13.4953	53.8341	43.13
793	13.5524	53.7731	44.19
794	13.8006	53.7828	47.64
795	13.9625	53.9191	32.84
796	14.1253	53.9105	60.24
797	14.1465	53.9479	35
798	14.069	53.9426	42.37
799	13.7608	54.0623	144.38
800	13.7783	54.0215	77.3
801	14.0219	54.0301	44.32
802	13.5529	53.9865	57.05
803	13.2906	54.0897	98.61
804	13.4205	53.9457	49.87
805	13.611	54.0957	83.52
806	12.0898	54.0289	254.31
807	12.3807	54.0612	57.29
808	12.4986	54.0251	78.97
809	12.229	54.0138	66.94
810	12.0273	54.0636	37.35
811	11.9413	54.139	59.51
812	11.669	54.0929	50.19
813	11.667	54.0036	73.84
814	11.7954	54.0343	50.31
815	11.9047	54.0028	60.43
816	11.9269	53.8884	150.83
817	11.9234	53.7769	44.15
818	12.0869	53.9324	82.98
819	12.2094	53.7958	330.14
820	12.086	53.771	112.03
821	12.392	53.7486	45.61
822	12.2954	53.6594	62.81
823	12.3374	53.9123	109.19
824	12.6176	54.1306	68.52
825	12.8898	54.0598	40.6
826	13.1255	54.0816	46.09
827	11.4065	53.6264	185.81
828	11.4297	53.6562	129.05
829	11.3438	53.6502	156.27
830	11.3934	53.6368	129.36
831	11.3922	53.5931	162.39
832	11.4474	53.5875	289.25
833	11.5525	53.6111	39.84
834	11.5303	53.6998	44.38
835	11.3972	53.7232	57.1
836	11.2723	53.6744	40.85
837	11.26	53.591	62.98
838	11.3357	53.5541	37.16
839	11.4064	53.4817	38.6
840	11.5346	53.5172	41.97
841	11.5023	53.5539	36.7
842	11.7072	53.5643	101.39
843	11.1102	53.6966	134.62
844	11.1649	53.6329	28.71
845	10.9655	53.7615	93.08
846	11.2319	53.4083	219.61
847	11.095	53.5128	99.21
848	10.9272	53.547	58
849	11.0808	53.2892	51.79
850	10.9496	53.4123	25.64
851	10.9686	53.2714	81.34
852	11.418	53.357	189.69
853	11.393	53.2167	87.73
854	11.5873	53.2327	102.48
855	11.1816	53.2024	53.47
856	11.5995	53.4067	85.57
857	11.49	53.1061	44.24
858	11.7849	52.9802	278.48
859	11.9629	52.9685	44.73
860	12.1057	52.9318	20.66
861	11.8625	53.1441	198
862	11.7059	53.1813	82.4
863	11.7903	53.4374	205.43
864	11.8064	53.3588	59.38
865	11.8048	53.5269	68.77
866	11.941	53.35	33.91
867	12.0541	53.4471	124.9
868	12.2424	53.4582	98.67
869	12.0957	53.6001	82.57
870	11.9036	53.6882	100.87
871	11.6917	53.7206	59.93
872	11.6681	53.8071	58.78
873	10.8964	53.8519	118.19
874	11.1519	53.8525	174.86
875	11.0109	53.9382	49.46
876	11.2045	53.9853	26.29
877	11.1583	53.9496	63.96
878	11.3301	53.8281	244.81
879	11.3602	53.9006	145.67
880	11.4893	53.9035	182.56
881	11.4952	53.8377	34.38
882	11.5738	53.9563	54.16
883	11.6778	53.8962	76.71
884	11.4279	53.7954	67.25
885	11.4367	53.9958	28.32
886	11.1389	52.8655	209.52
887	10.9458	52.8087	96.43
888	11.2215	52.8103	95.44
889	11.1543	52.9831	98.09
890	11.0841	53.1026	87.48
891	10.9949	53.1593	50.91
892	10.923	52.9576	24.99
893	11.1089	52.9274	31.25
894	11.4587	53.0202	14.58
895	11.1649	53.1472	3.7
896	10.8874	53.1206	7.21
897	11.3664	53.041	6.24
898	11.1849	53.0882	13.08
899	11.4295	53.0575	7.37
900	11.0488	53.05	11.28
901	10.9782	53.0899	7.65
902	11.033	52.9978	14.08
903	11.2692	53.0899	7.14
904	11.3261	52.913	15.29
905	11.0362	52.9419	6.17
906	11.1967	52.9129	8.38
907	11.403	52.9776	5.39
908	11.5433	53.0272	6.74
909	11.2768	53.0056	10.54
910	10.9546	53.0065	10.07
911	11.2381	52.9501	10.48
912	10.9967	52.2337	264.68
913	10.9674	52.1368	143.14
914	10.9546	52.305	50.41
915	11.0149	52.165	34.1
916	11.0098	52.3728	21.13
917	10.9326	52.5322	18.86
918	11.0965	52.6228	134.95
919	11.0035	52.6778	58.84
920	11.0755	51.9002	390.2
921	10.955	51.9254	77.66
922	11.198	51.885	33.75
923	11.103	51.8625	22.43
924	11.0222	51.9994	49.69
925	10.9212	51.7704	233.64
926	10.9641	51.8682	45.39
927	11.6333	52.1208	223.35
928	11.6529	52.1474	179.5
929	11.6196	52.1328	218.51
930	11.5751	52.1271	131.87
931	11.6165	52.1131	191.74
932	11.6857	52.1301	136.83
933	11.5609	52.0942	109.34
934	11.6083	52.0885	159.15
935	11.6352	52.0885	104.86
936	11.6649	52.0709	116.57
937	11.6475	52.1555	221.07
938	11.6682	52.1907	123.75
939	11.6103	52.1665	236.64
940	11.5776	52.1612	234.29
941	11.4173	52.0586	106.2
942	11.4601	52.1372	128.74
943	11.5575	52.0175	110.12
944	11.771	52.1532	105.78
945	11.6003	52.2003	75.9
946	11.7373	52.0214	371.91
947	11.7047	51.9751	102
948	11.8425	51.898	186.3
949	11.8341	52.0627	89.99
950	11.8479	51.972	75.84
951	12.0874	51.9721	167.73
952	11.9645	51.9835	123.13
953	12.0657	52.101	64.71
954	11.8702	52.2783	237.24
955	11.9929	52.2269	243.13
956	12.1555	52.3857	248.42
957	11.985	52.3918	70.25
958	12.0395	52.4891	34.71
959	11.6354	52.2815	350.66
960	11.4436	52.3096	186.16
961	11.303	52.2398	171.21
962	11.3643	52.3299	61.83
963	11.0882	52.3159	63.56
964	11.1903	52.3911	61.35
965	11.1904	52.1499	142.94
966	11.2048	52.0256	227
967	11.0809	52.1035	105.08
968	11.217	51.9491	77.07
969	11.3321	52.0067	41.21
970	11.5769	51.8409	240.11
971	11.4909	51.9149	131.2
972	11.6101	51.7922	59.83
973	11.6331	51.89	51.75
974	11.5241	51.8471	40.08
975	11.5515	51.8912	34.74
976	11.4052	51.9752	40.59
977	11.7737	52.4372	165.79
978	12.1079	52.6586	103.2
979	12.1428	52.8411	75.68
980	11.8872	52.6148	415.23
981	11.7309	52.6642	90.67
982	11.9362	52.5781	120.1
983	11.942	52.7088	73.62
984	11.6928	52.5656	49.33
985	11.7192	52.7742	194.81
986	11.7715	52.9326	127.93
987	11.4804	52.8907	40.73
988	11.4195	52.6908	107.05
989	11.5398	52.662	37.27
990	11.4033	52.5043	243.96
991	11.0232	52.4577	72.34
992	11.178	52.4986	47.57
993	11.0301	50.9782	208.41
994	11.0634	51.0062	152.4
995	11.0314	51.0005	211.05
996	11.0265	51.0266	128.66
997	11.0163	50.9998	121.76
998	10.999	51.0199	253.05
999	10.9776	50.9967	132.11
1000	10.9908	50.94	76.3
1001	11.0382	50.9567	135.96
1002	11.0685	50.9443	179.59
1003	11.1273	50.9829	2.03
1004	11.0676	50.9654	278.02
1005	11.0981	50.9251	34
1006	10.9566	51.078	114.42
1007	11.0858	51.0784	117.97
1008	11.144	51	84.27
1009	11.043	50.8811	80.81
1010	11.3284	50.9823	146.06
1011	11.3397	50.9721	240.43
1012	11.3072	51.0089	204.5
1013	11.2394	50.9791	72.12
1014	11.2795	50.9114	90.35
1015	11.3082	51.0645	94.95
1016	11.4488	50.9531	85.46
1017	11.3577	50.8524	68.77
1018	11.2103	50.856	61.14
1019	11.538	51.0368	375.21
1020	11.6007	51.0874	67.55
1021	11.2005	51.1627	268.4
1022	11.2857	51.2121	95.59
1023	11.3922	51.1442	69.25
1024	11.0618	51.2104	49.72
1025	10.9886	51.1633	48.45
1026	11.382	51.1993	37.17
1027	11.094	51.25	35.86
1028	10.8985	51.3674	256.33
1029	10.9155	51.2644	106.56
end {BasicAreas}
