begin {Parameters}
Number of BasicAreas
313
Basic Area Type
Point
Metric
geodecimal
end {Parameters}

#Parameter ExtId	XPos	YPos	Activity
begin {BasicAreas}
0	11.3212	50.6278	327.88
1	11.3804	50.5568	35.03
2	11.4225	50.6812	26.56
3	11.4697	50.6327	44.39
4	11.4945	50.6638	22.08
5	11.5078	50.5844	76.96
6	11.5263	50.4502	38.32
7	11.458	50.4667	22.6
8	11.6089	50.4914	102.01
9	11.6574	50.4178	51.36
10	11.6625	50.526	52.91
11	11.6101	50.6797	210.1
12	11.5212	50.6626	28.5
13	11.6823	50.6571	49.93
14	11.3639	50.753	392.43
15	11.1845	50.6763	118.33
16	11.1046	50.6499	80.08
17	11.2103	50.6457	7.08
18	11.2097	50.6179	16.47
19	11.7673	50.8507	172.1
20	11.5517	50.804	145.52
21	11.7224	50.7166	117.32
22	11.8461	50.7337	76.92
23	11.8112	50.6046	126.86
24	11.8488	50.4912	44.5
25	11.7125	50.6054	26.06
26	11.8658	50.4389	30.34
27	11.8121	50.4203	26.74
28	11.7516	50.4999	18.13
29	10.957	49.5898	294.7
30	11.1425	49.6267	120.99
31	11.0703	49.6115	81.13
32	11.0274	49.6603	64.2
33	10.8138	49.6289	56.65
34	11.0163	49.626	45.15
35	11.1074	49.6638	26.46
36	10.8711	49.6267	23.79
37	10.907	49.6386	33.36
38	11.0578	49.6405	27.8
39	10.9701	49.6502	40.59
40	11.0658	49.665	14.84
41	11.3725	49.5901	82.53
42	11.4938	49.604	32.12
43	11.3442	49.6239	32.52
44	11.5269	49.7414	143.5
45	11.6104	49.6909	92.76
46	11.4228	49.768	54.95
47	11.7181	49.7633	34.39
48	11.4088	49.6697	24.69
49	11.5462	49.6307	29.82
50	11.3271	49.7044	22.1
51	11.4737	49.6588	13.02
52	11.5936	49.8059	9.97
53	11.0379	49.7216	308.14
54	10.8395	49.7191	131.98
55	11.2133	49.7855	67.64
56	11.2401	49.665	40.62
57	10.9135	49.7083	69.28
58	11.3087	49.7718	42.48
59	11.0851	49.7938	59.85
60	11.1562	49.8815	37.53
61	10.9452	49.6894	53.04
62	10.9705	49.7019	47.04
63	11.2184	49.6264	44.38
64	10.9215	49.671	47.75
65	11.3327	49.8429	32.41
66	11.2535	49.8286	25.62
67	11.2512	49.9014	13.59
68	11.2562	49.7144	21.45
69	10.8513	49.6861	14.21
70	10.9799	49.7561	37.3
71	11.0177	49.698	34.95
72	11.3216	49.6619	14.67
73	11.1542	49.7345	23.92
74	11.1654	49.6751	14.33
75	11.1866	49.6994	17.05
76	11.1138	49.695	17.98
77	11.2024	49.7436	23.84
78	11.173	49.8301	12.55
79	11.1339	49.7511	20.34
80	11.2692	49.6271	11.55
81	11.1405	49.7114	16.33
82	10.6236	49.6013	33.88
83	10.7197	49.6488	16.3
84	10.7097	49.6176	22.77
85	10.6338	49.6285	13.38
86	10.7486	49.7082	18.94
87	10.5562	49.693	10.98
88	10.5963	49.6578	15.13
89	10.7052	49.6715	26.67
90	10.6616	49.7032	14.85
91	11.8025	49.6112	64.5
92	11.7209	49.5886	19.1
93	11.6555	49.6024	16.93
94	11.8196	49.6876	69.39
95	11.8347	49.7632	50.52
96	11.8662	50.3212	146.64
97	11.687	50.3303	87.47
98	11.6119	50.307	56.51
99	11.6429	50.356	36.89
100	11.758	50.3235	50.04
101	11.8813	50.1117	37.66
102	11.8408	50.258	36.46
103	11.587	50.3547	34.08
104	11.7817	50.3807	27.58
105	11.7243	50.3794	12.23
106	11.8397	50.3576	39.23
107	11.8064	50.2937	14.29
108	11.6719	50.3797	11.88
109	11.7334	50.2754	23.05
110	11.757	50.1954	119.18
111	11.704	50.2428	100.41
112	11.8525	50.1555	19.23
113	11.7042	50.1535	27.24
114	11.798	50.1379	22.69
115	11.4285	50.1268	282.46
116	11.3539	50.1128	69.4
117	11.5912	50.106	51.82
118	11.5186	50.1858	36.31
119	11.3994	50.0025	45.89
120	11.6405	50.1731	35.18
121	11.5467	50.2315	22.33
122	11.6142	50.2057	13.83
123	11.5722	50.1667	5.62
124	11.3475	50.0436	25.17
125	11.51	50.1026	17.6
126	11.5878	50.149	11.91
127	11.5637	50.1282	9.96
128	11.4585	50.2058	10.62
129	11.5306	50.0739	17.11
130	11.5163	50.1389	20.5
131	11.5783	49.9458	117.81
132	11.5492	49.9581	217.91
133	11.558	49.9179	175.41
134	11.6235	49.9325	225.95
135	11.6688	50.057	51.62
136	11.5991	50.0006	66.49
137	11.7709	49.9941	80.15
138	11.7878	49.8697	60.04
139	11.6178	49.8558	67.72
140	11.745	50.0919	49.2
141	11.7951	49.995	25.56
142	11.4582	49.9582	50.46
143	11.4253	49.909	37.13
144	11.4544	49.8443	22.66
145	11.7967	50.0549	21.35
146	11.5443	49.9005	11.3
147	11.4501	49.8914	14.22
148	11.6856	50.0012	35.73
149	11.5736	50.0357	10.23
150	11.5268	49.9831	38.31
151	11.6117	50.062	33.84
152	11.4983	49.8712	25.06
153	11.8526	49.9264	19.12
154	11.6515	50.0992	17.11
155	11.5121	49.9146	15.34
156	11.5107	50.0283	37.39
157	11.8112	49.8229	13.25
158	11.3384	49.8969	9.37
159	11.689	49.8955	23.3
160	11.7449	49.7999	18.88
161	11.8844	50.0511	26.54
162	10.8973	49.8903	91.97
163	10.8804	49.8772	193.56
164	10.932	49.8788	146.53
165	10.89	49.913	258.17
166	10.8728	49.9342	84.55
167	10.7142	50.099	75.48
168	11.0469	49.9848	71.2
169	10.9817	49.8131	108.04
170	10.9793	49.9511	86.38
171	10.8012	49.9058	57.88
172	11.0393	49.9175	58.67
173	10.6828	50.1962	45.69
174	11.0113	49.8813	78.26
175	10.6271	49.7612	57.06
176	10.8498	49.865	62.89
177	10.7267	49.825	61.31
178	11.2859	49.9467	53.13
179	10.8137	50.1994	41.01
180	11.0155	49.8013	19.79
181	10.8186	50.0007	37.3
182	10.9255	49.9718	44.4
183	10.7133	50.023	10.59
184	10.5688	49.7334	23.71
185	10.5814	49.8363	14.82
186	11.0643	49.8326	29.99
187	10.8771	49.813	46.5
188	10.7966	50.0369	9.98
189	10.9241	49.9405	33.55
190	10.868	49.9634	25.44
191	10.7066	50.0436	14.61
192	11.1577	49.9464	13.84
193	10.781	49.9841	11.03
194	10.7211	49.9022	31.83
195	10.7643	49.7632	15.73
196	10.792	49.9471	47.21
197	10.9368	49.8369	18
198	10.7415	50.1531	15.8
199	10.8201	49.7748	26.39
200	10.8834	50.0418	45.76
201	10.5619	49.9215	30.99
202	10.8316	50.0305	17.48
203	10.7883	50.0574	15.21
204	10.6735	49.8681	18.64
205	11.1868	49.9929	12.66
206	10.7313	49.9779	12.85
207	10.8392	50.1192	18.57
208	10.7604	49.9265	36.72
209	10.7129	49.7536	19.79
210	10.7725	49.8797	24.34
211	11.1461	50.0293	7.2
212	11.3113	49.9865	11.3
213	10.9604	50.0188	48.81
214	11.0877	50.1359	215.1
215	11.2847	50.144	70.35
216	11.0235	50.1082	106.23
217	11.0754	50.239	63.11
218	11.1501	50.2424	54.08
219	11.1327	50.184	70
220	10.971	50.0704	56.76
221	10.9625	50.204	43.6
222	11.217	50.182	48.2
223	11.2412	50.0531	50.33
224	11.249	50.1219	56.51
225	11.2318	50.2551	31.37
226	10.9251	50.182	23.02
227	11.0248	50.236	31.25
228	11.1753	50.1394	17.55
229	10.9012	50.1352	21.98
230	11.1736	50.1698	16.89
231	11.2097	50.22	11.88
232	11.1529	50.2032	34.41
233	11.3441	50.2497	183.23
234	11.2919	50.1993	81.18
235	11.3192	50.3637	44.46
236	11.3722	50.4797	40.78
237	11.2946	50.309	52.17
238	11.5047	50.2829	33.4
239	11.4724	50.3365	41.58
240	11.3834	50.3228	43.1
241	11.2794	50.4426	27.41
242	11.4046	50.3967	33.56
243	11.3359	50.433	36.71
244	11.4122	50.2453	41.35
245	11.5496	50.3644	21.53
246	11.4624	50.3932	6.76
247	11.3669	50.1918	32.41
248	10.9774	50.2639	433.76
249	11.1131	50.314	168.78
250	11.0441	50.3163	139.66
251	10.8102	50.3299	66.3
252	10.8755	50.2494	49.58
253	10.9177	50.226	46.31
254	10.8962	50.3422	41.09
255	10.9737	50.3397	39.63
256	10.9997	50.2912	41.02
257	10.9917	50.2261	17.6
258	11.2333	50.3905	279.68
259	11.1979	50.4437	79.01
260	11.2005	50.3132	73.45
261	11.0268	50.396	84.85
262	11.1203	50.4001	31.66
263	10.5355	50.1406	52.85
264	10.6088	50.0247	61.24
265	10.6722	49.9612	56.53
266	10.564	50.0792	38.09
267	10.527	50.2001	10.13
268	10.6389	50.1367	15.41
269	10.6965	49.9984	40.75
270	10.6354	49.9255	44.74
271	10.586	49.99	30.83
272	10.5631	50.2441	13.01
273	10.3775	50.3134	95.26
274	10.7099	50.5947	275.71
275	10.738	50.6413	122.12
276	10.6531	50.6055	88.92
277	10.5584	50.5802	48.9
278	10.6854	50.6587	129.33
279	10.5159	50.6337	56.43
280	10.7524	50.5449	125.47
281	10.598	50.645	27.25
282	10.7394	50.6894	26.89
283	10.6056	50.7033	106.27
284	10.4826	50.4299	111.1
285	10.6907	50.3978	206.03
286	10.6501	50.4934	58.7
287	10.7219	50.2758	57.3
288	10.9406	50.5197	45.83
289	10.8575	50.5248	41.67
290	10.8165	50.412	26.91
291	10.8897	50.4371	92.17
292	10.9843	50.4547	26.3
293	10.8929	50.6947	290.9
294	10.9934	50.5977	83.35
295	10.975	50.6748	66.69
296	10.9983	50.6385	55.38
297	10.8299	50.6092	36.5
298	10.8639	50.633	18.2
299	10.8312	50.7068	62.8
300	11.1478	50.4994	113.08
301	11.2329	50.5406	51.25
302	11.2863	50.5123	30.92
303	11.1624	50.5822	50.59
304	11.0568	50.5486	57.09
305	11.0739	50.4726	25.05
306	11.0016	50.8159	335.24
307	11.105	50.7598	96.18
308	10.8022	50.7416	69.8
309	10.8776	50.7784	39.26
310	10.7608	50.7914	95.31
311	10.6547	50.7983	80.26
312	10.5946	50.7663	46.2
end {BasicAreas}
