begin {Parameters}
Number of BasicAreas
4000
Number of districts
10
District Capacity
400
Basic Area Type
Point
Metric
l2
end {Parameters}

#Parameter	ExtId	XPos	YPos	Activity
begin {BasicAreas}
0	555.384	9575.32	1
1	539.18	9566.07	1
2	551.92	9583.62	1
3	545.781	9579.03	1
4	539.18	9566.07	1
5	542.65	9568.39	1
6	542.65	9568.39	1
7	553.788	9583.29	1
8	543.987	9582.46	1
9	550.166	9588.03	1
10	553.042	9588.8	1
11	553.668	9585.31	1
12	553.717	9584.39	1
13	556.734	9587.83	1
14	542.65	9568.39	1
15	562.58	9573.26	1
16	549.751	9585.65	1
17	544.287	9587.52	1
18	549.809	9584.28	1
19	553.647	9584.81	1
20	545.756	9584.71	1
21	539.18	9566.07	1
22	547.83	9581.62	1
23	557.495	9587.89	1
24	545.049	9587.6	1
25	549.404	9583.58	1
26	539.18	9566.07	1
27	553.797	9583.06	1
28	551.222	9587.55	1
29	552.174	9583.62	1
30	557.773	9588.17	1
31	549.657	9587.08	1
32	542.65	9568.39	1
33	542.65	9568.39	1
34	543.017	9583.67	1
35	551.746	9583.44	1
36	550.377	9581.35	1
37	544.161	9581.3	1
38	548.359	9586.58	1
39	548.082	9581.62	1
40	548.382	9577.3	1
41	546.274	9588.05	1
42	546.387	9583.99	1
43	551.197	9587.54	1
44	558.745	9585.37	1
45	551.285	9587.68	1
46	545.196	9588.16	1
47	559.107	9589.86	1
48	562.58	9573.26	1
49	535.74	9588.77	1
50	556.166	9576.51	1
51	545.991	9582.75	1
52	554.684	9584.33	1
53	553.601	9582.88	1
54	562.58	9573.26	1
55	549.79	9589.69	1
56	556.061	9586.21	1
57	554.707	9587.42	1
58	553.701	9584.36	1
59	542.65	9568.39	1
60	555.972	9588.01	1
61	549.664	9579.86	1
62	547.108	9581.38	1
63	551.684	9583.29	1
64	542.357	9584.39	1
65	539.18	9566.07	1
66	539.18	9566.07	1
67	570.86	9566.12	1
68	547.676	9576.39	1
69	545.354	9582.01	1
70	549.375	9589.91	1
71	556.633	9587.08	1
72	539.18	9566.07	1
73	556.155	9572.89	1
74	547.724	9576.24	1
75	542.65	9568.39	1
76	552.466	9574.79	1
77	543.448	9583.33	1
78	553.536	9585.38	1
79	552.823	9587.99	1
80	545.199	9588.48	1
81	535.74	9588.77	1
82	542.093	9578.2	1
83	539.18	9566.07	1
84	558.078	9558.38	1
85	539.18	9566.07	1
86	548.886	9586.25	1
87	552.139	9584.39	1
88	542.65	9568.39	1
89	543.076	9578.23	1
90	544.466	9574.46	1
91	548.741	9575.51	1
92	555.398	9575.96	1
93	556.104	9576.34	1
94	545.73	9580.36	1
95	539.18	9566.07	1
96	552.75	9588.08	1
97	558.625	9587.08	1
98	558.078	9558.38	1
99	546.774	9583.42	1
100	549.204	9587.4	1
101	558.078	9558.38	1
102	558.078	9558.38	1
103	548.89	9590.11	1
104	552.414	9587.78	1
105	556.1	9588.01	1
106	556.316	9576.56	1
107	557.698	9586.37	1
108	546.749	9583.44	1
109	545.054	9577.46	1
110	552.142	9588.15	1
111	551.229	9588.01	1
112	543.498	9578.98	1
113	535.714	9588.77	1
114	545.103	9589.13	1
115	558.593	9577.7	1
116	535.718	9588.78	1
117	551.771	9583.44	1
118	539.18	9566.07	1
119	544.642	9583.34	1
120	535.714	9588.78	1
121	547.958	9589.02	1
122	535.701	9588.79	1
123	562.58	9573.26	1
124	535.714	9588.78	1
125	554.362	9587.81	1
126	546.641	9590.75	1
127	535.718	9588.79	1
128	545.89	9587.61	1
129	538.106	9583.81	1
130	548.419	9577.46	1
131	555.082	9581.07	1
132	548.158	9586.42	1
133	547.64	9583.09	1
134	543.99	9547.08	1
135	539.18	9566.07	1
136	550.719	9579.95	1
137	556.615	9575.73	1
138	546.774	9580.06	1
139	552.767	9588.21	1
140	570.86	9566.12	1
141	547.607	9588.58	1
142	544.858	9587.46	1
143	538.508	9583.43	1
144	545.246	9586.45	1
145	556.755	9584.55	1
146	556.526	9587.73	1
147	547.686	9582.37	1
148	570.86	9566.12	1
149	558.078	9558.38	1
150	545.297	9588.63	1
151	545.58	9552.76	1
152	551.815	9588.24	1
153	545.58	9552.76	1
154	539.18	9566.07	1
155	555.764	9572.91	1
156	570.86	9566.12	1
157	556.868	9584.5	1
158	554.754	9586.13	1
159	542.65	9568.39	1
160	552.35	9579.44	1
161	551.135	9586.45	1
162	547.771	9580.45	1
163	542.657	9585.58	1
164	555.337	9585.91	1
165	546.834	9589.85	1
166	570.86	9566.12	1
167	558.078	9558.38	1
168	542.65	9568.39	1
169	548.286	9586.64	1
170	546.195	9582.89	1
171	535.722	9588.79	1
172	542.65	9568.39	1
173	553.089	9588.21	1
174	546.463	9583.78	1
175	544.274	9587.6	1
176	551.323	9579.94	1
177	554.181	9584.92	1
178	547.901	9585.19	1
179	544.746	9578.07	1
180	545.96	9586.4	1
181	552.626	9585.95	1
182	539.18	9566.07	1
183	547.574	9582.31	1
184	556.973	9573.66	1
185	538.303	9583.72	1
186	544.608	9584.73	1
187	552.868	9585.08	1
188	539.18	9566.07	1
189	548.57	9589.27	1
190	544.483	9582.13	1
191	546.506	9589.71	1
192	549.092	9589	1
193	545.268	9577.42	1
194	547.657	9578.89	1
195	550.555	9586.02	1
196	548.109	9581.66	1
197	547.827	9584.23	1
198	547.345	9587.41	1
199	545.455	9578.66	1
200	554.281	9584.78	1
201	545.58	9552.76	1
202	549.078	9589.86	1
203	549.353	9589.81	1
204	549.164	9589.85	1
205	549.518	9589.82	1
206	548.829	9590.02	1
207	548.104	9590.46	1
208	548.595	9590.07	1
209	545.844	9586.23	1
210	549.261	9590.14	1
211	546.502	9588.31	1
212	546.562	9587.81	1
213	549.008	9590.14	1
214	543.555	9581.13	1
215	544.661	9585	1
216	543.377	9581.13	1
217	535.696	9588.78	1
218	548.882	9581.76	1
219	542.65	9568.39	1
220	537.907	9587.04	1
221	539.18	9566.07	1
222	536.224	9587.06	1
223	553.682	9585.09	1
224	555.129	9585.28	1
225	535.705	9588.79	1
226	535.718	9588.79	1
227	559.325	9588.39	1
228	552.053	9587.13	1
229	555.453	9575.08	1
230	552.821	9587.91	1
231	542.65	9568.39	1
232	538.036	9583.79	1
233	545.839	9589.32	1
234	535.722	9588.78	1
235	546.2	9588.34	1
236	539.18	9566.07	1
237	539.18	9566.07	1
238	549.173	9583.09	1
239	550.866	9583.66	1
240	541.916	9582.54	1
241	552.435	9585.33	1
242	557.923	9586.79	1
243	558.078	9558.38	1
244	545.58	9552.76	1
245	542.65	9568.39	1
246	535.7	9588.8	1
247	543.403	9585.27	1
248	548.038	9584.93	1
249	554.849	9587.37	1
250	551.202	9587.55	1
251	538.277	9584.01	1
252	555.424	9587.11	1
253	535.768	9588.76	1
254	552.656	9586.29	1
255	550.728	9581.04	1
256	546.793	9580.23	1
257	550.03	9586.84	1
258	549.043	9583.16	1
259	546.818	9591.05	1
260	555.292	9578.32	1
261	549.014	9586.55	1
262	556.772	9576.47	1
263	549.884	9587.37	1
264	544.077	9579.54	1
265	562.58	9573.26	1
266	542.65	9568.39	1
267	542.65	9568.39	1
268	542.65	9568.39	1
269	535.705	9588.79	1
270	542.65	9568.39	1
271	542.65	9568.39	1
272	545.992	9580.53	1
273	546.338	9579.81	1
274	545.56	9588.15	1
275	553.934	9586.23	1
276	553.121	9586.04	1
277	552.79	9588.18	1
278	552.811	9586.37	1
279	552.65	9586.22	1
280	539.18	9566.07	1
281	555.361	9575.28	1
282	542.65	9568.39	1
283	544.951	9587.65	1
284	558.535	9586.38	1
285	542.65	9568.39	1
286	554.527	9584.63	1
287	570.86	9566.12	1
288	542.694	9582.71	1
289	555.032	9586.99	1
290	547.914	9589.5	1
291	535.718	9588.79	1
292	554.228	9587.83	1
293	543.007	9582.92	1
294	546.622	9575.73	1
295	557.684	9580.44	1
296	539.18	9566.07	1
297	556.571	9582.78	1
298	551.82	9585.04	1
299	558.393	9582.64	1
300	535.744	9588.78	1
301	546.753	9580.48	1
302	570.86	9566.12	1
303	542.65	9568.39	1
304	559.013	9580.9	1
305	539.18	9566.07	1
306	570.86	9566.12	1
307	547.621	9583.1	1
308	550.455	9583.98	1
309	562.58	9573.26	1
310	558.788	9585.44	1
311	557.669	9581.05	1
312	555.732	9582.01	1
313	541.301	9582.99	1
314	544.186	9588.38	1
315	535.714	9588.76	1
316	542.65	9568.39	1
317	542.65	9568.39	1
318	552.808	9588.07	1
319	555.558	9581.01	1
320	543.242	9584.13	1
321	545.489	9589.98	1
322	545.823	9581.92	1
323	546.566	9583.78	1
324	556.028	9580.49	1
325	535.687	9588.77	1
326	546.167	9589.35	1
327	550.425	9584.46	1
328	543.191	9582.8	1
329	542.65	9568.39	1
330	542.65	9568.39	1
331	544.541	9582.32	1
332	558.078	9558.38	1
333	552.577	9584.58	1
334	545.58	9552.76	1
335	552.734	9588.22	1
336	542.65	9568.39	1
337	542.65	9568.39	1
338	542.65	9568.39	1
339	542.65	9568.39	1
340	542.65	9568.39	1
341	544.58	9583.1	1
342	544.098	9581.31	1
343	550.576	9579.87	1
344	544.481	9589.05	1
345	549.488	9589.67	1
346	548.871	9590.13	1
347	555.612	9579.63	1
348	562.58	9573.26	1
349	539.18	9566.07	1
350	548.652	9589.91	1
351	542.65	9568.39	1
352	535.696	9588.79	1
353	550.214	9589.54	1
354	548.972	9590.03	1
355	548.783	9590.15	1
356	546.328	9587.78	1
357	549.64	9589.92	1
358	548.319	9584.77	1
359	555.333	9588.24	1
360	549.602	9589.93	1
361	535.776	9588.77	1
362	548.803	9590.13	1
363	557.527	9587.96	1
364	548.034	9584.24	1
365	549.445	9589.99	1
366	535.714	9588.78	1
367	535.696	9588.8	1
368	549.393	9589.86	1
369	541.064	9584.66	1
370	549.938	9583.88	1
371	549.33	9589.58	1
372	548.881	9590.18	1
373	552.742	9588.1	1
374	548.868	9590.19	1
375	546.916	9580.54	1
376	558.441	9585.19	1
377	552.829	9587.88	1
378	549.585	9589.97	1
379	549.505	9590.03	1
380	549.063	9590.17	1
381	541.567	9583.78	1
382	549.55	9589.78	1
383	549.803	9589.81	1
384	549.668	9589.99	1
385	548.92	9590.17	1
386	542.32	9583.96	1
387	570.86	9566.12	1
388	551.748	9588.89	1
389	549.049	9590.18	1
390	547.072	9589.55	1
391	555.502	9573.38	1
392	549.466	9589.93	1
393	545.184	9582.65	1
394	542.618	9577.87	1
395	549.005	9590.17	1
396	545.102	9588.25	1
397	535.709	9588.78	1
398	547.271	9582.87	1
399	549.643	9589.87	1
400	548.986	9590.13	1
401	549.52	9588.58	1
402	548.968	9590.03	1
403	551.547	9583.24	1
404	549.48	9590.09	1
405	549.3	9576.04	1
406	549.059	9590.05	1
407	549.417	9590.1	1
408	549.396	9589.95	1
409	552.601	9588.7	1
410	544.666	9577.73	1
411	545.041	9581.71	1
412	548.603	9590.43	1
413	544.1	9579.41	1
414	548.541	9590.41	1
415	553.971	9588.68	1
416	549.001	9590.06	1
417	548.461	9590.21	1
418	549.032	9588.27	1
419	549.971	9589.81	1
420	548.393	9589.97	1
421	550.556	9587.21	1
422	555.689	9581.81	1
423	551.33	9580.81	1
424	556.715	9586.37	1
425	547.357	9590.84	1
426	546.985	9590.59	1
427	546.621	9582.09	1
428	547.352	9590.84	1
429	547.005	9590.79	1
430	546.621	9590.41	1
431	547.332	9590.84	1
432	547.799	9582.99	1
433	547.189	9590.55	1
434	547.29	9590.84	1
435	548.121	9590.36	1
436	537.854	9584.6	1
437	547.324	9590.53	1
438	544.024	9580.37	1
439	547.449	9589.9	1
440	548.18	9590.1	1
441	547.64	9590.32	1
442	548.929	9588.13	1
443	547.556	9590.19	1
444	546.854	9584.29	1
445	548.115	9590.59	1
446	547.649	9590.37	1
447	547.188	9590.91	1
448	552.781	9584.65	1
449	547.187	9590.89	1
450	548.02	9590.62	1
451	548.02	9590.63	1
452	555.14	9587.12	1
453	542.843	9583.32	1
454	542.592	9583.24	1
455	549.092	9589.98	1
456	535.701	9588.79	1
457	552.837	9587.82	1
458	557.641	9586.84	1
459	558.08	9586.81	1
460	552.729	9588.2	1
461	557.182	9587.67	1
462	557.234	9588.26	1
463	552.821	9587.99	1
464	556.7	9587.6	1
465	547.917	9590.37	1
466	535.709	9588.79	1
467	547.92	9590.35	1
468	548.365	9590.06	1
469	548.154	9590.12	1
470	544.522	9579.26	1
471	547.807	9589.8	1
472	554.111	9585.92	1
473	542.1	9583.7	1
474	547.307	9590.75	1
475	535.718	9588.78	1
476	547.764	9590.16	1
477	547.701	9590.23	1
478	550.529	9586.68	1
479	543.8	9583.09	1
480	546.141	9579.82	1
481	538.482	9582.99	1
482	537.553	9585.94	1
483	545.58	9552.76	1
484	546.856	9591.05	1
485	555.295	9585.96	1
486	550.508	9584.07	1
487	555.074	9586.02	1
488	535.701	9588.77	1
489	553.802	9587.89	1
490	535.714	9588.79	1
491	545.58	9552.76	1
492	542.65	9568.39	1
493	547.517	9575.7	1
494	546.963	9590.78	1
495	550.544	9586.72	1
496	542.65	9568.39	1
497	547.728	9582.7	1
498	554.624	9586.16	1
499	544.84	9578.59	1
500	552.446	9574.75	1
501	542.65	9568.39	1
502	542.65	9568.39	1
503	551.19	9577.82	1
504	542.65	9568.39	1
505	542.65	9568.39	1
506	542.65	9568.39	1
507	554.759	9586.78	1
508	547.949	9584.27	1
509	543.828	9579.7	1
510	535.705	9588.78	1
511	542.65	9568.39	1
512	554.624	9587.36	1
513	548.843	9586.02	1
514	570.86	9566.12	1
515	542.65	9568.39	1
516	542.65	9568.39	1
517	554.832	9587.66	1
518	570.86	9566.12	1
519	559.763	9587.53	1
520	546.126	9586.63	1
521	544.412	9580.82	1
522	556.124	9575.46	1
523	558.078	9558.38	1
524	542.65	9568.39	1
525	562.58	9573.26	1
526	562.58	9573.26	1
527	542.65	9568.39	1
528	562.58	9573.26	1
529	562.58	9573.26	1
530	550.048	9581.12	1
531	562.58	9573.26	1
532	562.58	9573.26	1
533	557.817	9579.04	1
534	550.553	9585.87	1
535	562.58	9573.26	1
536	562.58	9573.26	1
537	562.58	9573.26	1
538	549.111	9583.8	1
539	570.86	9566.12	1
540	554.362	9577.5	1
541	544.059	9581.14	1
542	557.166	9576.11	1
543	542.65	9568.39	1
544	551.139	9587.51	1
545	557.103	9588.26	1
546	557.125	9576.17	1
547	552.267	9574.81	1
548	562.58	9573.26	1
549	552.795	9588.16	1
550	542.65	9568.39	1
551	545.58	9552.76	1
552	547.065	9575.47	1
553	548.492	9590.29	1
554	562.58	9573.26	1
555	545.58	9552.76	1
556	542.65	9568.39	1
557	542.65	9568.39	1
558	562.58	9573.26	1
559	542.65	9568.39	1
560	550.756	9583.99	1
561	547.733	9582.41	1
562	547.999	9579.25	1
563	542.65	9568.39	1
564	546.195	9591.1	1
565	545.742	9590.78	1
566	546.066	9591.09	1
567	562.58	9573.26	1
568	542.65	9568.39	1
569	535.701	9588.78	1
570	542.65	9568.39	1
571	535.705	9588.78	1
572	552.734	9588.19	1
573	548.156	9584.51	1
574	539.18	9566.07	1
575	550.507	9581.31	1
576	546.067	9589.44	1
577	550.772	9585.2	1
578	545.456	9588.21	1
579	554.136	9586.09	1
580	549.466	9589.98	1
581	542.65	9568.39	1
582	549.423	9583.76	1
583	542.65	9568.39	1
584	535.705	9588.79	1
585	549.638	9580.88	1
586	549.669	9581.32	1
587	550.927	9578.29	1
588	546.171	9588.33	1
589	535.701	9588.79	1
590	570.86	9566.12	1
591	545.774	9589.06	1
592	542.65	9568.39	1
593	544.166	9584.18	1
594	542.65	9568.39	1
595	558.078	9558.38	1
596	547.557	9590.24	1
597	542.65	9568.39	1
598	557.584	9588.13	1
599	547.519	9582.59	1
600	545.58	9552.76	1
601	552.987	9574.67	1
602	554.416	9580.2	1
603	542.65	9568.39	1
604	542.65	9568.39	1
605	542.65	9568.39	1
606	542.65	9568.39	1
607	542.65	9568.39	1
608	543.687	9582.15	1
609	551.274	9587.46	1
610	551.469	9587.67	1
611	548.183	9588.01	1
612	535.709	9588.78	1
613	551.119	9585.2	1
614	543.772	9581.86	1
615	542.65	9568.39	1
616	541.926	9581.51	1
617	535.709	9588.78	1
618	535.705	9588.77	1
619	551.461	9586.24	1
620	558.078	9558.38	1
621	554.37	9584.32	1
622	552.691	9588.16	1
623	548.031	9577.59	1
624	544.269	9578.92	1
625	545.746	9584.7	1
626	539.18	9566.07	1
627	554.933	9577.01	1
628	556.84	9576.48	1
629	557.416	9584.08	1
630	548.37	9586.3	1
631	570.86	9566.12	1
632	548.464	9586.33	1
633	546.147	9575.54	1
634	545.555	9577.96	1
635	548.701	9577.61	1
636	548.333	9586.47	1
637	535.714	9588.78	1
638	550.722	9587.69	1
639	548.782	9589.42	1
640	546.288	9590.83	1
641	542.65	9568.39	1
642	558.078	9558.38	1
643	541.754	9584.67	1
644	541.558	9583.97	1
645	545.808	9579.08	1
646	543.99	9547.08	1
647	543.864	9582.69	1
648	545.659	9577.73	1
649	547.368	9590.22	1
650	544.746	9581.39	1
651	554.521	9584.35	1
652	554.806	9584.71	1
653	535.705	9588.79	1
654	546.434	9578.85	1
655	546.521	9579.95	1
656	535.718	9588.79	1
657	548.626	9588.55	1
658	546.133	9589.04	1
659	548.479	9589.41	1
660	546.162	9588.85	1
661	548.91	9585.48	1
662	545.98	9588.69	1
663	546.019	9589.13	1
664	542.931	9584.08	1
665	554.391	9581.65	1
666	555.842	9581.59	1
667	554.643	9581.37	1
668	545.896	9588.55	1
669	545.805	9577.98	1
670	543.326	9584.37	1
671	545.934	9588.4	1
672	555.276	9582.01	1
673	546.11	9588.04	1
674	554.534	9581.67	1
675	543.312	9584.23	1
676	554.952	9581.76	1
677	543.273	9584.12	1
678	546.084	9587.59	1
679	555.627	9581.56	1
680	543.21	9583.99	1
681	554.817	9582.11	1
682	555.863	9581.5	1
683	543.136	9583.93	1
684	546.076	9588.01	1
685	546.079	9588.46	1
686	543.019	9583.76	1
687	546.213	9587.83	1
688	546.247	9587.78	1
689	546.292	9587.82	1
690	543.114	9583.63	1
691	546.091	9588.34	1
692	543.324	9584.28	1
693	545.769	9588.09	1
694	546.095	9589.11	1
695	546.094	9588.75	1
696	546.259	9587.66	1
697	546.251	9587.63	1
698	546.255	9587.91	1
699	546.247	9587.67	1
700	546.206	9588.97	1
701	546.294	9589.04	1
702	546.328	9587.68	1
703	546.145	9588.7	1
704	546.381	9588.4	1
705	546.531	9587.93	1
706	545.775	9588.36	1
707	545.761	9588.39	1
708	545.922	9588.03	1
709	545.781	9587.95	1
710	545.873	9588.35	1
711	545.938	9588.75	1
712	551.415	9583.86	1
713	551.286	9582.91	1
714	551.223	9582.89	1
715	550.881	9582.99	1
716	546.274	9588.08	1
717	551.349	9582.95	1
718	546.282	9588.2	1
719	552.267	9582.65	1
720	551.302	9582.93	1
721	546.634	9589.12	1
722	552.281	9582.85	1
723	551.352	9583.66	1
724	545.86	9584.51	1
725	545.9	9585.18	1
726	555.702	9583.06	1
727	555.836	9583.17	1
728	542.559	9582.9	1
729	542.836	9583.89	1
730	555.735	9582.39	1
731	556.262	9583.18	1
732	544.769	9588.83	1
733	546.156	9589.02	1
734	557.206	9584.11	1
735	549.887	9580.47	1
736	542.65	9568.39	1
737	548.638	9578.42	1
738	556.842	9584.48	1
739	549.435	9578.94	1
740	542.315	9581.16	1
741	547.866	9582.85	1
742	553.92	9588.86	1
743	556.694	9584.52	1
744	544.161	9583.7	1
745	550.388	9586.51	1
746	548.586	9588.29	1
747	556.921	9587.03	1
748	548.111	9588.58	1
749	548.449	9588.73	1
750	546.102	9576.32	1
751	556.52	9586.75	1
752	548.353	9588.48	1
753	548.667	9588.34	1
754	550.303	9581.4	1
755	555.997	9578.77	1
756	552.328	9587.12	1
757	556.179	9578.83	1
758	549.906	9580.63	1
759	556.91	9581.39	1
760	546.354	9578.73	1
761	556.888	9581.19	1
762	548.926	9577.93	1
763	554.531	9584.34	1
764	543.997	9584.64	1
765	556.939	9580.93	1
766	549.991	9580.95	1
767	535.705	9588.79	1
768	550.74	9580.33	1
769	558.078	9558.38	1
770	556.751	9581.26	1
771	550.31	9580.4	1
772	542.136	9581.33	1
773	544.896	9584.78	1
774	556.022	9572.55	1
775	542.748	9583.14	1
776	542.759	9583.21	1
777	542.984	9583.37	1
778	542.793	9583.73	1
779	542.821	9583.71	1
780	542.449	9583	1
781	542.477	9583.06	1
782	542.295	9582.83	1
783	542.323	9582.5	1
784	542.144	9582.45	1
785	542.415	9582.58	1
786	542.46	9582.57	1
787	547.347	9584.4	1
788	550.08	9587.92	1
789	544.596	9583.02	1
790	543.373	9583.41	1
791	543.901	9582.83	1
792	543.647	9584.01	1
793	543.913	9582.78	1
794	543.953	9582.85	1
795	543.613	9583.93	1
796	543.891	9584.04	1
797	543.683	9584.09	1
798	558.078	9558.38	1
799	542.65	9568.39	1
800	543.583	9584.3	1
801	558.257	9588.16	1
802	543.301	9583.86	1
803	550.989	9584.62	1
804	543.023	9582.9	1
805	555.819	9573.82	1
806	543.138	9582.99	1
807	542.948	9583.23	1
808	542.65	9568.39	1
809	546.577	9576.98	1
810	551.096	9585.05	1
811	542.85	9583.06	1
812	557.542	9588.52	1
813	543.201	9582.73	1
814	555.64	9587.59	1
815	543.828	9583.76	1
816	543.581	9583.37	1
817	546.05	9591.1	1
818	554.256	9588.79	1
819	561.185	9585.62	1
820	543.404	9583.18	1
821	552.13	9583.37	1
822	545.036	9577.9	1
823	543.831	9580.42	1
824	543.495	9581.82	1
825	544.26	9581.95	1
826	562.58	9573.26	1
827	543.967	9583.33	1
828	554.08	9588.83	1
829	562.299	9583.92	1
830	544.042	9583.76	1
831	552.334	9587.29	1
832	552.776	9587.88	1
833	543.571	9583.16	1
834	553.915	9588.87	1
835	543.329	9582.85	1
836	543.226	9582.76	1
837	549.941	9584.06	1
838	549.963	9584.05	1
839	545.006	9588.12	1
840	546.43	9590.98	1
841	547.591	9590.04	1
842	557.657	9587.01	1
843	553.712	9582.31	1
844	557.127	9587.65	1
845	554.271	9585.04	1
846	542.993	9583.19	1
847	553.558	9582.86	1
848	553.768	9585.43	1
849	553.788	9584	1
850	553.815	9583.05	1
851	554.082	9585.91	1
852	553.933	9583.09	1
853	556.982	9587.76	1
854	542.968	9583.65	1
855	553.955	9582.55	1
856	554.144	9586.04	1
857	548.098	9581.67	1
858	554.548	9581.69	1
859	544.546	9582.86	1
860	554.166	9584.16	1
861	553.916	9583.17	1
862	557.223	9587.14	1
863	554.6	9581.98	1
864	542.497	9582.71	1
865	553.918	9583.09	1
866	557.065	9587.61	1
867	548.311	9582.69	1
868	554.818	9581.72	1
869	557.291	9587.63	1
870	541.597	9582.47	1
871	548.475	9582.7	1
872	545.359	9590.45	1
873	557.133	9587.06	1
874	542.529	9583.26	1
875	542.965	9582.97	1
876	553.722	9582.58	1
877	553.623	9582.42	1
878	554.185	9584.6	1
879	551.729	9588.92	1
880	554.71	9584.62	1
881	548.035	9581.49	1
882	549.263	9581.83	1
883	542.988	9582.83	1
884	553.718	9584.96	1
885	549.314	9581.8	1
886	553.639	9582.33	1
887	542.65	9568.39	1
888	542.65	9568.39	1
889	556.975	9586.78	1
890	553.293	9584.65	1
891	554.246	9584.28	1
892	554.873	9584.49	1
893	549.322	9581.79	1
894	553.076	9586.08	1
895	558.843	9586.08	1
896	553.749	9584.76	1
897	549.33	9581.78	1
898	553.56	9584.73	1
899	546.529	9581.64	1
900	557.153	9586.72	1
901	557.356	9587.72	1
902	544.021	9583.09	1
903	553.352	9584.92	1
904	547.146	9582.01	1
905	542.991	9584.11	1
906	542.949	9584.17	1
907	543.851	9582.65	1
908	553.365	9584.81	1
909	544.335	9583.41	1
910	554.039	9583.1	1
911	547.354	9581.83	1
912	553.322	9586.25	1
913	557.637	9587.14	1
914	554.003	9584.65	1
915	544.644	9583.18	1
916	535.727	9588.77	1
917	542.734	9582.81	1
918	553.909	9582.47	1
919	553.721	9584.95	1
920	553.557	9584.55	1
921	553.432	9584.73	1
922	543.608	9583.41	1
923	548.53	9582.75	1
924	543.278	9583.8	1
925	542.352	9582.9	1
926	553.911	9586.4	1
927	557.677	9586.65	1
928	554.961	9585.06	1
929	554.169	9583.12	1
930	557.458	9586.72	1
931	555.669	9585.34	1
932	548.589	9582.62	1
933	554.34	9585.92	1
934	555.96	9585.73	1
935	548.608	9582.61	1
936	553.816	9586.31	1
937	553.781	9582.82	1
938	553.227	9585.01	1
939	554.029	9584.07	1
940	553.639	9582.24	1
941	558.086	9586.52	1
942	553.859	9582.67	1
943	558.389	9586.6	1
944	555.591	9585.4	1
945	543.007	9583.23	1
946	553.826	9584.74	1
947	548.727	9583.33	1
948	555.068	9586.03	1
949	553.694	9584.76	1
950	548.211	9582.71	1
951	543.158	9582.94	1
952	554.224	9585.18	1
953	554.495	9584.59	1
954	548.325	9582.79	1
955	548.109	9581.73	1
956	543.82	9583.71	1
957	554.826	9585.25	1
958	547.527	9582.26	1
959	547.983	9579.52	1
960	545.838	9585.6	1
961	553.381	9584.79	1
962	553.696	9582.42	1
963	553.83	9585.39	1
964	545.856	9585.1	1
965	555.118	9585.28	1
966	553.989	9584.35	1
967	545.948	9585.13	1
968	557.233	9586.71	1
969	547.361	9582.16	1
970	543.625	9584.31	1
971	548.377	9582.77	1
972	547.598	9579.58	1
973	545.863	9584.91	1
974	553.96	9584.66	1
975	557.896	9587.63	1
976	554.586	9586	1
977	553.55	9584.74	1
978	555.093	9586	1
979	547.441	9582.2	1
980	543.485	9583.05	1
981	554.903	9585.7	1
982	554.12	9584.67	1
983	553.403	9584.77	1
984	554.278	9585.63	1
985	548.401	9582.77	1
986	547.898	9579.77	1
987	553.743	9581.97	1
988	554.113	9586.44	1
989	553.778	9585.12	1
990	554.008	9586.36	1
991	554.042	9584.9	1
992	548.476	9582.83	1
993	554.347	9583.29	1
994	544.195	9583.13	1
995	557.196	9587.79	1
996	549.645	9583.13	1
997	546.948	9583.8	1
998	548.149	9585.18	1
999	555.849	9583.32	1
1000	546.963	9587.88	1
1001	555.849	9583.31	1
1002	547.129	9584.14	1
1003	545.302	9585.77	1
1004	545.6	9583.76	1
1005	557.069	9582.56	1
1006	545.61	9585.71	1
1007	544.849	9586.08	1
1008	556.166	9583.38	1
1009	546.759	9584.32	1
1010	546.291	9584.22	1
1011	548.164	9584.85	1
1012	546.45	9584.14	1
1013	547.901	9584.44	1
1014	548.253	9584.66	1
1015	551.614	9583.4	1
1016	547.772	9584.96	1
1017	547.008	9582.88	1
1018	548.553	9583.92	1
1019	544.898	9585.88	1
1020	546.924	9582.92	1
1021	544.949	9586.09	1
1022	558.238	9575.94	1
1023	547.832	9584.91	1
1024	544.831	9586.23	1
1025	558.035	9576.42	1
1026	547.743	9584.78	1
1027	548.505	9584.13	1
1028	544.837	9586.52	1
1029	545.092	9585.92	1
1030	548.596	9583.83	1
1031	547.957	9584.22	1
1032	545.33	9586.6	1
1033	544.559	9586.56	1
1034	548.322	9584.63	1
1035	551.266	9587.68	1
1036	548.13	9584.21	1
1037	547.824	9585.06	1
1038	544.983	9586.36	1
1039	546.652	9583.48	1
1040	546.316	9584.06	1
1041	545.914	9586.89	1
1042	545.925	9586.92	1
1043	544.65	9586.55	1
1044	544.658	9586.5	1
1045	546.4	9584.98	1
1046	544.531	9586.47	1
1047	547.894	9584.31	1
1048	545.613	9586.06	1
1049	544.593	9586.48	1
1050	546.341	9585.02	1
1051	545.798	9587.01	1
1052	545.667	9585.76	1
1053	545.103	9586.95	1
1054	548.079	9584.41	1
1055	545.11	9586.98	1
1056	551.188	9583.86	1
1057	547.302	9582.99	1
1058	546.409	9583.52	1
1059	545.368	9586.23	1
1060	545.85	9587.07	1
1061	548.193	9584.74	1
1062	545.631	9585.98	1
1063	545.412	9586.85	1
1064	547.218	9582.86	1
1065	548.253	9584.51	1
1066	545.654	9585.69	1
1067	546.326	9583.99	1
1068	545.313	9586.33	1
1069	548.56	9583.72	1
1070	547.023	9582.66	1
1071	544.984	9586.29	1
1072	547.957	9584.14	1
1073	548.694	9583.67	1
1074	545.974	9580.01	1
1075	556.368	9576.28	1
1076	548.774	9584.37	1
1077	546.505	9584.16	1
1078	556.843	9576.39	1
1079	546.373	9583.95	1
1080	546.991	9584.39	1
1081	546.738	9580.18	1
1082	546.654	9580.36	1
1083	556.998	9576.07	1
1084	546.516	9584.4	1
1085	557.406	9576.51	1
1086	557.416	9576.85	1
1087	556.649	9577.81	1
1088	557.423	9577.03	1
1089	556.262	9577.99	1
1090	546.449	9584.01	1
1091	548.086	9583.84	1
1092	546.899	9579.81	1
1093	545.989	9579.93	1
1094	546.601	9584.62	1
1095	556.024	9578.04	1
1096	546.178	9580.16	1
1097	556.557	9577.64	1
1098	556.105	9575.8	1
1099	546.724	9583.87	1
1100	546.319	9580.09	1
1101	549.033	9584.96	1
1102	556.497	9577.65	1
1103	546.528	9580.05	1
1104	555.505	9577.4	1
1105	545.729	9584.52	1
1106	546.069	9580.09	1
1107	555.575	9578.3	1
1108	555.18	9576.99	1
1109	545.445	9578.67	1
1110	546.143	9585.24	1
1111	546.634	9580.05	1
1112	546.195	9580.17	1
1113	547.118	9584.13	1
1114	552.573	9585.94	1
1115	546.939	9583.4	1
1116	546.278	9580.34	1
1117	556.226	9578.38	1
1118	556.996	9577.11	1
1119	556.895	9576.97	1
1120	556.568	9577.79	1
1121	546.756	9583.99	1
1122	548.439	9584.13	1
1123	556.101	9578.29	1
1124	548.567	9583.9	1
1125	556.094	9578.07	1
1126	550.228	9581.38	1
1127	548.061	9583.85	1
1128	546.391	9580.07	1
1129	556.428	9577.6	1
1130	555.016	9576.61	1
1131	557.061	9577.11	1
1132	548.473	9583.85	1
1133	546.867	9580.38	1
1134	556.13	9577.9	1
1135	556.521	9577.56	1
1136	548.341	9583.98	1
1137	547.063	9580.44	1
1138	551.222	9587.54	1
1139	556.602	9578.18	1
1140	548.496	9583.68	1
1141	546.53	9580.45	1
1142	557.515	9586.4	1
1143	556.054	9578.06	1
1144	545.611	9586.65	1
1145	546.767	9584.24	1
1146	535.714	9588.77	1
1147	556.287	9578.18	1
1148	556.995	9576.72	1
1149	556.44	9577.17	1
1150	556.375	9573.11	1
1151	546.946	9580.64	1
1152	556.981	9576.11	1
1153	556.399	9577.07	1
1154	556.688	9577.2	1
1155	555.437	9576.23	1
1156	556.679	9578.16	1
1157	544.502	9589.65	1
1158	557.213	9577.05	1
1159	556.917	9576.82	1
1160	556.697	9576.32	1
1161	555.501	9576.18	1
1162	556.189	9577.86	1
1163	544.343	9588.42	1
1164	544.86	9589.56	1
1165	546.359	9587.19	1
1166	544.295	9589.31	1
1167	557.776	9579.28	1
1168	555.271	9579.13	1
1169	554.572	9576.67	1
1170	544.572	9588.41	1
1171	557.756	9577.91	1
1172	555.564	9577.4	1
1173	544.347	9588.21	1
1174	555.987	9578.35	1
1175	544.877	9589.74	1
1176	557.514	9577.03	1
1177	557.543	9578.52	1
1178	554.636	9577.98	1
1179	545.769	9577.87	1
1180	556.754	9576.49	1
1181	556.265	9577.05	1
1182	556.588	9576.82	1
1183	557.263	9576.41	1
1184	556.884	9576.51	1
1185	557.162	9575.8	1
1186	556.831	9576.32	1
1187	544.562	9588.64	1
1188	556.921	9575.95	1
1189	556.499	9576.98	1
1190	556.899	9576.74	1
1191	544.232	9588.4	1
1192	557.917	9576.45	1
1193	556.619	9577.68	1
1194	556.913	9577.01	1
1195	556.375	9577.6	1
1196	556.101	9575.7	1
1197	557.368	9577.06	1
1198	557.421	9576.64	1
1199	552.134	9586.48	1
1200	557.348	9577.03	1
1201	557.487	9576.71	1
1202	544.723	9589.03	1
1203	544.797	9589.58	1
1204	551.784	9583.23	1
1205	544.849	9589.52	1
1206	545.575	9589.34	1
1207	557.245	9578.29	1
1208	556.08	9577.55	1
1209	557.173	9576.16	1
1210	556.071	9575.89	1
1211	556.45	9575.9	1
1212	556.801	9576.8	1
1213	545.191	9589.54	1
1214	545.144	9589.46	1
1215	556.233	9578.48	1
1216	555.109	9577.03	1
1217	557.331	9577.95	1
1218	545.158	9589.59	1
1219	545.824	9584.2	1
1220	557.556	9578.38	1
1221	557.544	9577.25	1
1222	556.622	9577.77	1
1223	557.265	9578.39	1
1224	556.96	9576.97	1
1225	555.687	9575.84	1
1226	544.379	9589.22	1
1227	556.702	9576.77	1
1228	556.182	9576.64	1
1229	557.136	9576.73	1
1230	545.397	9589.4	1
1231	557.481	9578.44	1
1232	556.891	9576.87	1
1233	557.325	9577.93	1
1234	544.298	9589.35	1
1235	545.392	9589.78	1
1236	558.19	9576.4	1
1237	555.607	9576.22	1
1238	557.279	9576.98	1
1239	544.991	9589.58	1
1240	558.152	9577.96	1
1241	555.082	9581.09	1
1242	557.218	9578.01	1
1243	555.204	9579.23	1
1244	551.852	9584.57	1
1245	557.992	9577.44	1
1246	561.872	9581.09	1
1247	556.212	9578.58	1
1248	559.946	9579.23	1
1249	552.277	9583.59	1
1250	560.138	9579.39	1
1251	551.832	9583.32	1
1252	556.245	9580.72	1
1253	560.153	9579.39	1
1254	560.191	9579.47	1
1255	563.73	9581.57	1
1256	552.76	9584.65	1
1257	555.932	9579.98	1
1258	559.053	9578.18	1
1259	560.389	9578.74	1
1260	558.693	9578.01	1
1261	555.507	9580.79	1
1262	555.344	9580.9	1
1263	559.92	9579.22	1
1264	559.944	9579.03	1
1265	556.567	9580.29	1
1266	555.243	9580.69	1
1267	557.678	9577.5	1
1268	557.831	9577.58	1
1269	560.981	9578.93	1
1270	556.535	9584.6	1
1271	553.135	9586.08	1
1272	551.65	9583.35	1
1273	556.604	9580.29	1
1274	557.651	9577.3	1
1275	556.057	9580.35	1
1276	555.857	9581.07	1
1277	554.829	9581.04	1
1278	551.844	9583.84	1
1279	555.626	9579.59	1
1280	556.223	9580.56	1
1281	558.08	9577.53	1
1282	557.968	9577.28	1
1283	557.785	9579.54	1
1284	559.113	9578.21	1
1285	551.891	9583.47	1
1286	551.707	9583.49	1
1287	558.451	9577.92	1
1288	557.948	9577.91	1
1289	558.187	9577.59	1
1290	558.018	9577.99	1
1291	558.175	9580.4	1
1292	560.873	9579.32	1
1293	554.826	9580.99	1
1294	557.059	9584.44	1
1295	557.801	9577.48	1
1296	551.843	9583.4	1
1297	554.631	9581.14	1
1298	558.582	9582.91	1
1299	558.029	9578	1
1300	555.948	9581.37	1
1301	560.315	9579.14	1
1302	558.81	9578.07	1
1303	556.302	9580.59	1
1304	558.172	9577.61	1
1305	557.235	9580.71	1
1306	558.71	9582.9	1
1307	557.687	9580.42	1
1308	557.804	9577.6	1
1309	561.606	9580.7	1
1310	552.023	9584.49	1
1311	555.431	9580.68	1
1312	557.892	9577.27	1
1313	551.337	9583.96	1
1314	555.387	9580.54	1
1315	559.601	9579.23	1
1316	559.338	9578.97	1
1317	560.783	9579.84	1
1318	552.182	9583.56	1
1319	551.887	9583.33	1
1320	560.753	9580.09	1
1321	551.879	9583.46	1
1322	558.841	9578.09	1
1323	552.305	9582.71	1
1324	552.201	9583.78	1
1325	558.454	9582.96	1
1326	545.183	9588.16	1
1327	549.652	9581.85	1
1328	555.349	9582.05	1
1329	545.109	9588.85	1
1330	550.374	9581.67	1
1331	555.779	9581.53	1
1332	551.117	9587.58	1
1333	558.545	9582.88	1
1334	552.413	9585.09	1
1335	545.564	9589.13	1
1336	552.905	9584.98	1
1337	551.389	9581.08	1
1338	549.656	9581.89	1
1339	555.367	9581.98	1
1340	558.374	9582.56	1
1341	545.727	9588.27	1
1342	549.747	9582.35	1
1343	551.496	9580.94	1
1344	558.373	9582.89	1
1345	545.008	9588.28	1
1346	558.479	9583	1
1347	550.615	9581.88	1
1348	554.753	9581.46	1
1349	545.842	9587.99	1
1350	545.387	9588.69	1
1351	550.512	9581.91	1
1352	555.867	9581.57	1
1353	554.333	9581.55	1
1354	545.569	9588.13	1
1355	554.687	9581.5	1
1356	556.028	9581.46	1
1357	545.575	9588.24	1
1358	550.465	9581.33	1
1359	555.315	9581.92	1
1360	545.625	9588.63	1
1361	550.997	9584.14	1
1362	545.734	9588.43	1
1363	545.091	9588.12	1
1364	551.09	9581.06	1
1365	555.041	9581.87	1
1366	545.004	9588.75	1
1367	551.306	9580.89	1
1368	550.503	9581.73	1
1369	545.21	9588.55	1
1370	549.972	9581.51	1
1371	554.52	9581.46	1
1372	550.568	9581.52	1
1373	549.995	9581.59	1
1374	554.847	9581.41	1
1375	545.568	9589.16	1
1376	550.007	9581.66	1
1377	549.975	9581.43	1
1378	550.665	9582.02	1
1379	558.552	9582.76	1
1380	554.732	9581.4	1
1381	558.461	9583.02	1
1382	545.113	9589.19	1
1383	550.682	9581.11	1
1384	550.645	9581.06	1
1385	558.587	9582.96	1
1386	545.062	9589.2	1
1387	554.608	9581.7	1
1388	554.849	9582.07	1
1389	551.069	9581.2	1
1390	550.563	9581.4	1
1391	545.34	9589.73	1
1392	545.269	9589.05	1
1393	544.988	9589.14	1
1394	550.599	9581.95	1
1395	558.256	9580.48	1
1396	557.395	9588.48	1
1397	554.652	9581.73	1
1398	551.069	9581.19	1
1399	558.499	9582.9	1
1400	545.192	9588.61	1
1401	549.604	9579.63	1
1402	555.699	9581.81	1
1403	550.538	9581.33	1
1404	548.947	9584.53	1
1405	551.248	9580.87	1
1406	550.617	9581.34	1
1407	550.304	9582.14	1
1408	559.659	9582.77	1
1409	550.541	9582.08	1
1410	550.475	9581.83	1
1411	557.409	9583.86	1
1412	554.603	9581.76	1
1413	550.296	9581.18	1
1414	556.018	9586.31	1
1415	556.4	9586.79	1
1416	545.239	9584.96	1
1417	555.605	9582.1	1
1418	554.569	9587.54	1
1419	545.247	9584.94	1
1420	553.993	9583.39	1
1421	554.45	9581.62	1
1422	555.896	9581.29	1
1423	554.572	9586.4	1
1424	556.133	9586.43	1
1425	545.057	9584.62	1
1426	554.316	9587.19	1
1427	556.403	9586.6	1
1428	556.106	9586.35	1
1429	554.045	9583.9	1
1430	559.312	9585.5	1
1431	552.882	9586.17	1
1432	556.575	9586.23	1
1433	545.955	9585.58	1
1434	554.699	9581.54	1
1435	555.834	9581.22	1
1436	555.476	9586.27	1
1437	555.487	9586.4	1
1438	556.582	9586.22	1
1439	545.451	9585.4	1
1440	554.097	9583.81	1
1441	555.725	9586.12	1
1442	553.753	9583.87	1
1443	553.824	9584.06	1
1444	553.809	9583.56	1
1445	552.14	9586.74	1
1446	554.599	9582.04	1
1447	555.527	9586.5	1
1448	554.466	9583.69	1
1449	536.814	9586.89	1
1450	556.031	9586.13	1
1451	555.651	9587.41	1
1452	545.137	9584.75	1
1453	554.3	9583.45	1
1454	555.636	9587.41	1
1455	553.65	9583.94	1
1456	554.245	9583.76	1
1457	554.892	9581.78	1
1458	555.552	9587.07	1
1459	555.64	9587.41	1
1460	555.302	9587.11	1
1461	545.63	9584.56	1
1462	554.119	9583.64	1
1463	554.742	9587.04	1
1464	554.878	9581.93	1
1465	554.783	9587.6	1
1466	553.916	9583.98	1
1467	554.873	9581.9	1
1468	555.365	9587.34	1
1469	553.979	9583.69	1
1470	554.185	9583.35	1
1471	555.858	9581.83	1
1472	554.581	9586.89	1
1473	555.922	9586.81	1
1474	555.47	9587.2	1
1475	554.422	9583.73	1
1476	554.13	9583.33	1
1477	554.81	9586.86	1
1478	554.798	9581.56	1
1479	554.569	9581.83	1
1480	547.189	9589.83	1
1481	555.796	9586.74	1
1482	545.699	9584.52	1
1483	545.751	9584.31	1
1484	549.541	9588.42	1
1485	554.226	9583.74	1
1486	553.731	9583.68	1
1487	554.269	9587.72	1
1488	555.14	9587.5	1
1489	554.927	9587.03	1
1490	555.109	9587.42	1
1491	554.027	9587.36	1
1492	545.331	9585.01	1
1493	553.698	9583.88	1
1494	554.936	9587.02	1
1495	556.064	9586.79	1
1496	554.193	9583.82	1
1497	552.566	9586.87	1
1498	554.798	9581.68	1
1499	545.236	9584.68	1
1500	553.661	9583.84	1
1501	555.872	9586.07	1
1502	554.298	9586.78	1
1503	554.873	9587.12	1
1504	554.768	9581.69	1
1505	545.283	9585.23	1
1506	553.923	9583.34	1
1507	545.601	9584.47	1
1508	554.232	9581.57	1
1509	553.652	9586.9	1
1510	545.203	9584.88	1
1511	556.567	9586.87	1
1512	552.51	9586.82	1
1513	550.607	9585.44	1
1514	549.538	9587.92	1
1515	558.589	9585.51	1
1516	552.313	9586.96	1
1517	551.557	9587.23	1
1518	550.994	9585.47	1
1519	552.327	9587.02	1
1520	551.904	9583.93	1
1521	550.866	9584.97	1
1522	557.024	9586.57	1
1523	550.703	9586.7	1
1524	556.675	9585.61	1
1525	552.426	9578.38	1
1526	550.755	9586.72	1
1527	559.016	9584.98	1
1528	552.072	9578.01	1
1529	550.42	9584.59	1
1530	551.785	9586.81	1
1531	557.548	9586.39	1
1532	552.085	9586.9	1
1533	551.562	9586.95	1
1534	558.916	9585.07	1
1535	552.101	9578.02	1
1536	551.54	9586.92	1
1537	552.023	9583.92	1
1538	550.516	9585.13	1
1539	557.075	9586.28	1
1540	554.28	9587.73	1
1541	553.781	9586.18	1
1542	550.42	9584.77	1
1543	551.073	9585.06	1
1544	558.773	9585.39	1
1545	550.442	9584.43	1
1546	551.382	9586.65	1
1547	550.93	9584.81	1
1548	558.763	9585.12	1
1549	557.213	9586.41	1
1550	550.235	9584.73	1
1551	550.299	9581.83	1
1552	550.849	9584.71	1
1553	557.271	9586.4	1
1554	550.666	9584.73	1
1555	550.33	9581.87	1
1556	558.901	9585.16	1
1557	551.398	9586.27	1
1558	550.741	9585.22	1
1559	558.848	9585.23	1
1560	557.724	9586.34	1
1561	557.207	9586.32	1
1562	552.131	9578.14	1
1563	552.015	9586.96	1
1564	552.617	9586.81	1
1565	551.087	9586.17	1
1566	551.005	9584.36	1
1567	552.582	9586.52	1
1568	551.059	9585.7	1
1569	558.904	9585.48	1
1570	556.577	9585.36	1
1571	554.404	9588.05	1
1572	553.2	9579.74	1
1573	551.85	9586.77	1
1574	558.679	9585.41	1
1575	555.814	9585.66	1
1576	558.572	9585.67	1
1577	550.174	9585.26	1
1578	554.306	9588.7	1
1579	558.482	9585.71	1
1580	550.417	9584.59	1
1581	551.236	9586.14	1
1582	558.753	9585.41	1
1583	558.884	9585.46	1
1584	550.462	9584.24	1
1585	551.122	9585.62	1
1586	558.975	9585.32	1
1587	551.92	9577.63	1
1588	550.335	9584.28	1
1589	551.345	9586.77	1
1590	550.938	9585.76	1
1591	551.281	9585.23	1
1592	550.758	9585.21	1
1593	558.71	9585.42	1
1594	557.457	9586.43	1
1595	551.975	9577.85	1
1596	548.619	9576.15	1
1597	550.482	9584.72	1
1598	551.386	9586.14	1
1599	551.198	9586.79	1
1600	558.692	9585.61	1
1601	551.081	9578.6	1
1602	555.23	9575.42	1
1603	553.412	9574.66	1
1604	552.394	9574.73	1
1605	552.253	9578.12	1
1606	546.55	9581.01	1
1607	552.106	9578.03	1
1608	551.174	9578.61	1
1609	546.509	9580.96	1
1610	555.07	9575.6	1
1611	545.755	9580.71	1
1612	546.036	9580.45	1
1613	546.136	9581.11	1
1614	552.623	9574.86	1
1615	552.43	9578.39	1
1616	552.326	9579.52	1
1617	545.356	9579.64	1
1618	553.777	9576.54	1
1619	551.137	9578.56	1
1620	552.295	9574.61	1
1621	552.468	9575.09	1
1622	552.485	9574.72	1
1623	546.165	9581.14	1
1624	551.521	9579.73	1
1625	546.162	9580.88	1
1626	552.945	9575.93	1
1627	553.643	9576.21	1
1628	553.09	9576.46	1
1629	545.914	9580.31	1
1630	552.654	9576.01	1
1631	552.059	9577.8	1
1632	546.402	9580.85	1
1633	552.792	9575.08	1
1634	546.092	9580.36	1
1635	554.862	9574.63	1
1636	551.798	9578.08	1
1637	552.451	9578.42	1
1638	554.54	9574.75	1
1639	553.837	9576.71	1
1640	551.249	9577.96	1
1641	553.107	9574.42	1
1642	557.116	9588.43	1
1643	546.084	9580.64	1
1644	552.592	9575.05	1
1645	552.263	9575.91	1
1646	542.65	9568.39	1
1647	552.434	9578.4	1
1648	551.986	9577.51	1
1649	547.788	9587.41	1
1650	551.334	9578.16	1
1651	552.199	9578.01	1
1652	552.618	9575.13	1
1653	553.432	9576.24	1
1654	552.774	9574.75	1
1655	554.516	9574.85	1
1656	546.675	9580.89	1
1657	554.651	9573.42	1
1658	550.931	9578.34	1
1659	550.607	9578.46	1
1660	554.706	9574.69	1
1661	545.781	9580.25	1
1662	552.389	9575.14	1
1663	550.64	9577.33	1
1664	551.999	9574.89	1
1665	552.308	9577.9	1
1666	552.482	9574.86	1
1667	545.781	9580.6	1
1668	555.233	9575.49	1
1669	552.362	9575.08	1
1670	552.833	9574.5	1
1671	544.317	9582.47	1
1672	544.621	9583.04	1
1673	543.449	9581.3	1
1674	543.85	9582.2	1
1675	544.55	9582.39	1
1676	544.498	9582.49	1
1677	543.414	9580.55	1
1678	543.118	9582.3	1
1679	544.238	9581.62	1
1680	544.041	9582.01	1
1681	544.516	9581.55	1
1682	551.695	9587.52	1
1683	552.942	9574.53	1
1684	548.797	9589.45	1
1685	543.373	9580.93	1
1686	543.318	9582.24	1
1687	552.869	9574.35	1
1688	552.873	9575.76	1
1689	543.547	9582.18	1
1690	535.718	9588.77	1
1691	544.813	9582.32	1
1692	552.508	9575.19	1
1693	542.576	9581.43	1
1694	543.077	9582.03	1
1695	552.703	9575.13	1
1696	544.661	9582.49	1
1697	544.597	9580.35	1
1698	546.151	9583.44	1
1699	543.354	9581.29	1
1700	552.553	9575.36	1
1701	543.32	9580.78	1
1702	543.397	9580.75	1
1703	543.495	9581.23	1
1704	544.234	9581.82	1
1705	544.788	9582.01	1
1706	543.128	9582.07	1
1707	555.61	9586.92	1
1708	545.1	9580.81	1
1709	554.124	9587.51	1
1710	543.82	9581.13	1
1711	544.431	9580.51	1
1712	544.789	9580.91	1
1713	544.379	9580.43	1
1714	544.39	9581.03	1
1715	544.734	9580.83	1
1716	544.843	9580.85	1
1717	552.435	9574.76	1
1718	544.527	9580.38	1
1719	544.697	9581.68	1
1720	542.966	9580.8	1
1721	543.99	9580.43	1
1722	543.666	9582.39	1
1723	544.753	9582.16	1
1724	544.072	9581.91	1
1725	557.003	9580.28	1
1726	542.946	9581.23	1
1727	544.534	9581.29	1
1728	544.109	9581.88	1
1729	552.977	9576.14	1
1730	543.071	9581.19	1
1731	551.032	9584.66	1
1732	544.49	9581.3	1
1733	544.334	9581.68	1
1734	553.278	9576.04	1
1735	544.22	9580.78	1
1736	541.965	9582.03	1
1737	543.881	9580.28	1
1738	543.639	9582.33	1
1739	545.1	9578.22	1
1740	544.609	9582.21	1
1741	543.962	9580.52	1
1742	543.669	9581.54	1
1743	558.474	9582.91	1
1744	543.75	9582.27	1
1745	543.584	9581.81	1
1746	544.498	9582.51	1
1747	544.883	9582.4	1
1748	558.554	9587.89	1
1749	543.919	9581.56	1
1750	543.772	9580.89	1
1751	542.649	9582.45	1
1752	543.866	9582.43	1
1753	544.439	9582.68	1
1754	544.445	9580.67	1
1755	543.901	9581.51	1
1756	560.242	9586.36	1
1757	558.368	9587.71	1
1758	543.436	9580.61	1
1759	543.053	9582.07	1
1760	557.607	9587.72	1
1761	543.584	9581.07	1
1762	543.825	9582.43	1
1763	557.173	9588.44	1
1764	545.253	9582.35	1
1765	559.247	9589.83	1
1766	543.249	9581.14	1
1767	544.099	9582.35	1
1768	545.148	9580.89	1
1769	544.039	9582.14	1
1770	556.434	9587.44	1
1771	544.357	9580.65	1
1772	559.852	9587.22	1
1773	544.246	9582.32	1
1774	544.265	9582.22	1
1775	560.039	9587.75	1
1776	544.708	9581.08	1
1777	548.647	9577.67	1
1778	544.838	9581.65	1
1779	542.944	9581.31	1
1780	560.24	9587.18	1
1781	543.536	9581.85	1
1782	544.188	9580.61	1
1783	558.058	9588.46	1
1784	544.759	9581.89	1
1785	535.74	9588.78	1
1786	559.257	9588.32	1
1787	544.453	9580.32	1
1788	543.872	9580.68	1
1789	544.726	9581.81	1
1790	544.05	9581.07	1
1791	559.971	9588.12	1
1792	558.045	9588.47	1
1793	545.155	9580.8	1
1794	559.712	9588.55	1
1795	559.641	9587.4	1
1796	544.179	9580.51	1
1797	547.145	9582.97	1
1798	559.618	9588.78	1
1799	558.23	9588.08	1
1800	544.043	9580.55	1
1801	559.602	9588.67	1
1802	543.397	9580.76	1
1803	544.136	9580.95	1
1804	543.183	9580.81	1
1805	544.147	9580.93	1
1806	543.915	9581.54	1
1807	559.854	9588.33	1
1808	544.043	9580.99	1
1809	544.438	9581.56	1
1810	544.912	9582.47	1
1811	544.305	9580.64	1
1812	544.021	9580.99	1
1813	544.394	9581.58	1
1814	543.732	9581.07	1
1815	557.858	9587.89	1
1816	558.424	9588.01	1
1817	545.656	9577.78	1
1818	543.558	9581.14	1
1819	544.391	9581.5	1
1820	544.013	9581.69	1
1821	559.398	9588.32	1
1822	543.125	9581.27	1
1823	558.589	9587.84	1
1824	543.344	9580.94	1
1825	543.732	9581.75	1
1826	558.711	9587.58	1
1827	544.335	9580.9	1
1828	544.623	9582.1	1
1829	558.815	9589.74	1
1830	558.241	9588.5	1
1831	559.412	9589.06	1
1832	559.411	9589.3	1
1833	555.062	9579.51	1
1834	546.239	9585.72	1
1835	559.308	9589.57	1
1836	558.813	9589.88	1
1837	559.476	9589.15	1
1838	558.729	9590.38	1
1839	559.249	9589.75	1
1840	559.471	9589.16	1
1841	559.225	9590.05	1
1842	558.318	9588.54	1
1843	558.833	9590.23	1
1844	558.723	9590.12	1
1845	558.845	9589.85	1
1846	558.426	9588.73	1
1847	554.454	9580.1	1
1848	558.711	9589.6	1
1849	546.136	9577.77	1
1850	559.217	9588.95	1
1851	559.399	9589.55	1
1852	558.813	9590.29	1
1853	546.446	9580.66	1
1854	546.518	9591.38	1
1855	554.671	9580.27	1
1856	548.561	9589.92	1
1857	558.329	9588.53	1
1858	553.102	9585.78	1
1859	557.823	9588.03	1
1860	549.152	9584.22	1
1861	542.65	9568.39	1
1862	558.422	9588.67	1
1863	558.369	9588.7	1
1864	558.229	9588.14	1
1865	552.917	9581.26	1
1866	555.122	9579.38	1
1867	559.223	9589.92	1
1868	553.011	9581.43	1
1869	559.419	9589.53	1
1870	559.593	9588.86	1
1871	559.187	9589.98	1
1872	559.413	9589.5	1
1873	558.311	9588.62	1
1874	558.602	9588.87	1
1875	551.76	9587.02	1
1876	558.452	9588.71	1
1877	558.174	9588.31	1
1878	559.521	9588.99	1
1879	554.849	9579.7	1
1880	548.375	9587.1	1
1881	558.629	9588.94	1
1882	547.585	9590.78	1
1883	559.293	9590.1	1
1884	558.626	9588.91	1
1885	558.633	9588.72	1
1886	559.094	9589.94	1
1887	558.591	9588.85	1
1888	558.472	9588.82	1
1889	554.624	9579.46	1
1890	554.624	9579.47	1
1891	559.069	9590	1
1892	559.216	9588.95	1
1893	554.64	9579.47	1
1894	554.921	9580.46	1
1895	558.507	9588.8	1
1896	554.637	9579.49	1
1897	552.951	9581.22	1
1898	555.261	9579.03	1
1899	552.951	9581.19	1
1900	546.114	9585.55	1
1901	553.184	9581.27	1
1902	545.441	9578.63	1
1903	546.122	9585.61	1
1904	545.805	9577.98	1
1905	546.209	9585.54	1
1906	542.043	9581.03	1
1907	546.256	9589.4	1
1908	545.64	9577.99	1
1909	546.435	9585.24	1
1910	542.236	9581.55	1
1911	552.922	9581.41	1
1912	545.206	9578.64	1
1913	552.753	9587.98	1
1914	546.527	9589.26	1
1915	546.984	9584.94	1
1916	553.158	9581.47	1
1917	546.554	9589.33	1
1918	558.279	9580.1	1
1919	559.109	9580.86	1
1920	541.363	9581.09	1
1921	553.05	9581.48	1
1922	559.044	9580.99	1
1923	542.849	9580.93	1
1924	552.841	9581.23	1
1925	547.014	9584.91	1
1926	541.42	9581.17	1
1927	547.951	9580.47	1
1928	553.119	9581.25	1
1929	546.977	9584.97	1
1930	558.562	9580.07	1
1931	541.871	9581.29	1
1932	552.684	9581.49	1
1933	547.814	9580.27	1
1934	546.287	9589.2	1
1935	546.902	9585.05	1
1936	547.75	9583.88	1
1937	542.584	9580.62	1
1938	542.819	9580.86	1
1939	546.4	9585.44	1
1940	541.429	9580.97	1
1941	545.77	9578.07	1
1942	548.539	9584.46	1
1943	547.35	9584.44	1
1944	545.713	9578.11	1
1945	558.937	9580.08	1
1946	548.796	9584.54	1
1947	546.206	9585.38	1
1948	546.978	9584.91	1
1949	548.377	9580.71	1
1950	547.557	9583.63	1
1951	558.489	9580.06	1
1952	546.233	9585.74	1
1953	545.21	9578.49	1
1954	546.335	9585.52	1
1955	557.656	9580.05	1
1956	543.155	9580.73	1
1957	548.736	9584.46	1
1958	547.62	9583.6	1
1959	541.887	9581.53	1
1960	553.758	9580.78	1
1961	545.889	9589.17	1
1962	547.606	9583.68	1
1963	558.329	9580.06	1
1964	546.699	9586.78	1
1965	548.231	9580.14	1
1966	544.8	9578.64	1
1967	559.256	9579.89	1
1968	542.166	9581.28	1
1969	553.774	9580.71	1
1970	545.693	9589.24	1
1971	545.177	9578.37	1
1972	546.322	9585.36	1
1973	559.132	9580.86	1
1974	548.382	9584.67	1
1975	546.522	9587.46	1
1976	547.166	9578.65	1
1977	546.518	9585.39	1
1978	558.692	9579.67	1
1979	541.734	9580.68	1
1980	547.236	9578.84	1
1981	553.636	9580.26	1
1982	546.267	9589.56	1
1983	546.186	9587.25	1
1984	546.473	9589.32	1
1985	546.535	9585.23	1
1986	546.579	9585.22	1
1987	557.774	9580.7	1
1988	542.366	9581.33	1
1989	546.223	9587.26	1
1990	546.444	9587.22	1
1991	553.695	9580.25	1
1992	548.546	9584.45	1
1993	546.161	9585.74	1
1994	558.619	9579.86	1
1995	545.613	9577.92	1
1996	542.034	9580.97	1
1997	553.824	9580.49	1
1998	553.586	9576.85	1
1999	544.724	9588.2	1
2000	545.047	9588.9	1
2001	544.984	9587.7	1
2002	554.567	9577.71	1
2003	554.601	9578.14	1
2004	554.316	9577.46	1
2005	553.72	9576.77	1
2006	544.656	9588.25	1
2007	554.227	9578.1	1
2008	553.755	9579.94	1
2009	554.534	9578.1	1
2010	544.788	9588.5	1
2011	544.875	9588.26	1
2012	554.288	9577.42	1
2013	548.082	9580.48	1
2014	544.429	9588.4	1
2015	554.399	9577.55	1
2016	545.259	9588.2	1
2017	553.445	9580.29	1
2018	553.642	9578.77	1
2019	553.418	9577.11	1
2020	544.377	9588.38	1
2021	553.673	9578.76	1
2022	554.794	9577.51	1
2023	554.569	9578.17	1
2024	553.445	9580.33	1
2025	553.632	9578.65	1
2026	554.422	9577.51	1
2027	544.941	9588.15	1
2028	552.408	9576.62	1
2029	545.617	9588.15	1
2030	544.823	9588.28	1
2031	554.577	9577.76	1
2032	544.486	9588.37	1
2033	544.935	9588.23	1
2034	545.744	9587.75	1
2035	554.807	9577.27	1
2036	553.333	9577.3	1
2037	544.836	9588.35	1
2038	554.584	9577.8	1
2039	553.248	9577	1
2040	553.488	9576.76	1
2041	551.941	9577.96	1
2042	545.901	9588.41	1
2043	553.607	9577.01	1
2044	556.541	9575.61	1
2045	544.601	9588.29	1
2046	545.891	9588.23	1
2047	553.301	9577.32	1
2048	553.708	9579.94	1
2049	553.278	9577.02	1
2050	553.946	9577.59	1
2051	554.211	9578.16	1
2052	556.944	9574.97	1
2053	555.799	9574.67	1
2054	555.126	9578.05	1
2055	556.67	9575.69	1
2056	544.773	9588.29	1
2057	545.778	9588.76	1
2058	552.85	9579.42	1
2059	556.529	9575.7	1
2060	545.808	9588.84	1
2061	553.077	9576.73	1
2062	545.782	9588.77	1
2063	545.465	9588.09	1
2064	554.423	9578.01	1
2065	555.145	9579.31	1
2066	553.305	9577.27	1
2067	554.355	9578.02	1
2068	545.147	9587.36	1
2069	553.786	9580.15	1
2070	555.077	9576.67	1
2071	545.249	9588.13	1
2072	552.523	9576.59	1
2073	545.089	9587.5	1
2074	544.768	9588.53	1
2075	553.62	9581.11	1
2076	553.273	9577.19	1
2077	545.286	9588.35	1
2078	544.928	9588.04	1
2079	553.083	9579.6	1
2080	555.145	9579.3	1
2081	545.174	9588.31	1
2082	545.053	9587.58	1
2083	554.648	9578.07	1
2084	544.981	9588.15	1
2085	545.042	9587.6	1
2086	553.634	9580.68	1
2087	553.309	9577.17	1
2088	554.363	9578.11	1
2089	544.854	9588.17	1
2090	554.611	9577.82	1
2091	554.812	9577.3	1
2092	544.881	9588.47	1
2093	545.008	9588.3	1
2094	546.926	9578.66	1
2095	544.249	9584.31	1
2096	544.991	9588.44	1
2097	543.721	9581.09	1
2098	545.097	9575.76	1
2099	548.728	9578.42	1
2100	546.293	9586.35	1
2101	545.846	9580.7	1
2102	544.071	9585.39	1
2103	544.111	9584.1	1
2104	544.233	9584.22	1
2105	543.858	9581.03	1
2106	546.337	9586.57	1
2107	544.37	9585.03	1
2108	545.824	9587.59	1
2109	545.36	9577.49	1
2110	544.539	9584.97	1
2111	544.228	9583.77	1
2112	544.205	9579.37	1
2113	542.867	9581.15	1
2114	545.785	9580.02	1
2115	547.758	9575.05	1
2116	546.839	9587.12	1
2117	543.228	9578.38	1
2118	547.105	9575.56	1
2119	544.663	9577.96	1
2120	547.124	9575.29	1
2121	544.374	9584.66	1
2122	544.674	9577.96	1
2123	546.954	9587.43	1
2124	544.371	9584.17	1
2125	548.757	9578.25	1
2126	544.803	9588.27	1
2127	548.909	9577.78	1
2128	546.684	9586.98	1
2129	543.851	9584.93	1
2130	544.464	9584.6	1
2131	543.892	9584.83	1
2132	543.002	9581.11	1
2133	544.026	9585	1
2134	544.89	9587.95	1
2135	542.71	9580.78	1
2136	546.33	9587.28	1
2137	544.335	9584.79	1
2138	544.954	9577.3	1
2139	546.548	9587.37	1
2140	547.198	9587.61	1
2141	544.229	9584.7	1
2142	544.265	9584.38	1
2143	546.891	9587.47	1
2144	543.936	9585.04	1
2145	544.256	9584.47	1
2146	542.828	9581.08	1
2147	546.751	9586.79	1
2148	543.264	9580.97	1
2149	544.877	9577.58	1
2150	546.418	9587.09	1
2151	546.876	9586.85	1
2152	544.778	9579.63	1
2153	543.335	9580.98	1
2154	546.987	9586.86	1
2155	544.402	9585.72	1
2156	544.527	9584.11	1
2157	544.242	9583.92	1
2158	543.603	9578.49	1
2159	543.103	9581.01	1
2160	546.692	9587.17	1
2161	544.352	9585.64	1
2162	546.732	9587.39	1
2163	544.473	9583.9	1
2164	544.198	9584.12	1
2165	545.391	9579.62	1
2166	546.758	9587.23	1
2167	544.205	9584.21	1
2168	546.596	9587.23	1
2169	544.415	9579.31	1
2170	545.904	9580.32	1
2171	544.291	9583.79	1
2172	543.646	9584.52	1
2173	548.435	9578.37	1
2174	544.32	9584.35	1
2175	543.854	9584.35	1
2176	544.553	9579.05	1
2177	543.784	9584.42	1
2178	543.688	9584.42	1
2179	544.49	9579.07	1
2180	544.722	9577.59	1
2181	548.452	9578.39	1
2182	545.518	9580.57	1
2183	544.166	9583.92	1
2184	543.67	9584.43	1
2185	545.139	9577.78	1
2186	544.662	9579.41	1
2187	546.322	9586.27	1
2188	543.94	9585.22	1
2189	544.236	9584.25	1
2190	543.614	9584.37	1
2191	543.722	9578.99	1
2192	545.855	9580.75	1
2193	548.216	9589.87	1
2194	547.917	9579.19	1
2195	543.763	9579.07	1
2196	559.088	9588.99	1
2197	558.218	9588.11	1
2198	546.005	9579.11	1
2199	547.683	9578.88	1
2200	547.677	9578.66	1
2201	545.735	9580.63	1
2202	559.682	9588.17	1
2203	558.589	9587.73	1
2204	548.167	9590.34	1
2205	558.396	9587.79	1
2206	560.165	9586.6	1
2207	546.616	9580.97	1
2208	552.8	9588.09	1
2209	557.616	9588.33	1
2210	559.339	9587.87	1
2211	557.583	9588.34	1
2212	550.81	9589.07	1
2213	546.677	9577.18	1
2214	545.652	9580.71	1
2215	559.815	9588.23	1
2216	543.744	9578.97	1
2217	546.341	9580.93	1
2218	548.346	9590.53	1
2219	559.749	9587.16	1
2220	546.221	9578.95	1
2221	548.657	9577.11	1
2222	546.651	9577.59	1
2223	548.371	9589.9	1
2224	559.581	9587.47	1
2225	548.276	9590.41	1
2226	545.886	9580.39	1
2227	547.162	9578.29	1
2228	545.159	9584.69	1
2229	548.125	9590.35	1
2230	549.229	9589.86	1
2231	543.988	9578.71	1
2232	558.423	9587.21	1
2233	548.125	9590.37	1
2234	548.634	9590.37	1
2235	548.094	9578.04	1
2236	547.686	9578.35	1
2237	547.94	9590.14	1
2238	546.453	9576.64	1
2239	547.894	9590.02	1
2240	545.886	9579.27	1
2241	547.124	9581.62	1
2242	546.441	9576.59	1
2243	545.771	9579.89	1
2244	559.759	9588.34	1
2245	557.763	9588.26	1
2246	548.109	9589.77	1
2247	546.462	9576.56	1
2248	546.219	9579.04	1
2249	548.773	9577.2	1
2250	543.486	9578.74	1
2251	548.542	9589.91	1
2252	559.794	9587.06	1
2253	547.705	9589.7	1
2254	548.781	9577.08	1
2255	544.16	9578.81	1
2256	554.486	9578.04	1
2257	558.196	9587.9	1
2258	543.385	9578.83	1
2259	560.137	9587.4	1
2260	557.89	9588.4	1
2261	546.584	9589.72	1
2262	546.029	9579.09	1
2263	560.03	9588.05	1
2264	549.059	9589.97	1
2265	560.12	9587.9	1
2266	549.092	9590.12	1
2267	547.676	9590.14	1
2268	547.819	9590.2	1
2269	547.269	9577.09	1
2270	552.771	9585.14	1
2271	552.421	9585.37	1
2272	555.926	9587.56	1
2273	548.474	9579.27	1
2274	544.752	9584.69	1
2275	547.625	9578.74	1
2276	545.767	9580.55	1
2277	556.538	9587.59	1
2278	552.34	9584.26	1
2279	556.698	9588.05	1
2280	548.579	9579.24	1
2281	552.171	9585.57	1
2282	552.495	9585.24	1
2283	555.762	9588.21	1
2284	556.514	9587.47	1
2285	556.281	9588.19	1
2286	555.491	9574.09	1
2287	548.82	9578.22	1
2288	552.619	9586.04	1
2289	548.636	9578.28	1
2290	551.56	9584.79	1
2291	551.839	9586.21	1
2292	555.289	9587.88	1
2293	556.698	9588.05	1
2294	548.934	9578.19	1
2295	551.997	9584.14	1
2296	551.818	9586.07	1
2297	555.986	9588.14	1
2298	556.535	9587.93	1
2299	546.404	9576.49	1
2300	548.524	9578.36	1
2301	553.009	9586.02	1
2302	547.746	9578.8	1
2303	547.695	9578.68	1
2304	556.385	9580.32	1
2305	547.797	9578.98	1
2306	556.648	9587.55	1
2307	555.301	9587.7	1
2308	547.245	9578.76	1
2309	545.08	9588.59	1
2310	548.722	9579.18	1
2311	554.668	9587.86	1
2312	552.886	9575.71	1
2313	546.64	9576.62	1
2314	548.769	9579.22	1
2315	555.107	9581.02	1
2316	551.762	9582.91	1
2317	552.662	9586.29	1
2318	546.351	9585.67	1
2319	544.73	9584.33	1
2320	546.66	9583.47	1
2321	551.836	9586.22	1
2322	546.087	9579.13	1
2323	542.408	9583.03	1
2324	552.498	9586.22	1
2325	551.918	9586.22	1
2326	554.053	9587.9	1
2327	555.959	9587.3	1
2328	548.329	9577.79	1
2329	552.437	9585.36	1
2330	547.581	9578.76	1
2331	553.009	9586.01	1
2332	552.032	9586.22	1
2333	552.854	9585.54	1
2334	545.581	9579.46	1
2335	547.009	9578.61	1
2336	550.074	9580.83	1
2337	545.011	9588.21	1
2338	556.896	9578.92	1
2339	548.734	9577.2	1
2340	547.349	9577.03	1
2341	552.614	9586.04	1
2342	546.907	9577.83	1
2343	553.19	9585.01	1
2344	555.374	9587.97	1
2345	556.336	9587.46	1
2346	549.575	9583.78	1
2347	544.61	9584.85	1
2348	544.597	9584.65	1
2349	555.316	9573.46	1
2350	550.129	9583.5	1
2351	544.813	9585.39	1
2352	543.869	9585.03	1
2353	555.911	9574.12	1
2354	548.885	9589.76	1
2355	549.548	9583.7	1
2356	542.65	9568.39	1
2357	544.627	9584.66	1
2358	555.635	9573.84	1
2359	550.238	9584.95	1
2360	544.065	9585.36	1
2361	544.032	9584.45	1
2362	544.669	9585.05	1
2363	555.571	9574.06	1
2364	555.848	9573.89	1
2365	555.43	9574.2	1
2366	544.174	9585.43	1
2367	544.036	9585.08	1
2368	544.813	9584.42	1
2369	544.949	9584.79	1
2370	555.689	9573.92	1
2371	545.017	9584.38	1
2372	555.419	9573.79	1
2373	549.016	9583.95	1
2374	544.6	9584.83	1
2375	545.69	9584.09	1
2376	544.594	9585.57	1
2377	548.944	9583.89	1
2378	544.128	9584.92	1
2379	549.654	9583.47	1
2380	555.747	9573.39	1
2381	549.789	9584.01	1
2382	550.432	9584	1
2383	544.624	9585.36	1
2384	544.715	9585.29	1
2385	544.367	9584.22	1
2386	544.593	9585.35	1
2387	555.486	9573.21	1
2388	549.288	9583.48	1
2389	550.186	9584.94	1
2390	549.127	9583.72	1
2391	544.513	9584.48	1
2392	543.897	9584.29	1
2393	543.921	9584.42	1
2394	544.775	9585.13	1
2395	545.303	9584.29	1
2396	545.072	9584.85	1
2397	549.96	9584.05	1
2398	549.265	9583.2	1
2399	550.368	9584.97	1
2400	544.096	9584.55	1
2401	544.627	9585.28	1
2402	550.203	9583.94	1
2403	549.987	9583.69	1
2404	544.317	9584.35	1
2405	544.166	9584.15	1
2406	555.716	9573.72	1
2407	544.217	9583.81	1
2408	549.746	9584.19	1
2409	544.448	9585.01	1
2410	544.946	9585.36	1
2411	545.063	9585.4	1
2412	549.411	9583.89	1
2413	545.379	9584.25	1
2414	546.06	9591.48	1
2415	545.44	9584.21	1
2416	546.062	9591.01	1
2417	545.523	9584.17	1
2418	546.672	9589.73	1
2419	546.186	9591.11	1
2420	541.97	9578.29	1
2421	555.42	9578.73	1
2422	546.126	9591.48	1
2423	546.102	9591.46	1
2424	545.778	9591.41	1
2425	544.862	9585.34	1
2426	546.588	9589.63	1
2427	544.961	9585.42	1
2428	544.794	9585.25	1
2429	546.984	9590.39	1
2430	546.257	9590.39	1
2431	545.747	9591.62	1
2432	545.13	9584.42	1
2433	545.154	9584.44	1
2434	544.665	9584.91	1
2435	546.677	9590.66	1
2436	545.75	9591.25	1
2437	544.984	9585.07	1
2438	542.605	9577.87	1
2439	554.606	9588.4	1
2440	547.559	9590.29	1
2441	546.833	9590.46	1
2442	547.394	9590.75	1
2443	546.785	9590.83	1
2444	547.347	9590.84	1
2445	544.489	9588.29	1
2446	546.375	9589.69	1
2447	546.903	9590.64	1
2448	546.743	9591.21	1
2449	544.226	9585.28	1
2450	546.431	9589.67	1
2451	546.926	9590.72	1
2452	544.57	9585.26	1
2453	547.23	9590.82	1
2454	546.716	9591.38	1
2455	542.623	9577.87	1
2456	545.488	9589.53	1
2457	545.476	9590.82	1
2458	546.306	9590.76	1
2459	546.103	9591.35	1
2460	546.374	9589.63	1
2461	547.495	9590.78	1
2462	544.616	9584.68	1
2463	545.229	9590.05	1
2464	547.277	9590.87	1
2465	544.73	9585.38	1
2466	542.668	9577.98	1
2467	547.514	9589.99	1
2468	546.718	9590.29	1
2469	541.143	9579.32	1
2470	546.476	9590.97	1
2471	545.672	9589.11	1
2472	549.238	9587.27	1
2473	541.09	9579.12	1
2474	549.334	9589.87	1
2475	553.637	9584.82	1
2476	546.483	9590.36	1
2477	546.892	9590.78	1
2478	546.559	9590.68	1
2479	547.947	9590.61	1
2480	545.871	9589.58	1
2481	549.499	9587.5	1
2482	548.285	9587.73	1
2483	549.779	9589.75	1
2484	542.487	9577.96	1
2485	548.114	9587.69	1
2486	542.594	9577.92	1
2487	548.511	9588.07	1
2488	549.511	9587.46	1
2489	553.528	9584.66	1
2490	542.416	9577.91	1
2491	545.585	9589.64	1
2492	549.338	9585.35	1
2493	545.971	9590.73	1
2494	549.395	9585.91	1
2495	549.676	9587.66	1
2496	549.497	9585.42	1
2497	549.698	9587.73	1
2498	549.845	9589.85	1
2499	542.597	9578.11	1
2500	546.37	9590.69	1
2501	549.44	9585.6	1
2502	549.707	9587.29	1
2503	545.744	9590.77	1
2504	542.468	9578.15	1
2505	546.301	9589.67	1
2506	549.671	9587.96	1
2507	547.216	9590.91	1
2508	546.837	9590.19	1
2509	547.003	9590.85	1
2510	550.621	9586.25	1
2511	550.2	9589.7	1
2512	546.018	9588.18	1
2513	547.085	9590.84	1
2514	547.305	9589.73	1
2515	549.824	9587.53	1
2516	553.349	9586.74	1
2517	549.401	9585.73	1
2518	547.453	9589.84	1
2519	542.48	9578.05	1
2520	545.585	9591.01	1
2521	550.986	9581.22	1
2522	559.005	9586	1
2523	546.691	9590.37	1
2524	545.844	9591.19	1
2525	549.988	9589.74	1
2526	549.484	9589.99	1
2527	547.186	9590.03	1
2528	549.529	9589.91	1
2529	553.279	9584.63	1
2530	553.404	9587.44	1
2531	549.715	9589.7	1
2532	546.113	9582.29	1
2533	549.527	9589.45	1
2534	545.468	9581.61	1
2535	545.879	9582.2	1
2536	545.988	9582.32	1
2537	546.271	9582.23	1
2538	546.037	9582.21	1
2539	545.855	9580.31	1
2540	557.788	9579.18	1
2541	545.686	9581.7	1
2542	549.254	9590.05	1
2543	545.978	9581.61	1
2544	545.843	9582.47	1
2545	545.91	9581.62	1
2546	545.622	9582.59	1
2547	545.396	9582.09	1
2548	549.235	9589.34	1
2549	558.078	9558.38	1
2550	546.007	9582.6	1
2551	555.358	9575.33	1
2552	546.035	9582.79	1
2553	545.26	9581.79	1
2554	546.611	9581.66	1
2555	546.022	9582.26	1
2556	551.397	9587.1	1
2557	546.031	9582.72	1
2558	545.555	9580.86	1
2559	556.396	9588.18	1
2560	545.153	9582.42	1
2561	549.567	9589.86	1
2562	549.116	9589.32	1
2563	545.686	9580.25	1
2564	545.274	9582.3	1
2565	549.313	9589.96	1
2566	556.56	9584.59	1
2567	544.83	9582.46	1
2568	546.454	9582.65	1
2569	552.435	9575.87	1
2570	542.65	9568.39	1
2571	545.695	9582.29	1
2572	549.783	9589.52	1
2573	545.586	9581.88	1
2574	551.84	9577.46	1
2575	546.177	9582.27	1
2576	545.722	9582.42	1
2577	548.438	9589.93	1
2578	549.515	9589.51	1
2579	548.962	9588.86	1
2580	548.825	9588.77	1
2581	549.696	9589.52	1
2582	545.676	9582.23	1
2583	550.053	9589.37	1
2584	546.288	9582.23	1
2585	545.945	9582.26	1
2586	546.54	9582.01	1
2587	545.789	9581.88	1
2588	557.054	9586.33	1
2589	546.255	9581.77	1
2590	545.547	9582	1
2591	545.79	9582.5	1
2592	545.824	9582.64	1
2593	546.812	9582.33	1
2594	558.748	9586.79	1
2595	546.22	9581.69	1
2596	545.965	9581.96	1
2597	546.799	9582.31	1
2598	543.99	9547.08	1
2599	546.819	9582.62	1
2600	552.734	9588.18	1
2601	549.491	9586.16	1
2602	552.174	9583.63	1
2603	546.013	9582.36	1
2604	545.414	9582	1
2605	546.046	9582.48	1
2606	546.503	9582.58	1
2607	545.639	9581.96	1
2608	545.643	9581.75	1
2609	545.561	9582.69	1
2610	556.883	9588.28	1
2611	545.085	9584.39	1
2612	545.888	9582.71	1
2613	545.411	9582.6	1
2614	546.102	9581.5	1
2615	546.104	9582.85	1
2616	545.121	9582.11	1
2617	556.073	9588.03	1
2618	545.194	9582.34	1
2619	550.57	9585.24	1
2620	545.619	9581.69	1
2621	551.924	9585.17	1
2622	555.577	9585.62	1
2623	551.303	9585.17	1
2624	545.275	9581.84	1
2625	552.78	9588.14	1
2626	556.773	9584.51	1
2627	553.059	9587.44	1
2628	547.183	9587.53	1
2629	555.33	9585.9	1
2630	560.382	9586.97	1
2631	549.028	9589.1	1
2632	549.435	9589.48	1
2633	545.805	9582.65	1
2634	546.016	9582.47	1
2635	546.319	9590.85	1
2636	545.73	9588.44	1
2637	546.065	9582.42	1
2638	552.054	9587.72	1
2639	544.114	9579.27	1
2640	545.934	9582.32	1
2641	549.155	9588.94	1
2642	548.777	9589.62	1
2643	548.272	9576.94	1
2644	549.3	9588.88	1
2645	545.578	9588.3	1
2646	549.749	9589.52	1
2647	550.093	9589.43	1
2648	548.757	9588.65	1
2649	544.879	9578.53	1
2650	545.668	9583.82	1
2651	548.138	9587.06	1
2652	546.282	9589.34	1
2653	560.228	9585.6	1
2654	545.203	9588.73	1
2655	550.191	9586.81	1
2656	545.508	9580.78	1
2657	544.932	9582.84	1
2658	550.675	9584.34	1
2659	547.385	9576.5	1
2660	557.172	9588.16	1
2661	556.416	9587.43	1
2662	548.279	9589.38	1
2663	535.722	9588.79	1
2664	550.151	9585.2	1
2665	552.816	9586.46	1
2666	550.29	9583.57	1
2667	547.534	9588.88	1
2668	551.471	9586.27	1
2669	550.303	9584.06	1
2670	550.354	9584.97	1
2671	550.917	9583.39	1
2672	551.669	9583.28	1
2673	547.2	9576.55	1
2674	550.133	9583.61	1
2675	550.726	9584.42	1
2676	548.752	9586.14	1
2677	550.391	9586.51	1
2678	545.001	9587.42	1
2679	543.99	9547.08	1
2680	542.65	9568.39	1
2681	550.218	9583.66	1
2682	550.597	9583.93	1
2683	550.747	9584.44	1
2684	549.938	9584.26	1
2685	550.377	9583.77	1
2686	550.273	9584.5	1
2687	553.041	9576.13	1
2688	554.228	9586.58	1
2689	562.58	9573.26	1
2690	556.078	9587.06	1
2691	544.005	9583.21	1
2692	557.103	9588.33	1
2693	544.073	9582.37	1
2694	543.355	9578.49	1
2695	549.417	9584.84	1
2696	552.437	9585.32	1
2697	545.45	9586.59	1
2698	551.112	9584.99	1
2699	545.221	9589.46	1
2700	549.269	9586.61	1
2701	554.643	9584.29	1
2702	558.482	9589.59	1
2703	543.303	9580.92	1
2704	542.114	9581.49	1
2705	558.262	9575.95	1
2706	553.358	9588.6	1
2707	539.18	9566.07	1
2708	550.302	9579.78	1
2709	551.127	9583.93	1
2710	542.65	9568.39	1
2711	552.742	9585.97	1
2712	552.848	9587.7	1
2713	541.559	9581.08	1
2714	549.202	9588.84	1
2715	550.321	9586.47	1
2716	549.137	9581.91	1
2717	554.478	9585.47	1
2718	554.415	9583.66	1
2719	545.088	9589.38	1
2720	558.078	9558.38	1
2721	558.078	9558.38	1
2722	562.58	9573.26	1
2723	558.078	9558.38	1
2724	543.99	9547.08	1
2725	562.58	9573.26	1
2726	558.078	9558.38	1
2727	543.15	9581.48	1
2728	552.287	9586.57	1
2729	558.078	9558.38	1
2730	558.078	9558.38	1
2731	570.86	9566.12	1
2732	541.02	9583.08	1
2733	546.692	9582.11	1
2734	535.709	9588.79	1
2735	535.768	9588.79	1
2736	570.86	9566.12	1
2737	542.65	9568.39	1
2738	570.86	9566.12	1
2739	546.24	9584.12	1
2740	570.86	9566.12	1
2741	552.844	9573.99	1
2742	544.3	9584.88	1
2743	551.157	9584.66	1
2744	544.456	9578.2	1
2745	554.491	9583.47	1
2746	547.782	9576.34	1
2747	546.031	9586.71	1
2748	554.465	9586.26	1
2749	535.714	9588.78	1
2750	549.391	9586.92	1
2751	549.897	9587.11	1
2752	546.767	9589.43	1
2753	548.467	9582.83	1
2754	545.261	9585.14	1
2755	553.184	9585.01	1
2756	555.089	9580.11	1
2757	535.718	9588.79	1
2758	539.18	9566.07	1
2759	559.255	9578.99	1
2760	550.982	9585.89	1
2761	557.643	9581.05	1
2762	548.58	9575.94	1
2763	545.831	9588.55	1
2764	535.727	9588.77	1
2765	562.58	9573.26	1
2766	546.659	9584.87	1
2767	556.577	9580.12	1
2768	549.235	9587.02	1
2769	535.79	9588.76	1
2770	570.86	9566.12	1
2771	539.18	9566.07	1
2772	539.18	9566.07	1
2773	553.65	9583	1
2774	539.18	9566.07	1
2775	539.18	9566.07	1
2776	548.051	9586.49	1
2777	547.07	9581.3	1
2778	552.827	9587.9	1
2779	552.808	9588.09	1
2780	552.368	9587.65	1
2781	545.569	9578.01	1
2782	555.679	9575.67	1
2783	539.18	9566.07	1
2784	539.18	9566.07	1
2785	539.18	9566.07	1
2786	539.18	9566.07	1
2787	561.035	9578.26	1
2788	544.453	9588.05	1
2789	543.99	9547.08	1
2790	539.18	9566.07	1
2791	546.55	9589.37	1
2792	550.844	9587.07	1
2793	551.2	9587.56	1
2794	542.047	9581.41	1
2795	543.99	9547.08	1
2796	535.709	9588.79	1
2797	546.85	9590.79	1
2798	549.996	9587.43	1
2799	539.18	9566.07	1
2800	554.479	9584.43	1
2801	570.86	9566.12	1
2802	556.656	9587.84	1
2803	539.18	9566.07	1
2804	562.58	9573.26	1
2805	547.376	9576.01	1
2806	552.227	9578.1	1
2807	550.821	9583.02	1
2808	544.041	9573.73	1
2809	562.58	9573.26	1
2810	547.602	9590.3	1
2811	545.812	9590.38	1
2812	545.437	9582.84	1
2813	539.18	9566.07	1
2814	552.773	9587.91	1
2815	552.819	9587.97	1
2816	555.526	9575.92	1
2817	552.814	9584.68	1
2818	554.465	9577.37	1
2819	542.408	9584.24	1
2820	549.645	9586.31	1
2821	552.835	9587.83	1
2822	552.794	9588.14	1
2823	562.58	9573.26	1
2824	557.112	9584.42	1
2825	549.09	9590.02	1
2826	552.336	9588.6	1
2827	545.445	9578.67	1
2828	547.413	9589.77	1
2829	555.166	9586.48	1
2830	548.259	9589.84	1
2831	545.338	9578.4	1
2832	547.979	9584.84	1
2833	551.34	9583.54	1
2834	550.05	9589.46	1
2835	549.418	9589.6	1
2836	549.395	9589.6	1
2837	549.544	9589.61	1
2838	549.776	9589.83	1
2839	549.438	9589.94	1
2840	550.206	9589.52	1
2841	549.279	9589.72	1
2842	548.221	9586.38	1
2843	548.657	9586.11	1
2844	548.606	9586.25	1
2845	548.649	9586.03	1
2846	548.637	9586.11	1
2847	548.559	9586.55	1
2848	549.058	9586.4	1
2849	548.818	9585.61	1
2850	548.57	9586.07	1
2851	549.987	9587.06	1
2852	549.594	9586.69	1
2853	550.412	9587.21	1
2854	550.506	9587.01	1
2855	549.991	9586.88	1
2856	549.775	9586.92	1
2857	550.651	9586.73	1
2858	551.2	9589.02	1
2859	551.396	9588.98	1
2860	552.18	9588.69	1
2861	552.6	9588.58	1
2862	552.589	9588.58	1
2863	552.29	9588.67	1
2864	552.437	9588.63	1
2865	551.678	9588.91	1
2866	549.207	9589	1
2867	550.497	9588.91	1
2868	549.713	9588.37	1
2869	550.596	9587.94	1
2870	550.026	9588.31	1
2871	549.988	9589.27	1
2872	550.279	9589.13	1
2873	550.86	9587.8	1
2874	550.728	9587.8	1
2875	550.654	9587.74	1
2876	550.634	9587.77	1
2877	551.058	9587.47	1
2878	550.671	9587.03	1
2879	550.518	9587.56	1
2880	551.416	9587.09	1
2881	551.026	9587.43	1
2882	550.648	9587.8	1
2883	551.049	9587.21	1
2884	551.183	9587.43	1
2885	551.097	9586.98	1
2886	551.131	9587.09	1
2887	551.279	9587.14	1
2888	551.375	9587.47	1
2889	551.398	9587.74	1
2890	550.881	9587.91	1
2891	551.518	9587.7	1
2892	550.001	9587.43	1
2893	550.822	9587.87	1
2894	550.058	9587.64	1
2895	550.135	9587.68	1
2896	550.6	9585.62	1
2897	550.592	9585.69	1
2898	549.42	9582.64	1
2899	550.938	9583	1
2900	549.857	9583.06	1
2901	550.647	9583.14	1
2902	549.766	9582.79	1
2903	549.813	9582.9	1
2904	549.625	9583.05	1
2905	548.827	9583.07	1
2906	549.416	9582.84	1
2907	549.224	9583.1	1
2908	549.373	9583.05	1
2909	549.236	9582.91	1
2910	549.723	9583	1
2911	549.692	9583.22	1
2912	549.786	9582.82	1
2913	549.558	9583.36	1
2914	549.4	9586.8	1
2915	549.627	9586.7	1
2916	549.133	9586.89	1
2917	549.712	9587.27	1
2918	549.628	9587.2	1
2919	548.334	9587.03	1
2920	548.793	9587.01	1
2921	549.101	9586.71	1
2922	549.377	9586.92	1
2923	548.729	9586.65	1
2924	549.04	9588.14	1
2925	549.324	9588.28	1
2926	548.581	9588.49	1
2927	549.552	9588.49	1
2928	548.921	9588.42	1
2929	549.39	9588.37	1
2930	549.487	9588.37	1
2931	549.357	9588.61	1
2932	549.033	9588.16	1
2933	549.309	9588.2	1
2934	548.937	9588.12	1
2935	548.966	9588.15	1
2936	549.674	9587.98	1
2937	550.062	9587.69	1
2938	549.114	9588.17	1
2939	545.127	9584.04	1
2940	545.124	9583.38	1
2941	545.221	9584.57	1
2942	546.24	9584.1	1
2943	546.194	9583.84	1
2944	545.063	9584.02	1
2945	546.274	9583.42	1
2946	545.935	9584.09	1
2947	545.795	9583.97	1
2948	546.118	9584.04	1
2949	545.874	9582.94	1
2950	546.323	9584.01	1
2951	546.284	9583.55	1
2952	546.174	9583.84	1
2953	546.818	9583.63	1
2954	545.444	9584.44	1
2955	545.289	9583.9	1
2956	545.628	9584.07	1
2957	545.185	9584.16	1
2958	560.896	9586.43	1
2959	560.37	9587.12	1
2960	560.388	9587.11	1
2961	560.991	9585.94	1
2962	562.01	9584.03	1
2963	561.497	9585.31	1
2964	561.345	9585.27	1
2965	562	9583.86	1
2966	562.284	9583.64	1
2967	544.753	9588.65	1
2968	561.229	9585.49	1
2969	559.81	9588.17	1
2970	562.138	9583.88	1
2971	559.856	9586.14	1
2972	559.744	9586.06	1
2973	561.238	9585.8	1
2974	561.342	9585.59	1
2975	560.84	9586.54	1
2976	560.396	9587.37	1
2977	560.215	9587.73	1
2978	561.428	9585.43	1
2979	559.601	9588.8	1
2980	553.871	9588.88	1
2981	554.301	9588.47	1
2982	553.574	9588.86	1
2983	554.445	9588.09	1
2984	553.636	9588.69	1
2985	553.898	9588.86	1
2986	550.048	9586.68	1
2987	549.35	9584.97	1
2988	543.882	9582.73	1
2989	550.344	9586.22	1
2990	549.436	9585.52	1
2991	549.326	9585.6	1
2992	549.405	9585.52	1
2993	549.384	9585.11	1
2994	549.334	9584.99	1
2995	550.03	9586.76	1
2996	550.144	9585.28	1
2997	550.581	9586.2	1
2998	550.544	9586.71	1
2999	550.462	9586.46	1
3000	550.478	9586.53	1
3001	550.103	9586.53	1
3002	550.266	9586.34	1
3003	549.397	9586.06	1
3004	550.062	9585.35	1
3005	557.32	9588.25	1
3006	558.594	9589.77	1
3007	557.102	9588.02	1
3008	557.385	9587.79	1
3009	556.689	9587.87	1
3010	557.642	9588.34	1
3011	548.489	9585.12	1
3012	548.208	9585.7	1
3013	549.575	9584.26	1
3014	548.301	9585.88	1
3015	548.223	9585.15	1
3016	548.814	9585.26	1
3017	548.327	9585.87	1
3018	548.726	9585.09	1
3019	548.324	9585.75	1
3020	548.06	9586.02	1
3021	549.29	9585.07	1
3022	549.164	9584.77	1
3023	559.838	9586.98	1
3024	552.004	9588.39	1
3025	552.036	9588.47	1
3026	552.033	9588.48	1
3027	551.631	9587.54	1
3028	552.967	9588.38	1
3029	551.791	9588.6	1
3030	551.531	9588.12	1
3031	552.643	9588.45	1
3032	551.749	9588.49	1
3033	551.655	9588.55	1
3034	552.492	9587.38	1
3035	552.803	9587.28	1
3036	553.059	9588.86	1
3037	551.053	9588.75	1
3038	554.053	9588.29	1
3039	552.157	9587.32	1
3040	551.745	9587.59	1
3041	551.954	9588.61	1
3042	551.621	9587.52	1
3043	551.653	9587.84	1
3044	551.386	9587.67	1
3045	552.038	9587.45	1
3046	551.204	9587.61	1
3047	551.461	9588.09	1
3048	551.408	9588.13	1
3049	552.88	9587.31	1
3050	552.143	9587.23	1
3051	551.693	9588.45	1
3052	551.706	9588.02	1
3053	553.352	9586.84	1
3054	551.92	9588.53	1
3055	551.245	9587.53	1
3056	551.052	9587.82	1
3057	551.556	9588.67	1
3058	551.116	9589.04	1
3059	551.53	9588.51	1
3060	553.041	9587.68	1
3061	552.528	9587.37	1
3062	552.773	9587.24	1
3063	552.83	9587.04	1
3064	553.405	9588.58	1
3065	553.39	9587.84	1
3066	553.121	9587.94	1
3067	553.379	9587.73	1
3068	552.102	9588.41	1
3069	551.828	9588.34	1
3070	552.229	9588.28	1
3071	551.818	9587.83	1
3072	552.382	9588.53	1
3073	552.825	9588.22	1
3074	552.28	9588.19	1
3075	552.168	9588.26	1
3076	551.963	9588.3	1
3077	552.45	9588.29	1
3078	551.506	9588.12	1
3079	552.712	9587.91	1
3080	552.481	9587.93	1
3081	552.588	9587.9	1
3082	553.281	9587.77	1
3083	552.971	9587.87	1
3084	553.655	9587.64	1
3085	552.939	9587.87	1
3086	553.162	9587.81	1
3087	552.693	9587.91	1
3088	552.662	9587.91	1
3089	553.816	9588.16	1
3090	552.668	9588.57	1
3091	551.751	9588.62	1
3092	553.054	9588.13	1
3093	552.354	9588.51	1
3094	552.336	9588.5	1
3095	552.336	9588.48	1
3096	552.478	9588.18	1
3097	551.553	9587.26	1
3098	552.001	9588.36	1
3099	551.969	9588.28	1
3100	551.624	9587.93	1
3101	551.284	9587.48	1
3102	552.403	9587.27	1
3103	553.726	9587.41	1
3104	553.745	9587.76	1
3105	553.598	9587.11	1
3106	552.301	9587.32	1
3107	552.123	9587.25	1
3108	552.207	9587.38	1
3109	551.285	9587.68	1
3110	552.385	9587.35	1
3111	551.925	9587.5	1
3112	551.449	9587.79	1
3113	551.556	9587.93	1
3114	552.953	9588.41	1
3115	552.583	9587.9	1
3116	553.223	9587.79	1
3117	553.397	9587.47	1
3118	551.692	9588.15	1
3119	552.712	9587.36	1
3120	553.136	9587.23	1
3121	552.902	9587.31	1
3122	553.126	9587.18	1
3123	553.493	9587.44	1
3124	551.478	9588.13	1
3125	552.674	9587.38	1
3126	552.532	9588.62	1
3127	552.149	9587.21	1
3128	551.62	9587.75	1
3129	551.595	9587.65	1
3130	543.738	9578.87	1
3131	543.782	9579.07	1
3132	543.692	9578.99	1
3133	544.077	9578.82	1
3134	552.594	9574.55	1
3135	552.699	9574.71	1
3136	553.081	9576.03	1
3137	553.038	9576.22	1
3138	553.041	9576.36	1
3139	552.476	9575.14	1
3140	552.381	9575.15	1
3141	553.476	9575.19	1
3142	553.324	9575.22	1
3143	553.942	9576.58	1
3144	552.882	9574.15	1
3145	553.249	9576.09	1
3146	552.828	9576.36	1
3147	553	9576.12	1
3148	559.052	9581.61	1
3149	553.563	9574.52	1
3150	553.44	9575.14	1
3151	553.043	9576.5	1
3152	553.035	9576.09	1
3153	552.508	9576.04	1
3154	552.772	9575.82	1
3155	553.122	9576.15	1
3156	552.405	9574.48	1
3157	552.898	9574.1	1
3158	554.757	9573.67	1
3159	554.563	9574.76	1
3160	548.941	9577.31	1
3161	548.829	9576.83	1
3162	550.824	9580.83	1
3163	550.502	9582.09	1
3164	550.446	9579.76	1
3165	548.802	9578.34	1
3166	549.673	9580.43	1
3167	550.609	9579.74	1
3168	547.601	9583.83	1
3169	546.639	9584.24	1
3170	546.903	9584.1	1
3171	546.702	9588.24	1
3172	546.706	9588.18	1
3173	546.577	9588.3	1
3174	546.784	9588.25	1
3175	546.776	9588.44	1
3176	546.51	9587.9	1
3177	546.987	9589.41	1
3178	546.82	9589.61	1
3179	546.824	9589.65	1
3180	547.046	9589.46	1
3181	547.205	9589.03	1
3182	546.691	9589.36	1
3183	546.71	9588.18	1
3184	546.702	9588.15	1
3185	546.811	9588.1	1
3186	546.569	9588.56	1
3187	546.57	9589.42	1
3188	546.839	9588.05	1
3189	546.374	9588.66	1
3190	546.296	9588.68	1
3191	547.253	9589.14	1
3192	546.983	9589.41	1
3193	546.865	9589.36	1
3194	558.334	9588.25	1
3195	558.691	9587.61	1
3196	558.656	9587.7	1
3197	559.877	9588.31	1
3198	546.053	9584.39	1
3199	545.662	9583.49	1
3200	546.714	9583.66	1
3201	546.311	9583.44	1
3202	545.356	9583.95	1
3203	545.698	9583.65	1
3204	546.02	9583.52	1
3205	545.899	9584	1
3206	545.597	9584.13	1
3207	545.656	9583.92	1
3208	546.66	9584.27	1
3209	546.27	9583.85	1
3210	546.113	9583.46	1
3211	558.899	9590.15	1
3212	558.993	9590.09	1
3213	559.227	9589.77	1
3214	559.446	9589.25	1
3215	559.481	9589.15	1
3216	559.471	9589.16	1
3217	559.489	9589.15	1
3218	559.23	9589.78	1
3219	558.833	9590.21	1
3220	552.086	9588.22	1
3221	552.153	9588.02	1
3222	552.228	9588.53	1
3223	552.184	9588.43	1
3224	552.371	9588.14	1
3225	552.486	9588.22	1
3226	552.301	9587.81	1
3227	551.944	9587.64	1
3228	546.268	9591.32	1
3229	546.018	9591.11	1
3230	546.016	9591.09	1
3231	545.581	9589.53	1
3232	546.403	9590.44	1
3233	547.548	9590.07	1
3234	547.472	9589.96	1
3235	545.482	9590.59	1
3236	545.705	9591.17	1
3237	546.525	9591.36	1
3238	546.499	9589.74	1
3239	548.01	9587.03	1
3240	547.952	9587.25	1
3241	546.976	9587.51	1
3242	547.099	9587.37	1
3243	547.673	9587.93	1
3244	547.24	9587.38	1
3245	547.715	9588.12	1
3246	548.178	9587.65	1
3247	547.537	9588.03	1
3248	546.777	9587.33	1
3249	547.679	9587.88	1
3250	547.784	9587.63	1
3251	547.313	9587.98	1
3252	547.297	9588	1
3253	548.165	9587.76	1
3254	547.31	9587.11	1
3255	547.641	9588.34	1
3256	547.781	9587.24	1
3257	547.784	9587.32	1
3258	548.231	9587.78	1
3259	548.127	9585.07	1
3260	550.859	9583.23	1
3261	551.995	9584.46	1
3262	551.186	9584.11	1
3263	546.328	9587.86	1
3264	557.136	9577.08	1
3265	557.191	9576.98	1
3266	557.495	9576.93	1
3267	557.119	9576.99	1
3268	557.206	9577.06	1
3269	557.282	9577.06	1
3270	557.336	9577.12	1
3271	554.571	9581.51	1
3272	555.875	9581.58	1
3273	554.959	9581.61	1
3274	552.688	9574.83	1
3275	553.099	9574.38	1
3276	553.191	9576.11	1
3277	552.965	9575.76	1
3278	553.471	9576.3	1
3279	553.419	9576.12	1
3280	552.732	9574.84	1
3281	552.878	9574.03	1
3282	552.272	9574.57	1
3283	552.441	9574.46	1
3284	553.136	9574.56	1
3285	552.965	9574.71	1
3286	555.229	9581.93	1
3287	555.043	9581.33	1
3288	554.785	9581.56	1
3289	554.589	9577.38	1
3290	554.513	9581.83	1
3291	551.082	9585.45	1
3292	554.575	9581.97	1
3293	555.096	9582.09	1
3294	557.18	9576.73	1
3295	557.225	9576.71	1
3296	545.298	9587.84	1
3297	545.609	9587.64	1
3298	545.151	9587.94	1
3299	545.963	9587.54	1
3300	545.501	9587.53	1
3301	545.361	9587.88	1
3302	545.167	9587.7	1
3303	545.907	9587.66	1
3304	545.874	9587.74	1
3305	545.559	9587.39	1
3306	552.037	9576.71	1
3307	552.138	9576.67	1
3308	553.243	9577.08	1
3309	554.8	9577.23	1
3310	553.563	9577.11	1
3311	553.367	9577.26	1
3312	553.082	9577.04	1
3313	553.131	9577.1	1
3314	550.254	9577.11	1
3315	550.228	9577.11	1
3316	552.405	9574.51	1
3317	552.598	9574.68	1
3318	552.271	9575.05	1
3319	552.635	9574.68	1
3320	552.574	9574.79	1
3321	552.38	9574.82	1
3322	552.395	9574.41	1
3323	552.241	9574.69	1
3324	548.918	9575.65	1
3325	548.305	9575.22	1
3326	548.829	9575.68	1
3327	548.379	9575.31	1
3328	548.388	9575.31	1
3329	554.523	9578.98	1
3330	549.833	9582.12	1
3331	550.874	9581.34	1
3332	550.483	9581.29	1
3333	551.051	9580.96	1
3334	551.32	9580.84	1
3335	551.242	9581.14	1
3336	554.588	9581.76	1
3337	554.888	9582.35	1
3338	556.201	9577.41	1
3339	556.666	9577.2	1
3340	556.806	9577.19	1
3341	556.639	9576.79	1
3342	556.75	9577.02	1
3343	556.809	9577.07	1
3344	556.847	9576.82	1
3345	549.16	9575.98	1
3346	549.13	9575.25	1
3347	548.297	9576.99	1
3348	542.65	9568.39	1
3349	549.073	9575.26	1
3350	549.06	9575.38	1
3351	547.225	9576.19	1
3352	547.435	9576.5	1
3353	548.966	9577.3	1
3354	549.634	9577.1	1
3355	549.008	9577.3	1
3356	547.586	9576.01	1
3357	547.428	9576.47	1
3358	547.341	9576.53	1
3359	549.192	9577.31	1
3360	548.358	9575.32	1
3361	549.022	9576.02	1
3362	549.034	9575.62	1
3363	548.112	9577.05	1
3364	548.749	9576.13	1
3365	548.161	9576.82	1
3366	547.392	9576.38	1
3367	547.178	9576.47	1
3368	547.62	9575.46	1
3369	547.245	9576.12	1
3370	547.423	9576.35	1
3371	548.252	9576.35	1
3372	548.393	9576.9	1
3373	547.939	9576.26	1
3374	547.992	9576.02	1
3375	548.257	9575.86	1
3376	549.714	9577.2	1
3377	548.237	9576.33	1
3378	548.053	9576.4	1
3379	547.529	9576.32	1
3380	549.261	9575.95	1
3381	548.738	9576.25	1
3382	549.275	9576.03	1
3383	549.031	9575.88	1
3384	548.679	9575.8	1
3385	549.083	9577.06	1
3386	547.823	9576.34	1
3387	547.532	9575.96	1
3388	547.386	9575.95	1
3389	547.431	9576.11	1
3390	549.646	9576.85	1
3391	548.435	9577.23	1
3392	547.48	9576.1	1
3393	547.527	9576.08	1
3394	547.709	9576.37	1
3395	547.652	9576.52	1
3396	548.968	9576.59	1
3397	549.207	9577.36	1
3398	548.252	9577.05	1
3399	548.662	9575.41	1
3400	553.692	9576.15	1
3401	553.475	9574.68	1
3402	554.916	9574.98	1
3403	546.929	9579.93	1
3404	545.998	9580.06	1
3405	545.953	9579.78	1
3406	546.401	9579.72	1
3407	546.432	9580.06	1
3408	546.682	9580.04	1
3409	546.829	9580.79	1
3410	546.545	9580.06	1
3411	546.203	9579.99	1
3412	546.339	9581.3	1
3413	546.924	9580.43	1
3414	545.953	9579.78	1
3415	547.979	9585.1	1
3416	547.772	9584.97	1
3417	547.736	9584.9	1
3418	547.857	9585.09	1
3419	548.046	9585.06	1
3420	546.579	9581.28	1
3421	546.11	9580.44	1
3422	546.937	9581.7	1
3423	545.829	9580.61	1
3424	545.836	9579.95	1
3425	545.72	9580.11	1
3426	546.605	9581.24	1
3427	556.483	9577.08	1
3428	556.418	9577.2	1
3429	556.276	9576.84	1
3430	556.295	9576.93	1
3431	559.386	9589.71	1
3432	558.345	9587.89	1
3433	558.504	9587.81	1
3434	558.274	9587.78	1
3435	559.843	9586.96	1
3436	558.317	9587.83	1
3437	545.818	9591.18	1
3438	546.231	9590.31	1
3439	546.536	9590.53	1
3440	545.619	9583.39	1
3441	545.58	9552.76	1
3442	542.65	9568.39	1
3443	545.756	9591.32	1
3444	545.784	9591.55	1
3445	552.031	9588.19	1
3446	552.277	9588.1	1
3447	552.251	9588.11	1
3448	549.369	9589.6	1
3449	549.111	9590.2	1
3450	549.853	9589.48	1
3451	543.09	9583.7	1
3452	557.662	9578.84	1
3453	544.921	9586.51	1
3454	545.389	9586.61	1
3455	544.646	9586.5	1
3456	544.573	9586.47	1
3457	544.639	9587.07	1
3458	544.807	9585.76	1
3459	546.703	9587.18	1
3460	548.245	9584.58	1
3461	557.632	9577.43	1
3462	543.453	9578.75	1
3463	550.554	9579.86	1
3464	554.924	9581.75	1
3465	554.93	9581.77	1
3466	545.798	9590.87	1
3467	544.575	9579.77	1
3468	555.943	9580.33	1
3469	555.49	9586.41	1
3470	555.372	9581.9	1
3471	554.797	9581.53	1
3472	555.105	9581.85	1
3473	550.776	9587.28	1
3474	559.128	9580.9	1
3475	546.908	9588.01	1
3476	548.508	9588.27	1
3477	554.852	9581.43	1
3478	570.86	9566.12	1
3479	547.688	9590.22	1
3480	543.084	9568.23	1
3481	554.58	9577.94	1
3482	548.619	9576.02	1
3483	546.638	9590.97	1
3484	551.403	9588.09	1
3485	552.585	9588.12	1
3486	551.604	9588	1
3487	551.755	9586.7	1
3488	550.184	9584.99	1
3489	545.536	9584.18	1
3490	546.448	9584.22	1
3491	549.871	9583.92	1
3492	558.506	9587.97	1
3493	556.919	9587.87	1
3494	545.666	9588.2	1
3495	545.223	9587.33	1
3496	546.466	9587.73	1
3497	546.112	9588.35	1
3498	546.179	9587.8	1
3499	546.063	9588.45	1
3500	562.58	9573.26	1
3501	552.179	9587.75	1
3502	547.581	9578	1
3503	545.842	9582.58	1
3504	542.65	9568.39	1
3505	542.65	9568.39	1
3506	544.278	9587.39	1
3507	552.739	9588.17	1
3508	554.424	9581.51	1
3509	545.788	9583.35	1
3510	545.822	9583.56	1
3511	545.562	9583.02	1
3512	545.69	9584.17	1
3513	545.528	9582.64	1
3514	545.763	9583.7	1
3515	545.583	9582.92	1
3516	545.6	9582.99	1
3517	545.915	9583.36	1
3518	545.078	9583.03	1
3519	545.127	9582.84	1
3520	545.065	9582.86	1
3521	545.158	9582.95	1
3522	545.094	9582.84	1
3523	546.492	9582.3	1
3524	554.794	9581.51	1
3525	554.793	9581.45	1
3526	555.668	9581.14	1
3527	542.339	9582.86	1
3528	557.148	9588.44	1
3529	542.65	9568.39	1
3530	555.587	9581.48	1
3531	554.939	9581.89	1
3532	554.63	9581.57	1
3533	554.974	9581.89	1
3534	552.832	9587.85	1
3535	549.114	9575.36	1
3536	544.296	9582.63	1
3537	544.246	9581.18	1
3538	548.517	9575.68	1
3539	548.084	9575.95	1
3540	555.159	9586.69	1
3541	555.929	9581.48	1
3542	544.478	9583.44	1
3543	555.309	9582.12	1
3544	535.718	9588.76	1
3545	546.039	9579.88	1
3546	543.259	9580.88	1
3547	535.727	9588.77	1
3548	549.318	9576.28	1
3549	555.565	9581.92	1
3550	546.435	9580.89	1
3551	553.017	9588.34	1
3552	552.779	9588.09	1
3553	543.054	9568.22	1
3554	553.843	9588.82	1
3555	546.532	9581.29	1
3556	554.364	9586.96	1
3557	556.139	9576.56	1
3558	556.153	9580.21	1
3559	541.399	9571.21	1
3560	556.675	9580.66	1
3561	547.094	9589.78	1
3562	547.805	9589.1	1
3563	543.009	9568.22	1
3564	552.454	9579.3	1
3565	544.232	9581.44	1
3566	544.185	9582.43	1
3567	547.862	9589.05	1
3568	550.473	9587.74	1
3569	548.723	9576.59	1
3570	546.938	9581.77	1
3571	545.817	9585.54	1
3572	547.645	9576.41	1
3573	555.265	9580.67	1
3574	545.333	9578.42	1
3575	546.636	9579.95	1
3576	555.077	9581.15	1
3577	542.969	9568.2	1
3578	547.189	9575.98	1
3579	547.47	9576.48	1
3580	544.061	9578.05	1
3581	546.823	9581.17	1
3582	553.055	9587.16	1
3583	535.705	9588.78	1
3584	554.027	9574.27	1
3585	546.214	9590.51	1
3586	547.118	9589.42	1
3587	546.143	9583.44	1
3588	556.311	9577.53	1
3589	553.836	9586.63	1
3590	551.179	9584.66	1
3591	548.47	9581.88	1
3592	543.02	9568.22	1
3593	550.635	9587.56	1
3594	546.051	9589.46	1
3595	557.727	9580.51	1
3596	555.339	9580.24	1
3597	546.618	9588.34	1
3598	554.28	9588.35	1
3599	546.144	9587.85	1
3600	542.798	9583.01	1
3601	552.505	9581.14	1
3602	545.016	9588.81	1
3603	549.306	9581.62	1
3604	545.33	9583.6	1
3605	551.988	9583.42	1
3606	554.023	9576.53	1
3607	547.655	9582.27	1
3608	545.752	9579.98	1
3609	547.015	9589.8	1
3610	554.745	9582.07	1
3611	552.439	9575.04	1
3612	543.814	9578.93	1
3613	550.484	9584.74	1
3614	548.986	9587.24	1
3615	555.536	9573.74	1
3616	552.867	9576.18	1
3617	553.804	9582.12	1
3618	552.534	9574.89	1
3619	543.703	9582.41	1
3620	543.469	9582.28	1
3621	555.614	9573.9	1
3622	553.861	9574.43	1
3623	553.066	9574.36	1
3624	552.834	9574.55	1
3625	541.081	9579.13	1
3626	553.661	9574.21	1
3627	556.356	9573.96	1
3628	553.412	9574.4	1
3629	542.152	9581.55	1
3630	541.951	9581.32	1
3631	555.1	9586.65	1
3632	543.042	9580.42	1
3633	552.268	9575.12	1
3634	553.399	9579.27	1
3635	543.638	9582.2	1
3636	544.53	9581.85	1
3637	546.627	9578.09	1
3638	539.025	9565.69	1
3639	550.195	9586.68	1
3640	553.343	9577.05	1
3641	546.04	9590.32	1
3642	552.533	9574.43	1
3643	544.826	9581.91	1
3644	541.945	9580.9	1
3645	549.695	9580.81	1
3646	550.113	9586.5	1
3647	557.807	9588.54	1
3648	546.377	9575.79	1
3649	556.443	9578.17	1
3650	539.055	9565.69	1
3651	552.176	9574.72	1
3652	547.843	9584.36	1
3653	550.83	9587.15	1
3654	561.077	9568.56	1
3655	549.62	9586.45	1
3656	559.207	9589.95	1
3657	549.493	9585.67	1
3658	546.794	9584.57	1
3659	553.836	9576.49	1
3660	559.259	9588.13	1
3661	550.02	9583.45	1
3662	550.461	9581.09	1
3663	546.54	9582.82	1
3664	558.081	9588.4	1
3665	562.275	9571.34	1
3666	553.485	9576.85	1
3667	541.453	9581.18	1
3668	541.991	9584.25	1
3669	548.525	9590.32	1
3670	556.238	9586.59	1
3671	544.292	9587.74	1
3672	543.625	9582.14	1
3673	542.033	9581.8	1
3674	549.299	9588.76	1
3675	550.884	9586.85	1
3676	549.672	9587.92	1
3677	550.024	9588.57	1
3678	559.699	9588.19	1
3679	555.746	9587	1
3680	545.049	9587.28	1
3681	570.938	9566.1	1
3682	542.743	9584.5	1
3683	547.695	9576.32	1
3684	546.849	9581.83	1
3685	550.32	9586.83	1
3686	545.948	9579.03	1
3687	543.701	9579.08	1
3688	552.84	9575.83	1
3689	544.4	9582.37	1
3690	562.664	9573.22	1
3691	547.653	9578.28	1
3692	554.706	9585.22	1
3693	550.513	9585.63	1
3694	557.138	9576.97	1
3695	545.125	9582.22	1
3696	552.386	9578.12	1
3697	545.896	9582.51	1
3698	547.731	9587.82	1
3699	549.377	9588.38	1
3700	552.637	9576.15	1
3701	552.632	9584.27	1
3702	550.529	9586.04	1
3703	549.231	9585.52	1
3704	545.812	9580.05	1
3705	556.193	9576.47	1
3706	546.173	9585.37	1
3707	546.348	9585.53	1
3708	553.823	9560.47	1
3709	554.043	9575.18	1
3710	549.861	9586.73	1
3711	546.119	9590.71	1
3712	545.479	9581.52	1
3713	543.027	9568.21	1
3714	543.035	9568.21	1
3715	544.309	9583.38	1
3716	553.496	9578.79	1
3717	552.45	9578.39	1
3718	539.018	9565.71	1
3719	543.002	9568.21	1
3720	547.164	9582.03	1
3721	558.506	9582.99	1
3722	543.032	9568.19	1
3723	555.452	9582.46	1
3724	548.401	9576.98	1
3725	544.789	9578.09	1
3726	556.841	9577.11	1
3727	535.736	9588.79	1
3728	556.388	9577.04	1
3729	552.456	9575.84	1
3730	552.8	9587.98	1
3731	552.777	9588.25	1
3732	543.573	9583.3	1
3733	544.974	9582.82	1
3734	535.718	9588.77	1
3735	548.832	9578.44	1
3736	557.35	9586.47	1
3737	539.033	9565.69	1
3738	549.486	9576.77	1
3739	547.517	9583.22	1
3740	543.971	9583.78	1
3741	552.925	9581.27	1
3742	535.74	9588.78	1
3743	559.708	9577.04	1
3744	554.095	9588.82	1
3745	555.689	9588.24	1
3746	555.861	9588.2	1
3747	552.652	9585.86	1
3748	553.958	9588.88	1
3749	555.661	9573.42	1
3750	556.072	9587.98	1
3751	544.862	9584.1	1
3752	535.783	9588.79	1
3753	558.229	9588.01	1
3754	555.86	9587.56	1
3755	542.6	9571.15	1
3756	554.028	9574.33	1
3757	542.688	9582.91	1
3758	556.965	9576.87	1
3759	550.224	9585.28	1
3760	544.746	9578.29	1
3761	567.765	9568.48	1
3762	553.944	9588.85	1
3763	552.167	9587.15	1
3764	553.095	9587.21	1
3765	552.303	9587.55	1
3766	538.266	9583.08	1
3767	560.64	9569.94	1
3768	551.256	9587.62	1
3769	552.269	9586.65	1
3770	553.148	9586.7	1
3771	559.288	9587.99	1
3772	551.877	9587.09	1
3773	560.93	9580.05	1
3774	549.084	9581.95	1
3775	552.87	9587.02	1
3776	552.385	9587.08	1
3777	553.468	9584.74	1
3778	545.476	9584.91	1
3779	556.424	9588.07	1
3780	552.624	9586.78	1
3781	550.796	9589.15	1
3782	553.341	9588.03	1
3783	552.266	9582.73	1
3784	553.271	9587.53	1
3785	552.828	9587.77	1
3786	546.571	9576.89	1
3787	557.102	9588.25	1
3788	549.993	9577.22	1
3789	538.491	9584.15	1
3790	547.991	9589.02	1
3791	552.275	9586.59	1
3792	553.439	9576.18	1
3793	546.072	9589.37	1
3794	537.489	9589.17	1
3795	542.312	9570.08	1
3796	550.73	9584.44	1
3797	556.266	9587.2	1
3798	535.241	9570.03	1
3799	556.727	9576.69	1
3800	554.598	9585.51	1
3801	550.719	9584.42	1
3802	535.154	9569.9	1
3803	543.687	9582.78	1
3804	546.472	9585.26	1
3805	558.115	9587.93	1
3806	556.808	9586.72	1
3807	554.809	9580.97	1
3808	554.482	9585.19	1
3809	546.844	9590.52	1
3810	545.905	9584.6	1
3811	555.29	9588.22	1
3812	553.937	9587.81	1
3813	548.277	9575.5	1
3814	546.781	9590.26	1
3815	549.638	9582.75	1
3816	547.576	9589.86	1
3817	545.438	9578.53	1
3818	560.93	9580.04	1
3819	548.757	9576.79	1
3820	559.456	9576.97	1
3821	545.8	9585.93	1
3822	559.34	9590.01	1
3823	558.871	9590.16	1
3824	545.991	9588.3	1
3825	556.114	9576.11	1
3826	549.964	9583.81	1
3827	548.733	9587.94	1
3828	549.132	9589.83	1
3829	549.911	9586.84	1
3830	535.218	9569.81	1
3831	546.779	9586.89	1
3832	552.515	9587.41	1
3833	546.979	9587.5	1
3834	545.016	9587.43	1
3835	555.923	9587.74	1
3836	541.283	9571.11	1
3837	553.493	9585.68	1
3838	544.179	9583.65	1
3839	545.737	9584.47	1
3840	548.421	9589.27	1
3841	548.348	9589.47	1
3842	548.546	9590.2	1
3843	552.139	9588.25	1
3844	547.857	9590.2	1
3845	552.805	9588.23	1
3846	548.843	9582.05	1
3847	557.541	9577.14	1
3848	549.914	9588.41	1
3849	556.574	9584.58	1
3850	548.629	9584.89	1
3851	554.342	9584.81	1
3852	548.426	9582.78	1
3853	554.241	9587.22	1
3854	547.989	9584.27	1
3855	548.135	9579.49	1
3856	538.492	9583.85	1
3857	558.22	9581.02	1
3858	550.75	9585.29	1
3859	550.248	9585.51	1
3860	558.169	9576.7	1
3861	542.606	9581.35	1
3862	550.681	9585.3	1
3863	553.084	9588.78	1
3864	554.979	9586.25	1
3865	549.084	9585.73	1
3866	555.013	9584.69	1
3867	548.015	9585.03	1
3868	555.684	9578.15	1
3869	543.342	9580.99	1
3870	548.59	9581.84	1
3871	528.498	9587.72	1
3872	543.613	9578.78	1
3873	544.551	9580.83	1
3874	544.828	9588.6	1
3875	551.145	9585.06	1
3876	557.813	9579.04	1
3877	544.132	9587.67	1
3878	544.969	9587.76	1
3879	552.675	9586.29	1
3880	550.849	9585.05	1
3881	549.683	9585.45	1
3882	558.458	9583.02	1
3883	546.456	9581.89	1
3884	557.678	9576.48	1
3885	549.375	9582.44	1
3886	544.195	9578.79	1
3887	557.212	9574.27	1
3888	544.205	9579.97	1
3889	559.603	9576.68	1
3890	559.939	9581.23	1
3891	542.622	9581.44	1
3892	544.664	9585.43	1
3893	544.657	9587.07	1
3894	543.092	9581.79	1
3895	559.722	9576.24	1
3896	555.732	9580.04	1
3897	557.568	9588.03	1
3898	555.227	9586.61	1
3899	557.559	9574.92	1
3900	547.471	9584.45	1
3901	548.388	9584.03	1
3902	549.088	9586.61	1
3903	556.542	9579.72	1
3904	552.442	9586.27	1
3905	545.516	9585.92	1
3906	541.812	9581.16	1
3907	554.228	9585.54	1
3908	548.341	9576.91	1
3909	551.223	9585.07	1
3910	543.862	9581.05	1
3911	550.585	9579.72	1
3912	552.719	9575.96	1
3913	544.911	9586.53	1
3914	547.569	9590.15	1
3915	542.858	9581.14	1
3916	559.02	9580.08	1
3917	555.865	9587.31	1
3918	549.643	9582.78	1
3919	550.811	9581.01	1
3920	551.996	9587.57	1
3921	550.851	9585.46	1
3922	550.07	9589.69	1
3923	549.617	9583.47	1
3924	543.989	9583.31	1
3925	552.367	9588.05	1
3926	546.307	9585.49	1
3927	552.181	9585.59	1
3928	547.655	9584.9	1
3929	546.752	9580.49	1
3930	546.603	9585.38	1
3931	551.587	9583.31	1
3932	548.14	9584.19	1
3933	556.127	9583.26	1
3934	543.347	9583.88	1
3935	539.157	9583.82	1
3936	553.965	9588.87	1
3937	545.677	9572.74	1
3938	544.476	9583.44	1
3939	549.432	9585.68	1
3940	549.492	9589.68	1
3941	559.272	9578.31	1
3942	545.682	9574.11	1
3943	544.455	9583.04	1
3944	545.354	9586.45	1
3945	548.618	9584.16	1
3946	542.596	9582.94	1
3947	546.667	9582.14	1
3948	540.832	9570.39	1
3949	546.054	9576.34	1
3950	544.891	9577.2	1
3951	549.956	9589.34	1
3952	542.025	9570.2	1
3953	548.744	9584.98	1
3954	542.067	9570.21	1
3955	543.332	9584.38	1
3956	548.117	9586.45	1
3957	537.805	9584.54	1
3958	550.531	9584.66	1
3959	559.756	9576.61	1
3960	542.109	9570.87	1
3961	548.21	9586.48	1
3962	548.276	9586.11	1
3963	550.086	9589.46	1
3964	556.085	9588.01	1
3965	552.303	9579.46	1
3966	555.868	9587.31	1
3967	548.228	9585.74	1
3968	557.442	9588.29	1
3969	548.524	9588.08	1
3970	545.971	9590.61	1
3971	543.213	9581.25	1
3972	546.019	9587.17	1
3973	553.922	9588.86	1
3974	550.054	9581.04	1
3975	556.614	9587.09	1
3976	552.803	9587.98	1
3977	547.006	9576.26	1
3978	554.065	9582.65	1
3979	553.293	9576.95	1
3980	550.249	9581.19	1
3981	560.644	9569.93	1
3982	548.649	9576.49	1
3983	550.724	9587.96	1
3984	546.111	9587.29	1
3985	549.409	9581.71	1
3986	538.355	9586.94	1
3987	550.49	9585.56	1
3988	553.671	9580.44	1
3989	552.738	9578.37	1
3990	549.395	9574.79	1
3991	546.354	9590.36	1
3992	552.648	9575.06	1
3993	550.294	9579.57	1
3994	555.821	9574.98	1
3995	556.57	9577.83	1
3996	556.333	9577.08	1
3997	554.977	9575.49	1
3998	556.24	9577.24	1
3999	558.069	9576.14	1
end {BasicAreas}
