begin {Parameters}
Number of BasicAreas
3000
Number of districts
8
District Capacity
400
Basic Area Type
Point
Metric
l2
end {Parameters}

#Parameter	ExtId	XPos	YPos	Activity
begin {BasicAreas}
0	545.781	9579.03	1
1	553.98	9584.97	1
2	539.18	9566.07	1
3	557.697	9580.69	1
4	542.65	9568.39	1
5	552.123	9587.29	1
6	542.751	9582.46	1
7	553.938	9583.69	1
8	562.58	9573.26	1
9	555.826	9573.61	1
10	558.161	9587.92	1
11	554.182	9583.52	1
12	549.809	9584.28	1
13	552.795	9588.15	1
14	548.249	9587.08	1
15	553.106	9588.06	1
16	553.647	9584.81	1
17	545.756	9584.71	1
18	550.784	9589.15	1
19	542.65	9568.39	1
20	556.558	9586.33	1
21	542.65	9568.39	1
22	553.09	9574.7	1
23	558.868	9587.25	1
24	570.86	9566.12	1
25	553.98	9583.29	1
26	554.005	9584.56	1
27	542.65	9568.39	1
28	545.944	9580.49	1
29	542.65	9568.39	1
30	550.137	9587.96	1
31	556.87	9587.54	1
32	547.982	9577.98	1
33	548.359	9586.58	1
34	548.082	9581.62	1
35	548.382	9577.3	1
36	546.274	9588.05	1
37	542.65	9568.39	1
38	551.197	9587.54	1
39	550.298	9587.46	1
40	546.414	9581.23	1
41	546.07	9590.55	1
42	539.18	9566.07	1
43	546.564	9586.97	1
44	551.158	9587.51	1
45	554.306	9585.19	1
46	546.332	9587.74	1
47	570.86	9566.12	1
48	562.58	9573.26	1
49	553.601	9582.88	1
50	570.86	9566.12	1
51	549.56	9588.25	1
52	562.58	9573.26	1
53	570.86	9566.12	1
54	558.078	9558.38	1
55	570.86	9566.12	1
56	551.363	9583.63	1
57	544.085	9579.93	1
58	545.934	9588.45	1
59	550.036	9588.49	1
60	548.341	9581.98	1
61	545.134	9589.02	1
62	555.972	9588.01	1
63	554.783	9573.72	1
64	539.18	9566.07	1
65	562.58	9573.26	1
66	550.755	9587.41	1
67	549.375	9589.91	1
68	570.86	9566.12	1
69	557.069	9586.58	1
70	547.724	9576.24	1
71	552.805	9588.08	1
72	539.18	9566.07	1
73	551.162	9587.53	1
74	535.718	9588.78	1
75	539.18	9566.07	1
76	547.728	9590.27	1
77	539.18	9566.07	1
78	555.866	9586.95	1
79	551.969	9586.2	1
80	541.859	9581.39	1
81	550.872	9581.01	1
82	552.847	9585.56	1
83	539.18	9566.07	1
84	555.398	9575.96	1
85	552.31	9585	1
86	548.735	9590.05	1
87	548.005	9584.45	1
88	551.211	9587.62	1
89	549.354	9585.4	1
90	547.743	9584.76	1
91	549.204	9587.4	1
92	558.078	9558.38	1
93	552.512	9587.57	1
94	558.078	9558.38	1
95	557.476	9587.83	1
96	548.89	9590.11	1
97	557.686	9580.69	1
98	556.1	9588.01	1
99	545.239	9588.7	1
100	546.354	9580.68	1
101	553.679	9581.9	1
102	545.054	9577.46	1
103	551.229	9588.01	1
104	538.085	9587.29	1
105	545.767	9586.06	1
106	548.945	9589.96	1
107	548.671	9588.7	1
108	558.593	9577.7	1
109	539.18	9566.07	1
110	570.86	9566.12	1
111	557.131	9587.7	1
112	544.374	9587.53	1
113	535.714	9588.78	1
114	535.709	9588.79	1
115	548.986	9587.22	1
116	551.548	9587.07	1
117	535.709	9588.79	1
118	562.58	9573.26	1
119	535.714	9588.78	1
120	554.362	9587.81	1
121	554.331	9586.76	1
122	542.65	9568.39	1
123	553.71	9586.63	1
124	547.64	9583.09	1
125	551.876	9588.19	1
126	550.879	9585.95	1
127	535.709	9588.79	1
128	548.869	9575.55	1
129	554.999	9587.46	1
130	545.743	9588.03	1
131	552.767	9588.21	1
132	547.919	9589.06	1
133	547.607	9588.58	1
134	545.246	9586.45	1
135	556.755	9584.55	1
136	557.38	9575.75	1
137	570.86	9566.12	1
138	535.718	9588.77	1
139	550.646	9585.2	1
140	562.58	9573.26	1
141	570.86	9566.12	1
142	556.868	9584.5	1
143	555.367	9586.15	1
144	547.682	9587.88	1
145	547.694	9587.92	1
146	548.514	9588.07	1
147	547.618	9576.42	1
148	551.135	9586.45	1
149	555.337	9585.91	1
150	555.072	9588.33	1
151	546.546	9583.84	1
152	552.366	9587.69	1
153	543.99	9547.08	1
154	548.286	9586.64	1
155	535.692	9588.78	1
156	539.18	9566.07	1
157	554.413	9585.28	1
158	545.044	9580.25	1
159	554.181	9584.92	1
160	539.018	9565.69	1
161	545.302	9584.44	1
162	539.18	9566.07	1
163	570.86	9566.12	1
164	538.303	9583.72	1
165	544.608	9584.73	1
166	544.469	9583.45	1
167	562.58	9573.26	1
168	555.565	9573.43	1
169	548.57	9589.27	1
170	556.2	9586.34	1
171	535.7	9588.8	1
172	549.793	9581.38	1
173	555.403	9586.86	1
174	546.463	9583.95	1
175	550.555	9586.02	1
176	546.302	9583.63	1
177	548.109	9581.66	1
178	551.802	9584.62	1
179	550.915	9588.56	1
180	545.455	9578.66	1
181	554.683	9584.85	1
182	554.281	9584.78	1
183	549.358	9589.87	1
184	544.057	9584.39	1
185	549.449	9589.84	1
186	548.857	9590.01	1
187	548.643	9590.07	1
188	548.496	9589.9	1
189	545.844	9586.23	1
190	549.069	9589.98	1
191	546.502	9588.31	1
192	542.65	9568.39	1
193	543.357	9584.02	1
194	549.008	9590.14	1
195	549	9590.27	1
196	543.555	9581.13	1
197	535.696	9588.78	1
198	554.343	9585.83	1
199	545.185	9587.28	1
200	554.939	9587.65	1
201	558.078	9558.38	1
202	542.65	9568.39	1
203	543.545	9580.35	1
204	555.44	9586.17	1
205	539.18	9566.07	1
206	550.376	9586.19	1
207	543.015	9584.28	1
208	542.665	9585.73	1
209	535.718	9588.79	1
210	542.65	9568.39	1
211	559.325	9588.39	1
212	550.009	9587.56	1
213	545.737	9582.43	1
214	549.366	9583.48	1
215	542.918	9584.12	1
216	552.163	9588.04	1
217	550.866	9583.66	1
218	554.968	9586.07	1
219	543.483	9586.02	1
220	551.063	9586.19	1
221	548.038	9584.93	1
222	555.462	9573.44	1
223	539.18	9566.07	1
224	555.619	9573.71	1
225	551.202	9587.55	1
226	535.718	9588.78	1
227	550.03	9586.84	1
228	542.65	9568.39	1
229	549.884	9587.37	1
230	562.58	9573.26	1
231	542.65	9568.39	1
232	546.666	9581.29	1
233	535.709	9588.78	1
234	545.992	9580.53	1
235	557.567	9588.13	1
236	535.718	9588.79	1
237	545.56	9588.15	1
238	570.86	9566.12	1
239	553.934	9588.87	1
240	543.22	9582.85	1
241	552.811	9586.37	1
242	539.18	9566.07	1
243	555.361	9575.28	1
244	539.18	9566.07	1
245	544.951	9587.65	1
246	554.278	9584.4	1
247	570.86	9566.12	1
248	552.779	9587.91	1
249	557.14	9587.94	1
250	553.508	9579.3	1
251	547.052	9582.98	1
252	545.282	9588.53	1
253	555.361	9575.34	1
254	545.58	9552.76	1
255	545.58	9552.76	1
256	545.58	9552.76	1
257	542.65	9568.39	1
258	542.65	9568.39	1
259	550.823	9588.96	1
260	546.753	9580.48	1
261	557.793	9580.05	1
262	542.65	9568.39	1
263	542.65	9568.39	1
264	562.58	9573.26	1
265	558.788	9585.44	1
266	557.669	9581.05	1
267	555.732	9582.01	1
268	539.18	9566.07	1
269	542.65	9568.39	1
270	535.714	9588.76	1
271	553.431	9587.73	1
272	547.259	9582.55	1
273	535.709	9588.79	1
274	542.65	9568.39	1
275	558.078	9558.38	1
276	542.65	9568.39	1
277	549.515	9589.92	1
278	558.699	9582.93	1
279	552.734	9588.22	1
280	550.218	9584.75	1
281	542.65	9568.39	1
282	558.249	9580.54	1
283	542.65	9568.39	1
284	554.393	9584.61	1
285	554.748	9587.34	1
286	546.406	9581.21	1
287	539.18	9566.07	1
288	554.55	9577.61	1
289	552.693	9587.02	1
290	542.65	9568.39	1
291	542.65	9568.39	1
292	552.21	9585.44	1
293	535.797	9588.77	1
294	562.58	9573.26	1
295	550.214	9589.54	1
296	555.333	9588.24	1
297	549.602	9589.93	1
298	548.439	9577.02	1
299	535.776	9588.77	1
300	548.803	9590.13	1
301	537.937	9592.51	1
302	551.271	9586.97	1
303	549.351	9590.02	1
304	549.393	9589.86	1
305	548.778	9583.7	1
306	549.938	9583.88	1
307	539.18	9566.07	1
308	552.829	9587.89	1
309	548.868	9590.19	1
310	552.829	9587.88	1
311	549.824	9589.8	1
312	535.31	9588.78	1
313	535.709	9588.78	1
314	542.32	9583.96	1
315	543.807	9583.05	1
316	549.699	9589.85	1
317	550.48	9583.26	1
318	546.047	9586.71	1
319	549.049	9590.18	1
320	549.466	9589.93	1
321	545.184	9582.65	1
322	544.14	9583.25	1
323	547.271	9582.87	1
324	549.087	9590.17	1
325	548.986	9590.13	1
326	538.473	9592.17	1
327	551.547	9583.24	1
328	545.58	9552.76	1
329	549.3	9576.04	1
330	549.417	9590.1	1
331	549.396	9589.95	1
332	548.971	9590.27	1
333	548.925	9590.28	1
334	552.601	9588.7	1
335	548.831	9590.33	1
336	553.996	9588.37	1
337	548.594	9590.43	1
338	548.541	9590.41	1
339	549.939	9589.83	1
340	549.245	9589.92	1
341	547.399	9590.1	1
342	545.076	9578.49	1
343	548.776	9589.89	1
344	548.393	9589.97	1
345	548.715	9589.88	1
346	548.913	9590.09	1
347	551.33	9580.81	1
348	546.621	9582.09	1
349	545.797	9579.28	1
350	547.005	9590.79	1
351	547.18	9590.85	1
352	547.617	9590.73	1
353	547.114	9590.86	1
354	548.129	9590.33	1
355	548.109	9590.32	1
356	547.449	9589.9	1
357	547.51	9590.09	1
358	547.353	9590.62	1
359	552.781	9584.65	1
360	549.414	9583.56	1
361	547.641	9581.54	1
362	542.843	9583.32	1
363	545.131	9578.37	1
364	552.924	9586.43	1
365	558.08	9586.81	1
366	547.09	9587.04	1
367	552.729	9588.2	1
368	547.907	9590.34	1
369	553.94	9585.66	1
370	547.874	9589.94	1
371	548.847	9590.11	1
372	547.92	9590.35	1
373	549.849	9580.1	1
374	553.917	9586.38	1
375	548.103	9590.31	1
376	546.881	9580.07	1
377	546.2	9585.19	1
378	542.1	9583.7	1
379	542.65	9568.39	1
380	547.773	9590.02	1
381	547.701	9590.23	1
382	549.017	9590	1
383	547.479	9581.48	1
384	538.482	9582.99	1
385	546.876	9590.6	1
386	542.65	9568.39	1
387	542.65	9568.39	1
388	547.517	9575.7	1
389	555.161	9587.05	1
390	542.65	9568.39	1
391	548.27	9587.05	1
392	547.728	9582.7	1
393	550.83	9588.92	1
394	542.65	9568.39	1
395	542.65	9568.39	1
396	545.256	9578.76	1
397	542.65	9568.39	1
398	535.705	9588.78	1
399	544.098	9580.06	1
400	542.65	9568.39	1
401	535.709	9588.79	1
402	556.9	9579.47	1
403	542.65	9568.39	1
404	550.934	9584.84	1
405	542.65	9568.39	1
406	542.65	9568.39	1
407	542.65	9568.39	1
408	542.65	9568.39	1
409	558.078	9558.38	1
410	546.441	9580.45	1
411	549.679	9583.46	1
412	553.035	9576.25	1
413	535.709	9588.79	1
414	562.58	9573.26	1
415	562.58	9573.26	1
416	562.58	9573.26	1
417	551.906	9580.3	1
418	562.58	9573.26	1
419	562.58	9573.26	1
420	545.465	9577.85	1
421	562.58	9573.26	1
422	562.58	9573.26	1
423	549.318	9589.56	1
424	562.58	9573.26	1
425	535.722	9588.79	1
426	551.274	9587.7	1
427	545.372	9588.46	1
428	555.211	9586.97	1
429	554.362	9577.5	1
430	544.059	9581.14	1
431	557.531	9586.4	1
432	557.067	9576.11	1
433	542.65	9568.39	1
434	554.928	9578.11	1
435	552.795	9588.16	1
436	558.078	9558.38	1
437	562.58	9573.26	1
438	562.58	9573.26	1
439	558.078	9558.38	1
440	548.492	9590.29	1
441	544.145	9589.46	1
442	542.65	9568.39	1
443	546.379	9584.11	1
444	538.712	9583.34	1
445	539.18	9566.07	1
446	539.18	9566.07	1
447	535.705	9588.77	1
448	542.65	9568.39	1
449	535.705	9588.78	1
450	545.749	9581.04	1
451	539.18	9566.07	1
452	542.65	9568.39	1
453	552.391	9588.08	1
454	549.428	9584.76	1
455	548.212	9586.19	1
456	545.324	9581.98	1
457	550.906	9578.35	1
458	555.144	9579.42	1
459	549.466	9589.98	1
460	548.375	9585.25	1
461	542.65	9568.39	1
462	549.638	9580.88	1
463	546.13	9579.21	1
464	570.86	9566.12	1
465	539.18	9566.07	1
466	547.394	9590.51	1
467	542.65	9568.39	1
468	542.65	9568.39	1
469	546.29	9580.76	1
470	546.694	9580.25	1
471	543.331	9581.23	1
472	547.519	9582.59	1
473	554.012	9588.39	1
474	542.65	9568.39	1
475	550.395	9583.34	1
476	549.902	9583.62	1
477	556.751	9576.16	1
478	544.839	9588.28	1
479	552.507	9575.3	1
480	542.65	9568.39	1
481	543.687	9582.15	1
482	548.248	9587.65	1
483	542.949	9581.38	1
484	544.338	9580.33	1
485	544.059	9588.17	1
486	542.65	9568.39	1
487	553.001	9586.03	1
488	548.379	9588.58	1
489	545.393	9578.46	1
490	546.302	9591.09	1
491	545.294	9577.51	1
492	548.661	9577.16	1
493	535.709	9588.78	1
494	548.149	9585.1	1
495	551.461	9586.24	1
496	554.57	9574.74	1
497	545.581	9577.94	1
498	544.213	9580.93	1
499	552.277	9586.31	1
500	545.58	9552.76	1
501	544.269	9578.92	1
502	545.58	9552.76	1
503	546.34	9578.71	1
504	558.322	9589.6	1
505	554.181	9584.8	1
506	542.276	9575	1
507	545.555	9577.96	1
508	548.701	9577.61	1
509	548.333	9586.47	1
510	542.65	9568.39	1
511	542.65	9568.39	1
512	535.714	9588.78	1
513	550.722	9587.69	1
514	548.782	9589.42	1
515	542.65	9568.39	1
516	558.078	9558.38	1
517	541.754	9584.67	1
518	546.83	9590.53	1
519	549.13	9586.92	1
520	543.99	9547.08	1
521	535.709	9588.79	1
522	545.659	9577.73	1
523	544.746	9581.39	1
524	543.025	9584.08	1
525	546.019	9589.13	1
526	554.391	9581.65	1
527	543.057	9584.21	1
528	546.103	9588.53	1
529	545.805	9577.98	1
530	545.873	9588.37	1
531	554.421	9581.54	1
532	555.276	9582.01	1
533	546.316	9588.14	1
534	554.851	9581.61	1
535	546.099	9587.89	1
536	554.952	9581.76	1
537	554.939	9581.46	1
538	546.436	9588.17	1
539	543.272	9584.06	1
540	546.088	9587.57	1
541	543.136	9583.93	1
542	543.163	9583.92	1
543	546.076	9587.67	1
544	546.061	9587.99	1
545	546.24	9587.69	1
546	555.569	9586.45	1
547	550.27	9586.83	1
548	542.998	9583.72	1
549	546.213	9587.83	1
550	546.247	9587.78	1
551	543.091	9583.7	1
552	546.37	9588.19	1
553	546.763	9584.68	1
554	546.225	9588.47	1
555	546.332	9588.57	1
556	546.251	9587.63	1
557	546.248	9589.22	1
558	546.247	9587.67	1
559	546.206	9588.97	1
560	542.159	9582.52	1
561	546.394	9589.02	1
562	546.381	9588.4	1
563	545.775	9588.36	1
564	546.767	9587.85	1
565	546.491	9587.84	1
566	545.922	9588.03	1
567	546.584	9588.05	1
568	545.938	9588.75	1
569	552.339	9582.7	1
570	551.093	9582.98	1
571	551.353	9584.13	1
572	546.003	9588.56	1
573	551.242	9584.15	1
574	551.695	9582.96	1
575	545.873	9589.38	1
576	545.86	9584.51	1
577	546.179	9589.27	1
578	546.489	9589.01	1
579	555.795	9582.37	1
580	542.836	9583.89	1
581	542.87	9583.88	1
582	544.769	9588.83	1
583	546.156	9589.02	1
584	546.202	9589.04	1
585	556.32	9583.18	1
586	557.206	9584.11	1
587	557.107	9584.11	1
588	556.029	9572.27	1
589	548.596	9578.34	1
590	556.243	9584.1	1
591	549.895	9581.04	1
592	555.444	9585.67	1
593	548.301	9588.48	1
594	548.763	9588.34	1
595	550.388	9586.51	1
596	549.901	9580.81	1
597	550.131	9581.02	1
598	550.987	9580.18	1
599	556.52	9586.75	1
600	548.504	9588.75	1
601	551.171	9580.55	1
602	546.209	9587.71	1
603	555.971	9578.75	1
604	546.853	9591.03	1
605	543.023	9583.73	1
606	548.926	9577.93	1
607	554.531	9584.34	1
608	556.751	9581.26	1
609	551.073	9580.39	1
610	549.715	9580.42	1
611	556.169	9578.18	1
612	542.65	9568.39	1
613	542.759	9583.21	1
614	542.742	9583.16	1
615	542.887	9583.64	1
616	542.809	9583.69	1
617	554.217	9574.88	1
618	542.541	9582.82	1
619	542.444	9582.97	1
620	542.426	9582.97	1
621	535.731	9588.78	1
622	542.7	9583.49	1
623	553.365	9585.68	1
624	542.459	9582.5	1
625	544.157	9583.28	1
626	544.127	9583.27	1
627	554.687	9585.74	1
628	544.527	9583.07	1
629	544.563	9583.26	1
630	544.269	9582.97	1
631	544.407	9582.89	1
632	544.472	9582.89	1
633	544.589	9582.99	1
634	543.38	9583.35	1
635	543.573	9583.97	1
636	543.613	9583.93	1
637	543.861	9584.15	1
638	543.535	9583.68	1
639	543.641	9584.03	1
640	543.28	9583.62	1
641	554.775	9570.82	1
642	552.687	9587.81	1
643	544.636	9579.18	1
644	556.074	9580.36	1
645	543.278	9583.8	1
646	544.593	9581.17	1
647	542.948	9583.23	1
648	546.577	9576.98	1
649	544.193	9583.31	1
650	542.85	9583.06	1
651	542.65	9568.39	1
652	543.236	9582.67	1
653	554.375	9587.78	1
654	556.031	9587.86	1
655	542.837	9582.47	1
656	549.03	9589.98	1
657	539.18	9566.07	1
658	543.571	9583.16	1
659	546.568	9590.79	1
660	543.435	9582.63	1
661	549.039	9589.78	1
662	548.385	9589.5	1
663	546.463	9587.9	1
664	545.006	9588.12	1
665	545.412	9590.26	1
666	543.823	9583.72	1
667	546.43	9590.98	1
668	549.556	9584.28	1
669	556.112	9586.44	1
670	555.069	9585.06	1
671	553.276	9584.74	1
672	553.236	9586.29	1
673	554.581	9581.71	1
674	549.228	9581.84	1
675	553.94	9582.54	1
676	556.935	9587.05	1
677	542.305	9582.55	1
678	553.832	9584.41	1
679	548.102	9581.7	1
680	544.525	9582.87	1
681	553.938	9586.37	1
682	548.282	9582.78	1
683	554.82	9581.71	1
684	557.778	9587	1
685	553.076	9586.45	1
686	541.597	9582.47	1
687	548.298	9582.74	1
688	542.529	9583.26	1
689	542.951	9583.44	1
690	556.121	9575.65	1
691	553.722	9582.58	1
692	554.185	9584.6	1
693	554.061	9584.19	1
694	554.048	9581.99	1
695	553.499	9585.59	1
696	553.938	9585.03	1
697	549.263	9581.83	1
698	543.204	9583.32	1
699	554.188	9584.3	1
700	553.639	9582.33	1
701	542.65	9568.39	1
702	542.65	9568.39	1
703	553.293	9584.65	1
704	557.142	9586.62	1
705	553.844	9583.04	1
706	547.071	9581.63	1
707	549.507	9581.6	1
708	542.841	9583.05	1
709	553.56	9585.12	1
710	554.511	9583.55	1
711	553.691	9585.17	1
712	543.244	9583.72	1
713	553.537	9585.32	1
714	553.365	9584.81	1
715	553.918	9583.06	1
716	554.903	9585.7	1
717	547.764	9581.7	1
718	542.734	9582.81	1
719	555.536	9585.71	1
720	535.696	9588.78	1
721	554.067	9582.07	1
722	553.845	9586.46	1
723	553.632	9582.21	1
724	554.961	9585.06	1
725	548.192	9582	1
726	554.169	9583.12	1
727	554.34	9585.92	1
728	555.848	9585.79	1
729	544.202	9583.57	1
730	553.71	9582.13	1
731	542.283	9582.51	1
732	542.417	9583.01	1
733	570.86	9566.12	1
734	555.739	9585.8	1
735	542.951	9583.79	1
736	553.797	9586.49	1
737	543.235	9584.43	1
738	553.942	9586.23	1
739	555.249	9585.76	1
740	549.186	9576.95	1
741	554.829	9588.21	1
742	557.747	9587.26	1
743	554.495	9584.59	1
744	548.325	9582.79	1
745	543.295	9583.07	1
746	554.578	9584.71	1
747	557.63	9586.9	1
748	548.109	9581.73	1
749	543.82	9583.71	1
750	548.212	9585.16	1
751	558.145	9586.45	1
752	547.983	9579.52	1
753	555.118	9585.28	1
754	548.347	9579.68	1
755	554.079	9582.02	1
756	547.361	9582.16	1
757	543.625	9584.31	1
758	545.894	9584.84	1
759	557.035	9586.38	1
760	554.346	9585.83	1
761	557.36	9586.98	1
762	554.586	9586	1
763	553.55	9584.74	1
764	548.416	9582.8	1
765	545.988	9584.67	1
766	543.485	9583.05	1
767	554.489	9586.12	1
768	554.903	9585.7	1
769	554.12	9584.67	1
770	548.168	9581.9	1
771	547.761	9580.06	1
772	548.134	9579.34	1
773	547.879	9579.7	1
774	554.093	9581.89	1
775	554.822	9584.34	1
776	544.285	9583.34	1
777	554.113	9586.44	1
778	554.422	9583.42	1
779	554.008	9586.36	1
780	554.042	9584.9	1
781	544.647	9583.21	1
782	544.195	9583.13	1
783	553.495	9585.62	1
784	553.804	9584.22	1
785	542.967	9584.07	1
786	555.288	9583.13	1
787	547.857	9584.12	1
788	548.149	9585.18	1
789	555.849	9583.32	1
790	545.302	9585.77	1
791	545.401	9585.94	1
792	549.645	9584.94	1
793	545.047	9586.12	1
794	544.771	9585.92	1
795	544.996	9586.8	1
796	556.342	9583.16	1
797	547.149	9581.27	1
798	547.362	9582.96	1
799	548.326	9584.79	1
800	545.303	9586.94	1
801	548.553	9583.92	1
802	544.898	9585.88	1
803	544.826	9586.52	1
804	544.831	9586.23	1
805	547.288	9580.21	1
806	545.05	9586.07	1
807	546.89	9583.01	1
808	548.505	9584.13	1
809	548.001	9584.29	1
810	545.125	9585.82	1
811	546.468	9584.92	1
812	555.953	9588.04	1
813	545.776	9583.27	1
814	546.847	9584.27	1
815	548.322	9584.63	1
816	545.617	9585.97	1
817	546.732	9583.5	1
818	545.33	9585.84	1
819	546.316	9584.06	1
820	547.75	9584.93	1
821	544.628	9586.57	1
822	545.285	9586.45	1
823	545.645	9586.28	1
824	545.929	9579.99	1
825	546.4	9584.98	1
826	547.776	9584.98	1
827	545.856	9585.84	1
828	554.306	9584.52	1
829	548.001	9585.32	1
830	545.646	9586.26	1
831	545.667	9585.76	1
832	545.103	9586.95	1
833	548.079	9584.41	1
834	545.11	9586.98	1
835	553.048	9585.95	1
836	545.631	9585.98	1
837	548.356	9584.99	1
838	545.226	9586.84	1
839	545.525	9586.36	1
840	545.654	9585.69	1
841	548.097	9584.29	1
842	545.313	9586.33	1
843	545.6	9586.19	1
844	545.893	9587.04	1
845	552.997	9588.76	1
846	544.984	9586.29	1
847	547.238	9582.96	1
848	548.419	9585.01	1
849	545.406	9586.85	1
850	546.814	9582.29	1
851	546.395	9580.07	1
852	555.401	9576.1	1
853	556.127	9575.74	1
854	556.543	9576.28	1
855	546.373	9583.95	1
856	556.729	9576.52	1
857	556.712	9576.55	1
858	556.584	9576.79	1
859	557.416	9576.85	1
860	553.757	9587.83	1
861	545.872	9579.9	1
862	556.064	9578.27	1
863	557.258	9577.13	1
864	547.055	9580.78	1
865	556.262	9577.99	1
866	556.155	9576.52	1
867	548.103	9583.86	1
868	556.024	9578.04	1
869	556.466	9576.43	1
870	546.674	9580.23	1
871	546.178	9580.16	1
872	549.033	9584.96	1
873	546.419	9580.06	1
874	548.664	9583.73	1
875	546.802	9580.43	1
876	556.157	9577.09	1
877	546.792	9578.95	1
878	555.622	9575.98	1
879	556.943	9576.87	1
880	546.143	9585.24	1
881	546.195	9580.17	1
882	556.226	9578.38	1
883	555.917	9578.31	1
884	545.919	9584.29	1
885	546.795	9580.06	1
886	547.125	9580.81	1
887	546.805	9579.93	1
888	545.96	9579.99	1
889	548.664	9583.83	1
890	556.142	9577.4	1
891	547.505	9584.3	1
892	546.545	9580.14	1
893	556.247	9577.37	1
894	547.597	9580.26	1
895	545.58	9552.76	1
896	549.783	9580.14	1
897	556.287	9578.18	1
898	556.995	9576.72	1
899	556.44	9577.17	1
900	546.574	9580.44	1
901	556.402	9578.18	1
902	556.954	9576.72	1
903	546.875	9584.11	1
904	545.022	9589.52	1
905	545.296	9588.04	1
906	554.653	9576.63	1
907	554.768	9576.61	1
908	555.974	9575.9	1
909	544.449	9588.87	1
910	557.089	9576.77	1
911	544.465	9588.9	1
912	556.917	9576.32	1
913	544.036	9588.84	1
914	557.329	9576.96	1
915	557.309	9576.45	1
916	557.514	9577.03	1
917	543.214	9580.61	1
918	556.588	9576.82	1
919	556.884	9576.51	1
920	544.06	9588.8	1
921	544.742	9588.39	1
922	544.947	9589.6	1
923	544.555	9588.34	1
924	556.921	9575.95	1
925	556.499	9576.98	1
926	544.751	9589.81	1
927	557.752	9578.94	1
928	556.536	9577.02	1
929	544.269	9588.38	1
930	557.771	9577.19	1
931	556.101	9575.7	1
932	544.713	9589.03	1
933	545.429	9589.9	1
934	557.117	9577.16	1
935	556.088	9577.56	1
936	556.944	9576.12	1
937	544.797	9589.58	1
938	555.877	9578.71	1
939	556.112	9578.39	1
940	557.128	9576.99	1
941	556.609	9577.59	1
942	557.454	9578.02	1
943	556.584	9577.49	1
944	556.233	9578.48	1
945	555.109	9577.03	1
946	558.658	9580.64	1
947	545.253	9589.38	1
948	556.262	9578.57	1
949	556.622	9577.77	1
950	557.265	9578.39	1
951	545.078	9588.99	1
952	556.702	9576.77	1
953	556.998	9576.93	1
954	544.658	9588.52	1
955	544.387	9589.36	1
956	545.19	9589.62	1
957	557.253	9578.24	1
958	557.638	9579.51	1
959	557.136	9576.73	1
960	544.326	9589.35	1
961	545.397	9589.4	1
962	555.607	9576.22	1
963	544.991	9589.58	1
964	560.415	9578.89	1
965	561.146	9580.23	1
966	552.636	9584.59	1
967	551.852	9584.57	1
968	557.992	9577.44	1
969	555.708	9580.23	1
970	555.812	9580.23	1
971	557.682	9577.51	1
972	551.832	9583.32	1
973	555.248	9580.03	1
974	559.053	9578.18	1
975	555.507	9581.17	1
976	559.92	9579.22	1
977	559.944	9579.03	1
978	555.135	9580.97	1
979	557.687	9580.4	1
980	557.678	9577.5	1
981	551.78	9583.28	1
982	555.025	9581.03	1
983	556.535	9584.6	1
984	557.682	9577.51	1
985	559.703	9579.21	1
986	551.728	9583.35	1
987	556.604	9580.29	1
988	558.034	9578.01	1
989	546.24	9587.74	1
990	552.733	9584.64	1
991	556.731	9576.77	1
992	556.449	9584.62	1
993	552.513	9584.53	1
994	557.235	9580.5	1
995	551.707	9583.49	1
996	558.451	9577.92	1
997	550.961	9583.56	1
998	555.844	9580.31	1
999	558.114	9579.5	1
1000	558.187	9577.59	1
1001	555.896	9580.32	1
1002	560.873	9579.32	1
1003	551.109	9583.93	1
1004	555.743	9579.86	1
1005	557.059	9584.44	1
1006	554.631	9581.14	1
1007	551.806	9583.22	1
1008	551.854	9583.9	1
1009	556.631	9579.64	1
1010	555.948	9581.37	1
1011	558.416	9582.89	1
1012	558.81	9578.07	1
1013	552.16	9583.63	1
1014	554.779	9581.18	1
1015	558.86	9578.1	1
1016	555.26	9580.76	1
1017	557.235	9580.71	1
1018	558.71	9582.9	1
1019	561.606	9580.7	1
1020	551.919	9583.53	1
1021	556.961	9579.43	1
1022	559.338	9578.97	1
1023	560.783	9579.84	1
1024	552.104	9583.37	1
1025	551.887	9583.33	1
1026	542.65	9568.39	1
1027	556.741	9580.28	1
1028	552.535	9584.54	1
1029	552.49	9584.52	1
1030	552.201	9583.78	1
1031	545.183	9588.16	1
1032	550.346	9581.33	1
1033	549.652	9581.85	1
1034	555.349	9582.05	1
1035	545.109	9588.85	1
1036	550.685	9581.67	1
1037	552.413	9585.09	1
1038	550.113	9581.98	1
1039	558.374	9582.56	1
1040	545.048	9588.83	1
1041	555.345	9582.02	1
1042	550.512	9581.91	1
1043	554.94	9581.74	1
1044	545.575	9588.24	1
1045	554.844	9582.09	1
1046	555.315	9581.92	1
1047	545.48	9588.82	1
1048	545.625	9588.6	1
1049	550.997	9584.14	1
1050	545.333	9589.72	1
1051	550.597	9581.68	1
1052	545.004	9588.75	1
1053	545.863	9588.15	1
1054	558.438	9582.76	1
1055	545.3	9588.22	1
1056	544.983	9588.68	1
1057	555.045	9581.73	1
1058	545.21	9588.55	1
1059	550.563	9581.71	1
1060	554.52	9581.46	1
1061	558.545	9582.94	1
1062	551.385	9581.26	1
1063	545.221	9589.18	1
1064	554.358	9581.5	1
1065	545.257	9589.15	1
1066	545.113	9589.19	1
1067	550.645	9581.06	1
1068	554.828	9581.6	1
1069	545.549	9588.4	1
1070	555.472	9581.87	1
1071	554.608	9581.7	1
1072	550.916	9580.97	1
1073	554.849	9582.07	1
1074	554.873	9582.06	1
1075	551.082	9581.18	1
1076	552.321	9579.49	1
1077	558.537	9582.93	1
1078	551.069	9581.19	1
1079	549.604	9579.63	1
1080	555.788	9581.56	1
1081	559.19	9582.74	1
1082	559.522	9582.78	1
1083	550.304	9582.14	1
1084	559.659	9582.77	1
1085	549.96	9582.01	1
1086	555.515	9582.02	1
1087	553.734	9586.66	1
1088	556.4	9586.79	1
1089	555.677	9586.4	1
1090	555.605	9582.1	1
1091	554.182	9583.44	1
1092	554.45	9581.62	1
1093	554.572	9586.4	1
1094	556.531	9586.51	1
1095	554.316	9587.19	1
1096	556.403	9586.6	1
1097	552.882	9586.17	1
1098	555.834	9581.22	1
1099	554.998	9584.66	1
1100	554.552	9582.04	1
1101	556.458	9586.26	1
1102	553.824	9584.06	1
1103	554.599	9582.04	1
1104	555.934	9586.64	1
1105	536.814	9586.89	1
1106	554.162	9587.85	1
1107	542.688	9583.07	1
1108	545.137	9584.75	1
1109	555.552	9587.07	1
1110	554.907	9582.42	1
1111	555.302	9587.11	1
1112	554.133	9583.72	1
1113	556.173	9587.21	1
1114	555.662	9587.4	1
1115	545.356	9585.31	1
1116	554.783	9587.6	1
1117	555.325	9587.11	1
1118	554.873	9581.9	1
1119	552.333	9586.87	1
1120	554.81	9586.86	1
1121	545.655	9584.49	1
1122	554.569	9581.83	1
1123	554.237	9587.2	1
1124	545.699	9584.52	1
1125	554.285	9583.74	1
1126	555.188	9587.32	1
1127	555.808	9586.74	1
1128	553.731	9583.68	1
1129	555.823	9586.74	1
1130	555.109	9587.42	1
1131	554.027	9587.36	1
1132	545.331	9585.01	1
1133	545.674	9584.73	1
1134	554.936	9587.02	1
1135	546.141	9584.19	1
1136	553.654	9583.38	1
1137	555.882	9586.02	1
1138	553.661	9583.84	1
1139	554.757	9581.67	1
1140	556.51	9587.1	1
1141	545.262	9584.88	1
1142	556.528	9586.19	1
1143	553.652	9586.9	1
1144	556.517	9587.1	1
1145	554.263	9583.56	1
1146	546.021	9581.05	1
1147	556.567	9586.87	1
1148	552.51	9586.82	1
1149	551.56	9587.24	1
1150	558.423	9585.18	1
1151	551.668	9587.22	1
1152	558.589	9585.51	1
1153	558.553	9585.43	1
1154	558.623	9585.35	1
1155	552.161	9577.89	1
1156	558.486	9585.39	1
1157	557.024	9586.57	1
1158	552.478	9578.42	1
1159	550.808	9584.81	1
1160	558.574	9585.58	1
1161	552.365	9586.46	1
1162	550.249	9584.47	1
1163	552.362	9586.46	1
1164	550.602	9585.01	1
1165	546.293	9579.75	1
1166	552.085	9586.9	1
1167	558.916	9585.07	1
1168	558.488	9585.32	1
1169	557.694	9586.34	1
1170	552.101	9578.02	1
1171	554.296	9587.77	1
1172	550.34	9584.62	1
1173	552.061	9584.1	1
1174	558.979	9585.19	1
1175	553.781	9586.18	1
1176	550.42	9584.77	1
1177	558.298	9585.23	1
1178	551.073	9585.06	1
1179	558.773	9585.39	1
1180	552.021	9586.91	1
1181	557.213	9586.41	1
1182	558.944	9585.91	1
1183	550.849	9584.71	1
1184	558.423	9585.17	1
1185	557.271	9586.4	1
1186	550.33	9581.87	1
1187	558.95	9585.25	1
1188	558.901	9585.16	1
1189	552.123	9586.74	1
1190	550.33	9581.91	1
1191	558.848	9585.23	1
1192	552.131	9578.14	1
1193	552.392	9578.33	1
1194	550.418	9584.21	1
1195	551.087	9586.17	1
1196	558.888	9585.54	1
1197	558.749	9585.32	1
1198	556.754	9586.17	1
1199	550.924	9586.32	1
1200	557.428	9586.05	1
1201	551.059	9585.7	1
1202	558.827	9585.1	1
1203	558.679	9585.41	1
1204	555.814	9585.66	1
1205	550.747	9584.62	1
1206	551.177	9586.09	1
1207	550.759	9584.74	1
1208	558.919	9585.34	1
1209	550.769	9585.03	1
1210	558.753	9585.41	1
1211	551.177	9586.57	1
1212	551.198	9586.79	1
1213	556.385	9586.06	1
1214	552.459	9578.11	1
1215	551.081	9578.6	1
1216	545.822	9580.39	1
1217	545.914	9580.75	1
1218	554.459	9575.19	1
1219	551.249	9578.49	1
1220	552.106	9578.03	1
1221	551.174	9578.61	1
1222	552.555	9574.94	1
1223	545.477	9578.64	1
1224	548.754	9590.14	1
1225	545.896	9580.62	1
1226	554.963	9585.24	1
1227	551.955	9580.12	1
1228	552.326	9579.52	1
1229	546.11	9580.53	1
1230	553.777	9576.54	1
1231	551.137	9578.56	1
1232	545.382	9579.62	1
1233	553.361	9574.68	1
1234	552.961	9574	1
1235	551.963	9577.56	1
1236	553.069	9574.7	1
1237	552.227	9577.93	1
1238	545.316	9579.66	1
1239	553.643	9576.21	1
1240	553.09	9576.46	1
1241	552.414	9578.26	1
1242	553.397	9575.18	1
1243	553.726	9576.05	1
1244	546.244	9581.28	1
1245	552.792	9575.08	1
1246	553.605	9576.19	1
1247	554.862	9574.63	1
1248	551.798	9578.08	1
1249	553.837	9576.71	1
1250	552.8	9587.7	1
1251	542.65	9568.39	1
1252	550.471	9586.11	1
1253	552.288	9574.94	1
1254	553.003	9574.15	1
1255	552.592	9575.05	1
1256	554.666	9574.7	1
1257	547.788	9587.41	1
1258	551.234	9578.11	1
1259	551.998	9587.5	1
1260	552.97	9574.93	1
1261	554.876	9574.63	1
1262	546.228	9580.54	1
1263	552.666	9575.96	1
1264	552.919	9576.05	1
1265	553.339	9576.23	1
1266	545.995	9581	1
1267	550.931	9578.34	1
1268	545.704	9580.43	1
1269	550.751	9578.34	1
1270	550.859	9578.34	1
1271	558.428	9582.99	1
1272	551.999	9574.89	1
1273	554.011	9574.96	1
1274	552.979	9573.95	1
1275	552.955	9574.65	1
1276	555.233	9575.49	1
1277	545.103	9581.69	1
1278	544.076	9581.66	1
1279	544.436	9582	1
1280	544.838	9581.6	1
1281	544.502	9582.41	1
1282	552.338	9574.71	1
1283	552.886	9575.78	1
1284	543.388	9580.49	1
1285	544.55	9582.39	1
1286	544.498	9582.49	1
1287	544.238	9581.62	1
1288	543.761	9580.48	1
1289	543.173	9582.29	1
1290	544.516	9581.55	1
1291	548.797	9589.45	1
1292	552.964	9576.24	1
1293	543.318	9582.24	1
1294	552.873	9575.76	1
1295	535.718	9588.77	1
1296	544.29	9581.62	1
1297	542.576	9581.43	1
1298	543.024	9580.85	1
1299	544.597	9580.35	1
1300	546.151	9583.44	1
1301	543.91	9582.16	1
1302	543.554	9581.92	1
1303	543.32	9580.78	1
1304	553.029	9574.85	1
1305	544.139	9581.54	1
1306	552.213	9575.08	1
1307	538.485	9583.86	1
1308	544.088	9580.92	1
1309	543.591	9581.2	1
1310	544.331	9580.6	1
1311	544.143	9580.47	1
1312	554.124	9587.51	1
1313	544.789	9580.91	1
1314	544.379	9580.43	1
1315	544.39	9581.03	1
1316	544.843	9580.85	1
1317	542.626	9580.91	1
1318	544.72	9581.77	1
1319	543.554	9581.4	1
1320	552.997	9576.32	1
1321	543.288	9581.23	1
1322	544.295	9582.55	1
1323	544.323	9580.33	1
1324	549.35	9586.03	1
1325	544.678	9580.23	1
1326	542.776	9581.37	1
1327	544.49	9581.3	1
1328	543.426	9581.1	1
1329	542.657	9581.42	1
1330	544.423	9580.77	1
1331	541.965	9582.03	1
1332	544.66	9581.81	1
1333	543.583	9580.94	1
1334	544.347	9582.54	1
1335	545.015	9581.72	1
1336	543.584	9581.81	1
1337	544.317	9582.29	1
1338	544.498	9582.51	1
1339	558.554	9587.89	1
1340	542.248	9582.06	1
1341	559.645	9588.27	1
1342	542.649	9582.45	1
1343	543.053	9582.07	1
1344	560.1	9586.68	1
1345	557.607	9587.72	1
1346	543.381	9580.45	1
1347	544.82	9581.57	1
1348	544.276	9582.3	1
1349	557.986	9588.5	1
1350	543.142	9581.18	1
1351	560.141	9586.59	1
1352	558.73	9587.81	1
1353	544.217	9582.33	1
1354	559.641	9588.32	1
1355	556.434	9587.44	1
1356	544.247	9582	1
1357	559.852	9587.22	1
1358	544.457	9580.97	1
1359	544.804	9580.13	1
1360	542.944	9581.31	1
1361	560.24	9587.18	1
1362	558.475	9587.8	1
1363	544.137	9582.37	1
1364	558.053	9587.99	1
1365	544.282	9582.02	1
1366	559.182	9588.46	1
1367	558.058	9588.46	1
1368	544.217	9580.7	1
1369	535.74	9588.78	1
1370	559.869	9588.3	1
1371	551.046	9587.42	1
1372	559.641	9587.4	1
1373	558.098	9588.51	1
1374	544.179	9580.51	1
1375	559.752	9588.54	1
1376	544.039	9582.46	1
1377	559.468	9588.62	1
1378	543.915	9581.54	1
1379	544.043	9580.99	1
1380	544.123	9582.29	1
1381	558.265	9587.84	1
1382	544.076	9580.72	1
1383	544.013	9581.21	1
1384	544.984	9577.73	1
1385	557.858	9587.89	1
1386	544.013	9581.69	1
1387	558.589	9587.84	1
1388	558.487	9588	1
1389	543.344	9580.94	1
1390	543.732	9581.75	1
1391	542.889	9581.09	1
1392	544.34	9582.03	1
1393	544.413	9582.1	1
1394	558.943	9589.91	1
1395	544.538	9582.14	1
1396	546.252	9585.76	1
1397	559.411	9589.3	1
1398	559.397	9589.04	1
1399	558.294	9588.54	1
1400	559.493	9589.1	1
1401	559.249	9589.75	1
1402	558.833	9590.23	1
1403	559.353	9589.74	1
1404	559.305	9589.66	1
1405	544.145	9580.38	1
1406	554.646	9579.49	1
1407	559.217	9588.95	1
1408	558.393	9588.68	1
1409	559.429	9589.36	1
1410	559.259	9589.69	1
1411	559.249	9589.71	1
1412	549.152	9584.22	1
1413	559.329	9589.44	1
1414	558.422	9588.67	1
1415	554.683	9579.64	1
1416	558.479	9588.64	1
1417	558.248	9588.48	1
1418	559.244	9589.98	1
1419	558.432	9588.85	1
1420	554.627	9579.49	1
1421	554.604	9579.33	1
1422	553.011	9581.43	1
1423	559.419	9589.53	1
1424	559.11	9587.95	1
1425	558.602	9588.87	1
1426	558.528	9588.59	1
1427	558.164	9588.34	1
1428	551.76	9587.02	1
1429	554.631	9579.5	1
1430	559.301	9590.07	1
1431	558.605	9588.87	1
1432	558.452	9588.71	1
1433	553.047	9581.2	1
1434	559.338	9590.01	1
1435	558.625	9588.94	1
1436	558.448	9588.86	1
1437	559.356	9589.97	1
1438	558.591	9588.85	1
1439	558.472	9588.82	1
1440	559.069	9590	1
1441	558.458	9588.85	1
1442	559.579	9588.89	1
1443	552.563	9588.63	1
1444	559.387	9589.4	1
1445	554.637	9579.49	1
1446	553.08	9581.29	1
1447	544.772	9578.55	1
1448	546.484	9584.61	1
1449	542.457	9581.48	1
1450	545.441	9578.63	1
1451	546.209	9585.54	1
1452	546.808	9585.04	1
1453	542.816	9581.35	1
1454	552.781	9581.27	1
1455	545.64	9577.99	1
1456	546.435	9585.24	1
1457	542.236	9581.55	1
1458	545.206	9578.64	1
1459	546.596	9587.49	1
1460	546.209	9585.3	1
1461	553.158	9581.47	1
1462	546.653	9582.78	1
1463	559.109	9580.86	1
1464	547.038	9584.91	1
1465	541.52	9580.61	1
1466	546.559	9587.49	1
1467	552.841	9581.23	1
1468	545.182	9578.19	1
1469	541.42	9581.17	1
1470	545.924	9586.91	1
1471	547.951	9580.47	1
1472	552.684	9581.49	1
1473	546.42	9589.15	1
1474	545.11	9578.6	1
1475	546.287	9589.2	1
1476	547.75	9583.88	1
1477	557.679	9580.13	1
1478	555.86	9581.73	1
1479	548.244	9584.82	1
1480	541.429	9580.97	1
1481	546.403	9585.44	1
1482	541.394	9580.98	1
1483	545.77	9578.07	1
1484	547.326	9584.44	1
1485	548.539	9584.46	1
1486	547.35	9584.44	1
1487	541.769	9581.01	1
1488	546.09	9586.93	1
1489	553.728	9580.42	1
1490	548.796	9584.54	1
1491	545.769	9577.91	1
1492	546.206	9585.38	1
1493	546.978	9584.91	1
1494	542.069	9580.91	1
1495	553.785	9580.6	1
1496	548.811	9584.56	1
1497	548.736	9584.46	1
1498	543.015	9580.8	1
1499	547.606	9583.68	1
1500	542.348	9581.23	1
1501	546.699	9586.78	1
1502	553.607	9581.07	1
1503	544.8	9578.64	1
1504	545.935	9586.89	1
1505	553.774	9580.71	1
1506	545.177	9578.37	1
1507	553.04	9579.69	1
1508	545.288	9578.43	1
1509	546.436	9585.47	1
1510	542.632	9580.83	1
1511	546.81	9584.83	1
1512	547.166	9578.65	1
1513	553.612	9581.03	1
1514	545.221	9578.53	1
1515	546.518	9585.39	1
1516	546.418	9587.43	1
1517	547.236	9578.84	1
1518	545.691	9578.91	1
1519	546.473	9589.32	1
1520	546.535	9585.23	1
1521	546.611	9587.5	1
1522	547.857	9580.26	1
1523	548.55	9584.49	1
1524	553.779	9580.34	1
1525	553.67	9580.31	1
1526	553.72	9576.77	1
1527	544.656	9588.25	1
1528	544.841	9588.49	1
1529	553.458	9576.99	1
1530	554.745	9577.52	1
1531	553.843	9580.33	1
1532	554.627	9577.96	1
1533	553.687	9580.17	1
1534	554.778	9577.42	1
1535	553.611	9580.19	1
1536	553.692	9576.98	1
1537	554.295	9578.11	1
1538	553.617	9580.95	1
1539	553.64	9576.98	1
1540	554.608	9577.89	1
1541	545.633	9588.26	1
1542	544.367	9588.42	1
1543	553.43	9576.75	1
1544	554.399	9577.55	1
1545	553.445	9580.29	1
1546	554.591	9577.83	1
1547	544.222	9588.36	1
1548	552.527	9576.59	1
1549	544.5	9588.3	1
1550	553.632	9578.65	1
1551	554.746	9576.88	1
1552	545.58	9587.96	1
1553	554.243	9576.9	1
1554	554.506	9578.79	1
1555	552.408	9576.62	1
1556	545.425	9588.32	1
1557	553.56	9576.79	1
1558	555.039	9577.77	1
1559	554.601	9577.87	1
1560	545.557	9587.9	1
1561	545.744	9587.75	1
1562	553.333	9577.3	1
1563	544.836	9588.35	1
1564	552.648	9579.7	1
1565	554.037	9578.49	1
1566	554.807	9577.38	1
1567	551.941	9577.96	1
1568	545.901	9588.41	1
1569	545.894	9588.29	1
1570	544.432	9587.54	1
1571	552.819	9579.46	1
1572	552.449	9576.61	1
1573	556.541	9575.61	1
1574	544.804	9588.18	1
1575	554.883	9577.12	1
1576	544.515	9588.03	1
1577	552.895	9579.41	1
1578	554.625	9577.96	1
1579	545.808	9588.86	1
1580	556.529	9575.7	1
1581	545.808	9588.84	1
1582	553.17	9577.21	1
1583	552.683	9581.19	1
1584	552.181	9579.88	1
1585	553.246	9577.08	1
1586	553.703	9580.4	1
1587	554.74	9576.76	1
1588	544.646	9588.42	1
1589	553.242	9577.08	1
1590	545.63	9588.24	1
1591	545.938	9587.96	1
1592	553.786	9580.15	1
1593	545.116	9587.43	1
1594	552.523	9576.59	1
1595	545.617	9588.12	1
1596	545.276	9588.28	1
1597	553.62	9581.11	1
1598	545.053	9587.58	1
1599	553.093	9577.04	1
1600	553.257	9584.53	1
1601	545.43	9588.09	1
1602	553.634	9580.68	1
1603	553.3	9577.03	1
1604	544.854	9588.17	1
1605	553.787	9580.49	1
1606	544.071	9585.39	1
1607	545.39	9577.4	1
1608	544.242	9583.94	1
1609	546.921	9575.59	1
1610	544.228	9583.77	1
1611	542.867	9581.15	1
1612	546.082	9586.87	1
1613	545.785	9580.02	1
1614	544.124	9585.19	1
1615	547.758	9575.05	1
1616	544.055	9584.69	1
1617	543.228	9578.38	1
1618	544.163	9584.18	1
1619	547.124	9575.29	1
1620	544.374	9584.66	1
1621	543.354	9580.77	1
1622	546.633	9586.78	1
1623	545.438	9587.41	1
1624	546.954	9587.43	1
1625	544.285	9584.18	1
1626	544.527	9579.58	1
1627	542.553	9580.82	1
1628	544.851	9577.51	1
1629	546.921	9587.22	1
1630	544.272	9585.51	1
1631	544.271	9584.08	1
1632	543.851	9584.93	1
1633	544.464	9584.6	1
1634	547.043	9587.41	1
1635	544.344	9579.28	1
1636	544.026	9585	1
1637	545.135	9577.56	1
1638	544.954	9577.3	1
1639	546.548	9587.37	1
1640	546.644	9587.37	1
1641	544.534	9584.14	1
1642	548.595	9578.49	1
1643	546.876	9586.85	1
1644	544.331	9585.73	1
1645	544.11	9585.12	1
1646	543.335	9580.98	1
1647	543.603	9578.49	1
1648	545.738	9587.66	1
1649	543.103	9581.01	1
1650	544.674	9578.29	1
1651	546.732	9587.39	1
1652	544.198	9584.12	1
1653	549.129	9578.56	1
1654	546.596	9587.23	1
1655	545.955	9580.21	1
1656	544.48	9583.87	1
1657	544.415	9579.31	1
1658	545.904	9580.32	1
1659	544.068	9585.36	1
1660	544.291	9583.79	1
1661	545.026	9577.6	1
1662	548.474	9578.47	1
1663	545.803	9580.69	1
1664	547.116	9587.66	1
1665	545.897	9580.48	1
1666	548.435	9578.37	1
1667	545.962	9580.31	1
1668	545.065	9577.73	1
1669	546.498	9575.3	1
1670	543.688	9584.42	1
1671	543.67	9584.43	1
1672	544.486	9579.22	1
1673	545.139	9577.78	1
1674	546.855	9575.42	1
1675	546.291	9581.01	1
1676	548.766	9578.4	1
1677	546.124	9580.97	1
1678	543.94	9585.22	1
1679	544.169	9583.97	1
1680	559.909	9588.24	1
1681	546.361	9576.58	1
1682	547.917	9579.19	1
1683	547.683	9578.88	1
1684	559.682	9588.17	1
1685	558.589	9587.73	1
1686	558.396	9587.79	1
1687	548.072	9590.6	1
1688	548.18	9590.06	1
1689	545.699	9580.71	1
1690	543.456	9578.9	1
1691	557.616	9588.33	1
1692	548.803	9590.21	1
1693	546.778	9581.07	1
1694	545.863	9579.09	1
1695	543.423	9578.93	1
1696	545.014	9578.68	1
1697	558.536	9587.91	1
1698	548.369	9589.92	1
1699	544.107	9578.89	1
1700	559.731	9587.98	1
1701	549.534	9589.88	1
1702	546.157	9577.3	1
1703	553.615	9585.09	1
1704	548.664	9589.35	1
1705	546.453	9576.64	1
1706	545.823	9584.34	1
1707	545.924	9576.83	1
1708	557.979	9588.49	1
1709	558.066	9588.14	1
1710	543.554	9579.04	1
1711	547.124	9581.62	1
1712	546.441	9576.59	1
1713	547.679	9590.22	1
1714	548.109	9589.77	1
1715	546.462	9576.56	1
1716	548.773	9577.2	1
1717	547.705	9589.7	1
1718	546.219	9579.04	1
1719	557.89	9588.4	1
1720	549.18	9589.87	1
1721	560.069	9587.96	1
1722	552.22	9584.34	1
1723	557.657	9586.39	1
1724	552.336	9584.32	1
1725	546.703	9582.35	1
1726	552.304	9584.83	1
1727	545.686	9579.22	1
1728	552.594	9586.22	1
1729	547.046	9577.47	1
1730	555.963	9588.04	1
1731	548.579	9579.24	1
1732	551.912	9584.59	1
1733	548.82	9578.22	1
1734	552.619	9586.04	1
1735	552.877	9588.75	1
1736	548.863	9578.19	1
1737	551.839	9586.21	1
1738	555.289	9587.88	1
1739	556.574	9588.06	1
1740	556.698	9588.05	1
1741	548.934	9578.19	1
1742	556.535	9587.93	1
1743	552.869	9586.06	1
1744	556.197	9587.23	1
1745	556.648	9587.55	1
1746	552.149	9585.3	1
1747	555.837	9588.05	1
1748	546.64	9576.62	1
1749	555.107	9581.02	1
1750	546.836	9580.54	1
1751	552.662	9586.29	1
1752	554.555	9588.54	1
1753	555.269	9587.61	1
1754	551.918	9586.22	1
1755	554.053	9587.9	1
1756	546.882	9577.76	1
1757	549.585	9581.55	1
1758	546.929	9577.56	1
1759	550.074	9580.83	1
1760	545.011	9588.21	1
1761	552.577	9584.28	1
1762	554.798	9588.27	1
1763	547.209	9578.42	1
1764	547.349	9577.03	1
1765	556.42	9587.33	1
1766	547.199	9577.13	1
1767	553.19	9585.01	1
1768	549.275	9583.54	1
1769	545.022	9585.29	1
1770	549.591	9583.64	1
1771	544.684	9584.69	1
1772	555.911	9574.12	1
1773	555.479	9573.46	1
1774	549.548	9583.7	1
1775	544.577	9584.89	1
1776	551.824	9585.9	1
1777	555.571	9574.06	1
1778	549.119	9583.86	1
1779	550.238	9584.95	1
1780	544.893	9584.97	1
1781	555.571	9574.06	1
1782	555.681	9574.06	1
1783	544.794	9584.32	1
1784	555.432	9573.89	1
1785	544.802	9584.34	1
1786	544.813	9584.42	1
1787	544.949	9584.79	1
1788	545.017	9584.38	1
1789	544.961	9584.79	1
1790	544.349	9585.53	1
1791	544.6	9584.83	1
1792	556.367	9587.23	1
1793	544.945	9584.59	1
1794	544.677	9585.61	1
1795	555.637	9574.07	1
1796	544.594	9585.57	1
1797	544.091	9580.54	1
1798	555.662	9574.04	1
1799	544.593	9585.35	1
1800	550.137	9583.89	1
1801	544.821	9585.6	1
1802	544.399	9585.7	1
1803	552.737	9588.17	1
1804	549.745	9583.8	1
1805	544.42	9584.07	1
1806	544.775	9585.13	1
1807	549.96	9584.05	1
1808	544.274	9583.97	1
1809	549.832	9584.21	1
1810	544.288	9584.1	1
1811	544.273	9583.66	1
1812	555.533	9573.4	1
1813	556.747	9576.12	1
1814	555.8	9573.19	1
1815	549.987	9583.69	1
1816	544.885	9585.18	1
1817	556.757	9576.13	1
1818	549.508	9583.84	1
1819	544.132	9584.13	1
1820	545.185	9585.27	1
1821	549.602	9583.2	1
1822	549.764	9583.67	1
1823	545.063	9585.4	1
1824	555.822	9573.91	1
1825	556.061	9573.57	1
1826	549.467	9583.45	1
1827	545.379	9584.25	1
1828	547.548	9590.08	1
1829	545.44	9584.21	1
1830	544.552	9585.52	1
1831	546.54	9589.94	1
1832	545.523	9584.17	1
1833	544.972	9585.41	1
1834	547.384	9590.83	1
1835	546.588	9589.63	1
1836	546.173	9591.46	1
1837	544.874	9585.02	1
1838	544.794	9585.25	1
1839	547.072	9590.57	1
1840	546.449	9591.35	1
1841	545.13	9584.42	1
1842	546.312	9591.34	1
1843	544.961	9584.76	1
1844	545.437	9589.99	1
1845	545.775	9591.37	1
1846	544.707	9585.13	1
1847	544.665	9584.91	1
1848	545.022	9585.36	1
1849	546.513	9591.09	1
1850	545.037	9585.35	1
1851	546.859	9591.04	1
1852	547.613	9590.74	1
1853	546.505	9591.31	1
1854	545.75	9591.25	1
1855	546.759	9590.9	1
1856	546.349	9589.88	1
1857	546.756	9590.3	1
1858	547.347	9590.84	1
1859	546.492	9589.77	1
1860	546.903	9590.64	1
1861	544.226	9585.28	1
1862	546.85	9590.77	1
1863	545.52	9590.85	1
1864	544.684	9585.33	1
1865	546.374	9589.63	1
1866	546.784	9590.22	1
1867	545.784	9591.47	1
1868	545.229	9590.05	1
1869	553.144	9584.8	1
1870	546.086	9591.12	1
1871	546.145	9589.64	1
1872	545.767	9590.82	1
1873	546.316	9591.37	1
1874	549.659	9587.87	1
1875	554.172	9584.62	1
1876	546.531	9589.84	1
1877	549.36	9587.31	1
1878	550.226	9589.54	1
1879	553.4	9584.77	1
1880	546.518	9591.36	1
1881	548.114	9587.69	1
1882	546.387	9591.12	1
1883	546.389	9591.31	1
1884	546.137	9589.71	1
1885	546.124	9591.46	1
1886	546.096	9590.85	1
1887	549.338	9585.35	1
1888	549.261	9589.89	1
1889	545.971	9590.73	1
1890	549.925	9589.83	1
1891	556.105	9576.4	1
1892	551.818	9587.9	1
1893	549.707	9587.29	1
1894	545.959	9590.66	1
1895	546.301	9589.67	1
1896	548.737	9585.12	1
1897	541.763	9578.55	1
1898	542.003	9578.27	1
1899	558.981	9589.56	1
1900	549.856	9587.54	1
1901	542.335	9578.18	1
1902	553.349	9586.74	1
1903	549.401	9585.73	1
1904	543.159	9578.29	1
1905	547.013	9590.77	1
1906	542.114	9578.24	1
1907	542.338	9582.16	1
1908	547.438	9589.79	1
1909	559.082	9580.03	1
1910	550.986	9581.22	1
1911	559.005	9586	1
1912	546.691	9590.37	1
1913	547.32	9590.26	1
1914	550.369	9587.23	1
1915	549.452	9589.93	1
1916	546.209	9591.34	1
1917	549.889	9587.4	1
1918	549.601	9589.73	1
1919	549.295	9590.13	1
1920	546.9	9591.14	1
1921	553.404	9587.44	1
1922	546.821	9590.58	1
1923	550.084	9589.37	1
1924	551.734	9582.92	1
1925	556.321	9586.09	1
1926	550.223	9589.33	1
1927	545.249	9581.56	1
1928	549.527	9589.45	1
1929	549.059	9590.05	1
1930	546.271	9582.23	1
1931	546.182	9581.85	1
1932	557.788	9579.18	1
1933	545.686	9581.7	1
1934	544.545	9582.47	1
1935	545.978	9581.61	1
1936	546.268	9582.17	1
1937	546.376	9581.82	1
1938	549.235	9589.34	1
1939	546.007	9582.6	1
1940	545.917	9581.61	1
1941	546.244	9581.57	1
1942	545.295	9581.83	1
1943	546.611	9581.66	1
1944	546.022	9582.26	1
1945	549.313	9589.92	1
1946	548.995	9589.55	1
1947	551.397	9587.1	1
1948	546.031	9582.72	1
1949	545.555	9580.86	1
1950	545.495	9580.8	1
1951	546.166	9581.98	1
1952	545.686	9580.25	1
1953	553.914	9586.01	1
1954	548.335	9586.98	1
1955	548.726	9588.93	1
1956	544.83	9582.46	1
1957	549.692	9589.55	1
1958	549.178	9589.06	1
1959	548.917	9589.14	1
1960	544.958	9582.63	1
1961	545.59	9581.88	1
1962	549.783	9589.52	1
1963	545.117	9582.6	1
1964	546.177	9582.27	1
1965	544.388	9582.19	1
1966	544.613	9582.13	1
1967	549.244	9588.83	1
1968	545.85	9581.95	1
1969	548.825	9588.77	1
1970	545.714	9582.38	1
1971	546.019	9582.45	1
1972	544.766	9582.6	1
1973	546.819	9582.6	1
1974	545.523	9582.61	1
1975	544.725	9582.61	1
1976	545.899	9582.86	1
1977	544.828	9582.38	1
1978	545.596	9581.9	1
1979	545.269	9582.25	1
1980	554.492	9587.09	1
1981	544.736	9582.06	1
1982	545.438	9582.04	1
1983	546.198	9581.71	1
1984	545.965	9581.96	1
1985	546.209	9581.33	1
1986	544.649	9582.08	1
1987	545.997	9582.28	1
1988	552.734	9588.18	1
1989	545.187	9582.07	1
1990	546.856	9582.49	1
1991	546.046	9582.48	1
1992	545.679	9581.91	1
1993	545.477	9581.56	1
1994	545.319	9581.82	1
1995	545.349	9581.81	1
1996	552.722	9587.92	1
1997	546.102	9581.5	1
1998	546.104	9582.85	1
1999	545.616	9581.87	1
2000	546.703	9582.69	1
2001	546.268	9582.66	1
2002	552.377	9587.84	1
2003	545.593	9581.88	1
2004	545.194	9582.34	1
2005	545.369	9581.78	1
2006	544.796	9582.59	1
2007	546.724	9582.13	1
2008	555.577	9585.62	1
2009	545.968	9582.49	1
2010	544.693	9582.19	1
2011	555.33	9585.9	1
2012	546.64	9580.87	1
2013	549.507	9577.21	1
2014	548.794	9589.39	1
2015	560.382	9586.97	1
2016	545.214	9588.61	1
2017	546.766	9582.43	1
2018	547.65	9589.6	1
2019	549.028	9589.1	1
2020	545.73	9588.44	1
2021	546.607	9588.06	1
2022	556.313	9588.19	1
2023	549.155	9588.94	1
2024	549.09	9588.99	1
2025	548.683	9589.54	1
2026	549.862	9589.51	1
2027	555.967	9588.04	1
2028	548.848	9589.5	1
2029	549.145	9588.67	1
2030	542.979	9583.29	1
2031	545.668	9583.82	1
2032	545.163	9588.84	1
2033	550.191	9586.81	1
2034	553.672	9584.66	1
2035	544.932	9582.84	1
2036	547.385	9576.5	1
2037	555.365	9580.34	1
2038	546.368	9586.74	1
2039	550.278	9584.08	1
2040	557.933	9587.31	1
2041	556.896	9586.61	1
2042	553.803	9585.57	1
2043	550.151	9585.2	1
2044	552.816	9586.46	1
2045	550.29	9583.57	1
2046	551.471	9586.27	1
2047	545.45	9578.53	1
2048	550.579	9584.4	1
2049	546.747	9582.26	1
2050	554.202	9584.51	1
2051	557.665	9581.07	1
2052	535.709	9588.77	1
2053	545.58	9552.76	1
2054	549.376	9576.22	1
2055	551.521	9583.31	1
2056	550.063	9580.94	1
2057	552.102	9587.71	1
2058	547.373	9589.77	1
2059	553.691	9583.91	1
2060	550.01	9585.13	1
2061	549.417	9584.84	1
2062	545.58	9552.76	1
2063	545.221	9589.46	1
2064	558.807	9580.8	1
2065	542.638	9581.71	1
2066	542.97	9583.53	1
2067	543.303	9580.92	1
2068	552.521	9575.31	1
2069	546.072	9587.62	1
2070	542.114	9581.49	1
2071	543.666	9581.11	1
2072	550.166	9584.94	1
2073	546.733	9590.77	1
2074	542.484	9581.48	1
2075	550.302	9579.78	1
2076	552.848	9587.7	1
2077	544.373	9580.88	1
2078	554.478	9585.47	1
2079	551.8	9587.57	1
2080	545.088	9589.38	1
2081	562.58	9573.26	1
2082	554.98	9581.9	1
2083	570.86	9566.12	1
2084	558.078	9558.38	1
2085	547.01	9590.82	1
2086	553.714	9585.03	1
2087	542.348	9581.07	1
2088	551.157	9584.66	1
2089	549.433	9589.67	1
2090	535.744	9588.79	1
2091	549.583	9584.26	1
2092	555.666	9587.4	1
2093	545.58	9552.76	1
2094	557.495	9575.67	1
2095	553.184	9585.01	1
2096	555.089	9580.11	1
2097	546.213	9578.26	1
2098	550.982	9585.89	1
2099	543.643	9581.11	1
2100	561.682	9584.96	1
2101	548.58	9575.94	1
2102	547.029	9587.28	1
2103	535.727	9588.77	1
2104	556.577	9580.12	1
2105	535.79	9588.76	1
2106	570.86	9566.12	1
2107	558.078	9558.38	1
2108	539.18	9566.07	1
2109	546.708	9583.58	1
2110	539.18	9566.07	1
2111	551.093	9585.06	1
2112	539.18	9566.07	1
2113	552.808	9588.09	1
2114	554.315	9583.46	1
2115	553.843	9582.82	1
2116	545.569	9578.01	1
2117	543.99	9547.08	1
2118	549.456	9587.12	1
2119	539.18	9566.07	1
2120	555.679	9575.67	1
2121	539.18	9566.07	1
2122	539.18	9566.07	1
2123	552.275	9588.4	1
2124	549.882	9587.59	1
2125	539.18	9566.07	1
2126	539.18	9566.07	1
2127	539.18	9566.07	1
2128	539.18	9566.07	1
2129	554.479	9584.43	1
2130	570.86	9566.12	1
2131	539.18	9566.07	1
2132	535.701	9588.79	1
2133	544.041	9573.73	1
2134	559.136	9580.79	1
2135	570.86	9566.12	1
2136	545.437	9582.84	1
2137	555.526	9575.92	1
2138	558.078	9558.38	1
2139	544.151	9580.56	1
2140	552.794	9588.14	1
2141	547.979	9584.84	1
2142	551.365	9582.97	1
2143	554.141	9586.31	1
2144	549.643	9589.56	1
2145	549.139	9589.96	1
2146	549.438	9589.94	1
2147	549.814	9589.73	1
2148	548.98	9589.91	1
2149	549.337	9586.14	1
2150	548.795	9586.06	1
2151	548.622	9586.2	1
2152	549.262	9586.03	1
2153	548.818	9585.61	1
2154	548.177	9586.49	1
2155	549.987	9587.06	1
2156	549.732	9586.7	1
2157	549.818	9587.09	1
2158	549.775	9586.92	1
2159	551.726	9588.92	1
2160	552.6	9588.58	1
2161	551.678	9588.91	1
2162	550.038	9588.78	1
2163	550.512	9588.96	1
2164	549.95	9588.97	1
2165	550.164	9588.57	1
2166	549.988	9589.27	1
2167	550.248	9589.33	1
2168	549.82	9588.43	1
2169	550.454	9589.28	1
2170	550.964	9587.59	1
2171	550.064	9587.8	1
2172	550.739	9587.88	1
2173	550.623	9587.84	1
2174	551.009	9587.81	1
2175	551.077	9587.38	1
2176	549.974	9587.43	1
2177	550.518	9587.56	1
2178	551.057	9587.22	1
2179	551.097	9586.98	1
2180	551.177	9587.18	1
2181	550.881	9587.91	1
2182	551.518	9587.7	1
2183	550.705	9587.81	1
2184	550.684	9586.63	1
2185	550.76	9586.92	1
2186	550.058	9587.64	1
2187	549.551	9584.85	1
2188	549.201	9583.19	1
2189	549.625	9583.05	1
2190	548.827	9583.07	1
2191	549.719	9582.99	1
2192	549.719	9582.97	1
2193	549.342	9583.23	1
2194	548.933	9583.08	1
2195	549.692	9583.22	1
2196	550.97	9582.99	1
2197	549.635	9587.03	1
2198	548.334	9587.01	1
2199	548.334	9587.03	1
2200	549.101	9586.71	1
2201	549.268	9588.54	1
2202	548.937	9588.12	1
2203	549.486	9588.57	1
2204	549.719	9587.81	1
2205	550.026	9588.16	1
2206	545.218	9583.68	1
2207	545.515	9584.01	1
2208	545.057	9583.53	1
2209	545.823	9583.99	1
2210	546.392	9583.86	1
2211	545.05	9584.29	1
2212	546.194	9583.84	1
2213	545.742	9583.84	1
2214	545.612	9583.83	1
2215	545.608	9584.12	1
2216	545.903	9583.18	1
2217	546.323	9584.01	1
2218	545.444	9584.44	1
2219	545.156	9584.27	1
2220	560.991	9585.94	1
2221	560.415	9586.86	1
2222	561.981	9583.86	1
2223	560.769	9586.65	1
2224	561.345	9585.27	1
2225	560.912	9585.58	1
2226	561.981	9583.85	1
2227	552.128	9587.59	1
2228	560.801	9586.11	1
2229	562.049	9583.94	1
2230	559.744	9586.06	1
2231	560.767	9586.38	1
2232	560.268	9587.61	1
2233	553.636	9588.69	1
2234	553.835	9588.36	1
2235	553.898	9588.86	1
2236	545.909	9591.18	1
2237	550.195	9586.25	1
2238	549.531	9586.23	1
2239	543.882	9582.73	1
2240	549.436	9585.52	1
2241	549.334	9584.99	1
2242	550.503	9586.68	1
2243	550.462	9586.46	1
2244	550.316	9586.4	1
2245	550.266	9586.34	1
2246	550.132	9585.47	1
2247	550.301	9585.29	1
2248	557.465	9588.02	1
2249	557.102	9588.02	1
2250	557.185	9588.2	1
2251	556.689	9587.87	1
2252	557.613	9588.15	1
2253	557.567	9588.06	1
2254	557.575	9588.02	1
2255	557.581	9588.41	1
2256	548.208	9585.7	1
2257	549.245	9584.85	1
2258	548.485	9585.57	1
2259	549.082	9584.63	1
2260	552.038	9588.51	1
2261	552.036	9588.47	1
2262	551.212	9587.65	1
2263	551.742	9587.61	1
2264	553.115	9588.1	1
2265	552.967	9588.38	1
2266	552.371	9588.41	1
2267	552.186	9588.26	1
2268	553.239	9588.54	1
2269	551.213	9587.64	1
2270	551.358	9587.61	1
2271	551.206	9587.63	1
2272	551.454	9588.07	1
2273	553.21	9587.16	1
2274	551.726	9588.57	1
2275	553.352	9586.84	1
2276	551.92	9588.53	1
2277	551.719	9587.82	1
2278	552.899	9588.37	1
2279	551.556	9588.67	1
2280	551.435	9588.52	1
2281	551.554	9588.72	1
2282	551.53	9588.51	1
2283	551.543	9588.49	1
2284	551.604	9588.71	1
2285	552.797	9588.22	1
2286	552.528	9587.37	1
2287	553.298	9586.87	1
2288	553.405	9588.58	1
2289	553.45	9588.58	1
2290	553.028	9587.04	1
2291	553.121	9587.94	1
2292	553.298	9587.85	1
2293	552.523	9587.24	1
2294	551.945	9588.33	1
2295	552.166	9588.27	1
2296	552.089	9588.41	1
2297	551.975	9588.41	1
2298	551.818	9587.83	1
2299	552.382	9588.53	1
2300	551.739	9587.37	1
2301	552.739	9587.53	1
2302	553.281	9587.77	1
2303	553.186	9587.8	1
2304	553.054	9588.13	1
2305	552.627	9588.25	1
2306	552.16	9587.65	1
2307	551.55	9587.66	1
2308	551.969	9588.28	1
2309	551.281	9587.49	1
2310	552.403	9587.27	1
2311	552.087	9587.14	1
2312	553.726	9587.41	1
2313	553.598	9587.11	1
2314	552.123	9587.25	1
2315	552.18	9587.3	1
2316	551.259	9587.68	1
2317	552.104	9587.5	1
2318	552.953	9588.41	1
2319	551.692	9588.15	1
2320	553.245	9587.64	1
2321	552.703	9587.37	1
2322	553.447	9587.08	1
2323	551.367	9587.97	1
2324	552.552	9587.29	1
2325	543.738	9578.87	1
2326	544.183	9578.67	1
2327	543.782	9579.07	1
2328	544.763	9579.77	1
2329	552.699	9574.71	1
2330	553.423	9575.11	1
2331	552.381	9575.15	1
2332	552.533	9575.02	1
2333	553.284	9575.15	1
2334	552.882	9574.17	1
2335	553.675	9576.03	1
2336	552.991	9576.04	1
2337	552.828	9576.36	1
2338	553	9576.12	1
2339	559.052	9581.61	1
2340	553.563	9574.52	1
2341	553.038	9576.04	1
2342	552.88	9574.15	1
2343	554.829	9574.65	1
2344	559.13	9582	1
2345	554.321	9574.47	1
2346	543.924	9583.83	1
2347	544.448	9583.17	1
2348	549.948	9581.32	1
2349	550.964	9580.84	1
2350	549.626	9578.68	1
2351	550.589	9579.73	1
2352	550.261	9581.08	1
2353	551.197	9580.93	1
2354	546.525	9584.18	1
2355	546.894	9583.95	1
2356	546.377	9588.5	1
2357	546.702	9588.24	1
2358	546.717	9588.31	1
2359	546.594	9588.3	1
2360	546.787	9588.22	1
2361	546.737	9588.05	1
2362	546.68	9588.86	1
2363	546.51	9587.9	1
2364	546.879	9589.37	1
2365	546.938	9589.53	1
2366	547.205	9589.03	1
2367	547.083	9589.38	1
2368	546.979	9589.42	1
2369	546.359	9588.5	1
2370	546.71	9588.18	1
2371	546.781	9588.09	1
2372	546.61	9588.07	1
2373	546.521	9587.92	1
2374	546.603	9589.53	1
2375	547.111	9589.41	1
2376	546.983	9589.41	1
2377	546.625	9589.71	1
2378	558.395	9587.73	1
2379	557.643	9587.81	1
2380	559.759	9587.1	1
2381	558.623	9587.59	1
2382	559.604	9588.4	1
2383	559.892	9588.14	1
2384	559.186	9587.95	1
2385	557.588	9587.38	1
2386	559.877	9588.31	1
2387	546.714	9583.66	1
2388	546.311	9583.44	1
2389	546.25	9583.88	1
2390	545.819	9583.64	1
2391	546.113	9583.46	1
2392	545.379	9584.26	1
2393	559.361	9589.65	1
2394	559.481	9589.15	1
2395	559.471	9589.16	1
2396	559.489	9589.15	1
2397	559.23	9589.78	1
2398	559.489	9589.13	1
2399	559.449	9589.18	1
2400	559.004	9590.07	1
2401	558.993	9590.08	1
2402	558.855	9590.2	1
2403	552.228	9588.53	1
2404	552.184	9588.43	1
2405	552.82	9587.16	1
2406	552.281	9587.85	1
2407	546.497	9591.38	1
2408	546.279	9591.34	1
2409	546.851	9591.19	1
2410	546.016	9591.09	1
2411	546.586	9591.38	1
2412	546.681	9589.97	1
2413	545.548	9590.97	1
2414	546.906	9590.5	1
2415	545.555	9589.93	1
2416	546.555	9589.94	1
2417	547.952	9587.25	1
2418	547.58	9587.84	1
2419	547.679	9587.88	1
2420	547.317	9587.64	1
2421	547.513	9587.72	1
2422	548.245	9587.68	1
2423	547.784	9587.32	1
2424	552.523	9584.54	1
2425	551.238	9584.09	1
2426	551.861	9584.56	1
2427	551.058	9583.98	1
2428	551.934	9584.51	1
2429	557.191	9576.98	1
2430	557.386	9577	1
2431	557.25	9577.16	1
2432	557.069	9576.94	1
2433	557.102	9576.86	1
2434	557.495	9576.93	1
2435	557.221	9577.24	1
2436	557.119	9576.99	1
2437	557.18	9577.14	1
2438	554.308	9581.54	1
2439	555.639	9582.04	1
2440	553.419	9576.12	1
2441	553.185	9576.28	1
2442	553.035	9575.95	1
2443	552.976	9575.71	1
2444	552.759	9574.82	1
2445	553.019	9574.31	1
2446	552.849	9573.97	1
2447	552.272	9574.57	1
2448	552.441	9574.46	1
2449	552.855	9574.02	1
2450	553.136	9574.56	1
2451	555.043	9581.33	1
2452	554.589	9577.38	1
2453	554.513	9581.83	1
2454	551.082	9585.45	1
2455	554.511	9581.89	1
2456	554.407	9581.49	1
2457	555.733	9581.88	1
2458	556.978	9576.81	1
2459	556.938	9576.72	1
2460	556.917	9576.72	1
2461	557.11	9576.73	1
2462	545.151	9587.94	1
2463	544.996	9588.07	1
2464	545.963	9587.54	1
2465	545.356	9587.49	1
2466	545.517	9587.7	1
2467	545.936	9587.59	1
2468	557.131	9587.38	1
2469	552.138	9576.67	1
2470	553.268	9577.12	1
2471	553.082	9576.96	1
2472	550.254	9577.11	1
2473	552.405	9574.51	1
2474	552.271	9575.05	1
2475	552.574	9574.79	1
2476	552.241	9574.69	1
2477	552.273	9574.63	1
2478	548.796	9575.68	1
2479	548.886	9575.66	1
2480	548.305	9575.22	1
2481	548.414	9575.29	1
2482	554.523	9578.98	1
2483	549.767	9582.35	1
2484	550.579	9581.8	1
2485	550.583	9581.62	1
2486	549.972	9581.49	1
2487	550.483	9581.29	1
2488	550.445	9581.84	1
2489	549.633	9582.03	1
2490	551.146	9581.19	1
2491	551.229	9581.14	1
2492	554.931	9582.49	1
2493	557.032	9576.86	1
2494	556.201	9577.41	1
2495	556.561	9576.87	1
2496	556.588	9577.22	1
2497	556.96	9576.9	1
2498	556.857	9576.95	1
2499	547.77	9576.31	1
2500	547.225	9576.19	1
2501	549.231	9577.27	1
2502	547.6	9575.78	1
2503	547.462	9575.78	1
2504	547.586	9576.01	1
2505	547.398	9576.51	1
2506	548.746	9575.36	1
2507	548.112	9577.05	1
2508	549.19	9576.19	1
2509	547.62	9575.46	1
2510	547.321	9576.1	1
2511	547.352	9576.29	1
2512	548.395	9575.42	1
2513	548.151	9576.35	1
2514	548.059	9576.38	1
2515	547.443	9576.25	1
2516	548.064	9576.15	1
2517	548.394	9575.74	1
2518	548.353	9575.71	1
2519	548.237	9576.33	1
2520	549.653	9577.16	1
2521	547.638	9576.28	1
2522	547.838	9575.31	1
2523	548.299	9576.76	1
2524	548.821	9576.52	1
2525	548.059	9577	1
2526	549.179	9576	1
2527	549.275	9576.03	1
2528	548.679	9575.8	1
2529	547.223	9576.08	1
2530	549.631	9576.87	1
2531	549.667	9576.89	1
2532	547.386	9575.82	1
2533	547.527	9576.08	1
2534	547.709	9576.37	1
2535	548.812	9575.57	1
2536	548.662	9575.41	1
2537	548.498	9575.62	1
2538	553.238	9575.14	1
2539	546.486	9580.29	1
2540	547.035	9580.52	1
2541	546.557	9580.46	1
2542	546.535	9580.34	1
2543	546.401	9579.72	1
2544	546.45	9579.92	1
2545	546.203	9579.99	1
2546	547.772	9584.97	1
2547	547.857	9585.09	1
2548	547.806	9585.03	1
2549	546.717	9581.47	1
2550	546.579	9581.28	1
2551	545.825	9580.69	1
2552	556.461	9576.95	1
2553	558.317	9587.83	1
2554	549.302	9589.88	1
2555	545.76	9591.6	1
2556	545.756	9591.32	1
2557	552.01	9588.2	1
2558	552.113	9588.15	1
2559	552.277	9588.1	1
2560	552.251	9588.11	1
2561	549.52	9589.57	1
2562	549.111	9590.2	1
2563	544.219	9584.02	1
2564	545.676	9586.65	1
2565	544.902	9586.53	1
2566	544.639	9587.07	1
2567	545.047	9586.76	1
2568	545.11	9586.91	1
2569	556.549	9584.29	1
2570	557.632	9577.43	1
2571	547.901	9580.03	1
2572	554.924	9581.75	1
2573	545.798	9590.87	1
2574	554.983	9581.82	1
2575	542.65	9568.39	1
2576	559.128	9580.9	1
2577	556.03	9575.91	1
2578	554.852	9581.43	1
2579	554.595	9581.98	1
2580	562.58	9573.26	1
2581	539.18	9566.07	1
2582	545.032	9586.18	1
2583	554.58	9577.94	1
2584	551.673	9588.35	1
2585	552.585	9588.12	1
2586	546.448	9584.22	1
2587	549.871	9583.92	1
2588	556.598	9587.44	1
2589	559.685	9588.17	1
2590	559.832	9587.78	1
2591	558.506	9587.97	1
2592	558.468	9588.04	1
2593	556.763	9587.03	1
2594	546.578	9589.94	1
2595	545.142	9588.59	1
2596	546.06	9588.22	1
2597	546.112	9588.35	1
2598	546.266	9588.34	1
2599	546.179	9587.8	1
2600	546.412	9588.59	1
2601	562.58	9573.26	1
2602	539.712	9583.94	1
2603	544.278	9587.39	1
2604	562.58	9573.26	1
2605	546.303	9583.23	1
2606	545.822	9583.56	1
2607	545.562	9583.46	1
2608	545.078	9583.03	1
2609	545.127	9582.84	1
2610	554.421	9581.85	1
2611	554.533	9581.22	1
2612	555.065	9582.1	1
2613	547.219	9576.25	1
2614	557.148	9588.44	1
2615	542.65	9568.39	1
2616	542.65	9568.39	1
2617	553.071	9586.33	1
2618	549.239	9575.97	1
2619	554.953	9581.78	1
2620	556.824	9582.65	1
2621	554.568	9581.72	1
2622	542.65	9568.39	1
2623	554.886	9582.08	1
2624	555.145	9575.51	1
2625	547.215	9590.89	1
2626	552.832	9587.85	1
2627	543.247	9579.1	1
2628	549.114	9575.36	1
2629	554.839	9581.48	1
2630	544.775	9582.4	1
2631	555.189	9579.2	1
2632	555.735	9581.97	1
2633	557.041	9578.87	1
2634	557.894	9577.91	1
2635	541.465	9591.55	1
2636	544.478	9583.44	1
2637	543.88	9583.88	1
2638	555.309	9582.12	1
2639	548.12	9575.67	1
2640	543.259	9580.88	1
2641	543.08	9580.95	1
2642	554.907	9582.16	1
2643	553.995	9581.97	1
2644	555.224	9581.69	1
2645	546.486	9580.82	1
2646	535.744	9588.78	1
2647	544.926	9580.96	1
2648	535.722	9588.78	1
2649	544.737	9585.21	1
2650	545.226	9584.46	1
2651	546.086	9580.47	1
2652	544.293	9582.08	1
2653	549.835	9587.64	1
2654	554.364	9586.96	1
2655	555.385	9580.34	1
2656	546.793	9589.19	1
2657	546.978	9584.3	1
2658	552.454	9579.3	1
2659	544.185	9582.43	1
2660	545.817	9585.54	1
2661	547.645	9576.41	1
2662	543.063	9581.48	1
2663	549.256	9588.84	1
2664	555.265	9580.67	1
2665	543.062	9568.23	1
2666	550.979	9581.21	1
2667	549.301	9583.48	1
2668	542.995	9568.19	1
2669	547.189	9575.98	1
2670	547.47	9576.48	1
2671	543.002	9568.21	1
2672	545.33	9577.62	1
2673	553.055	9587.16	1
2674	552.262	9587.49	1
2675	546.538	9582.83	1
2676	554.027	9574.27	1
2677	546.214	9590.51	1
2678	554.062	9582.26	1
2679	547.707	9582.18	1
2680	556.697	9588.04	1
2681	549.297	9581.69	1
2682	562.608	9573.24	1
2683	543.018	9583.76	1
2684	543.02	9568.22	1
2685	548.42	9575.24	1
2686	554.28	9588.35	1
2687	552.769	9588.17	1
2688	542.798	9583.01	1
2689	545.073	9583.52	1
2690	545.016	9588.81	1
2691	545.33	9583.6	1
2692	549.027	9588.97	1
2693	547.678	9589.59	1
2694	553.582	9583.38	1
2695	552.051	9588.44	1
2696	552.408	9575.05	1
2697	552.439	9575.04	1
2698	570.909	9566.1	1
2699	552.774	9574.75	1
2700	555.596	9586.73	1
2701	538.316	9583.88	1
2702	552.782	9588.11	1
2703	546.054	9579.07	1
2704	535.714	9588.79	1
2705	535.705	9588.78	1
2706	553.353	9574.6	1
2707	555.1	9572.88	1
2708	543.306	9581.99	1
2709	543.395	9582.26	1
2710	544.876	9587.58	1
2711	553.861	9574.43	1
2712	554.752	9572.91	1
2713	544.08	9580.97	1
2714	541.702	9581.59	1
2715	544.689	9580.16	1
2716	546.943	9580.65	1
2717	544.53	9581.85	1
2718	546.627	9578.09	1
2719	545.141	9577.79	1
2720	553.022	9574.31	1
2721	545.382	9588.46	1
2722	541.681	9581.11	1
2723	550.195	9586.68	1
2724	559.555	9585.68	1
2725	553.471	9574.73	1
2726	546.809	9587.96	1
2727	546.04	9590.32	1
2728	547.828	9584.61	1
2729	558.565	9588.85	1
2730	544.826	9581.91	1
2731	535.722	9588.78	1
2732	557.807	9588.54	1
2733	556.443	9578.17	1
2734	539.055	9565.69	1
2735	547.843	9584.36	1
2736	552.804	9581.48	1
2737	553.082	9575.96	1
2738	543.047	9568.22	1
2739	554.916	9584.62	1
2740	549.627	9585.79	1
2741	557.261	9580.37	1
2742	546.745	9582.92	1
2743	559.589	9588.91	1
2744	549.62	9586.45	1
2745	559.207	9589.95	1
2746	535.705	9588.79	1
2747	546.475	9582.46	1
2748	552.196	9587.79	1
2749	570.895	9566.08	1
2750	544.292	9587.74	1
2751	559.369	9588.58	1
2752	549.55	9585.55	1
2753	550.884	9586.85	1
2754	550.024	9588.57	1
2755	559.699	9588.19	1
2756	542.104	9580.91	1
2757	546.849	9581.83	1
2758	541.698	9581.5	1
2759	550.404	9583.57	1
2760	554.501	9588.38	1
2761	553.609	9580.36	1
2762	547.616	9575.87	1
2763	546.574	9582.41	1
2764	554.082	9574.95	1
2765	544.986	9589.75	1
2766	550.513	9585.63	1
2767	559.394	9588.68	1
2768	552.614	9586.81	1
2769	543.039	9568.19	1
2770	550.529	9586.04	1
2771	553.359	9576.99	1
2772	546.348	9585.53	1
2773	554.043	9575.18	1
2774	549.861	9586.73	1
2775	546.119	9590.71	1
2776	553.932	9582.55	1
2777	543.035	9568.21	1
2778	544.309	9583.38	1
2779	555.246	9587.17	1
2780	542.98	9568.21	1
2781	556.587	9576.89	1
2782	558.506	9582.99	1
2783	558.878	9584.96	1
2784	535.709	9588.78	1
2785	554.331	9585.18	1
2786	556.388	9577.04	1
2787	535.731	9588.78	1
2788	546.364	9585.23	1
2789	548.51	9585.05	1
2790	544.974	9582.82	1
2791	539.362	9583.89	1
2792	539.033	9565.69	1
2793	546.355	9588.99	1
2794	552.826	9587	1
2795	549.104	9586.96	1
2796	552.925	9581.27	1
2797	535.74	9588.78	1
2798	554.095	9588.82	1
2799	555.689	9588.24	1
2800	555.861	9588.2	1
2801	544.862	9584.1	1
2802	558.279	9587.85	1
2803	559.854	9578.87	1
2804	546.494	9591.31	1
2805	555.779	9578.26	1
2806	552.78	9588.07	1
2807	537.881	9587.12	1
2808	542.6	9571.15	1
2809	554.028	9574.33	1
2810	550.224	9585.28	1
2811	552.167	9587.15	1
2812	557.549	9582.15	1
2813	553.095	9587.21	1
2814	552.791	9587.14	1
2815	552.59	9587.73	1
2816	547.962	9577.96	1
2817	548.276	9589.02	1
2818	560.64	9569.94	1
2819	552.49	9574.97	1
2820	546.426	9582.61	1
2821	549.084	9581.95	1
2822	553.43	9585.67	1
2823	551.741	9588.5	1
2824	545.966	9581.84	1
2825	553.271	9587.53	1
2826	551.398	9587.47	1
2827	552.797	9588.01	1
2828	546.335	9591.19	1
2829	538.491	9584.15	1
2830	551.766	9588.09	1
2831	546.431	9591.18	1
2832	551.999	9587.84	1
2833	548.723	9576.69	1
2834	561.136	9579.28	1
2835	551.021	9584.15	1
2836	550.73	9584.44	1
2837	541.537	9572.75	1
2838	545.284	9585.18	1
2839	556.266	9587.2	1
2840	535.241	9570.03	1
2841	535.154	9569.9	1
2842	543.687	9582.78	1
2843	547.864	9576.33	1
2844	558.115	9587.93	1
2845	560.945	9580.08	1
2846	560.908	9580.01	1
2847	547.716	9590.2	1
2848	546.844	9590.52	1
2849	545.905	9584.6	1
2850	548.277	9575.5	1
2851	552.793	9588.06	1
2852	560.93	9580.04	1
2853	549.405	9588.45	1
2854	556.264	9577.84	1
2855	545.8	9585.93	1
2856	549.679	9587.95	1
2857	558.871	9590.16	1
2858	550.84	9584.3	1
2859	549.647	9588.66	1
2860	545.023	9584.95	1
2861	551.038	9584.27	1
2862	556.595	9575.34	1
2863	556.353	9576.42	1
2864	555.738	9587.35	1
2865	541.717	9584.55	1
2866	552.515	9587.41	1
2867	552.156	9586.76	1
2868	546.979	9587.5	1
2869	554.693	9584.61	1
2870	545.016	9587.43	1
2871	551.373	9584.53	1
2872	547.915	9584.52	1
2873	541.283	9571.11	1
2874	553.493	9585.68	1
2875	553.332	9585.82	1
2876	553.11	9585.5	1
2877	547.63	9590.21	1
2878	539.938	9583.74	1
2879	549.834	9588.62	1
2880	559.047	9582.89	1
2881	541.55	9580.84	1
2882	543.977	9580.38	1
2883	536.872	9593.58	1
2884	554.568	9584.39	1
2885	548.198	9584.77	1
2886	548.135	9579.49	1
2887	558.22	9581.02	1
2888	550.248	9585.51	1
2889	557.431	9576.34	1
2890	550.687	9585.48	1
2891	553.084	9588.78	1
2892	554.979	9586.25	1
2893	548.405	9586.69	1
2894	556.32	9576.54	1
2895	553.765	9585.93	1
2896	551.42	9585.54	1
2897	559.601	9576.54	1
2898	548.398	9585.92	1
2899	559.713	9580.84	1
2900	558.419	9583.03	1
2901	551.302	9579.88	1
2902	548.613	9590.18	1
2903	558.458	9583.02	1
2904	559.068	9580.44	1
2905	546.456	9581.89	1
2906	557.942	9576.74	1
2907	549.375	9582.44	1
2908	554.382	9587.43	1
2909	544.073	9579.54	1
2910	550.565	9585.48	1
2911	556.659	9576.65	1
2912	559.603	9576.68	1
2913	551.474	9579.26	1
2914	542.622	9581.44	1
2915	546.855	9591.05	1
2916	557.568	9588.03	1
2917	555.227	9586.61	1
2918	555.102	9586.68	1
2919	544.075	9582.76	1
2920	542.737	9583.09	1
2921	552.937	9584.89	1
2922	549.563	9583.35	1
2923	552.862	9588.07	1
2924	547.383	9582.7	1
2925	544.884	9584.55	1
2926	550.348	9584.77	1
2927	551.223	9585.07	1
2928	547.247	9578.35	1
2929	543.862	9581.05	1
2930	547.655	9581.92	1
2931	552.719	9575.96	1
2932	545.718	9577.86	1
2933	550.22	9581.6	1
2934	546.357	9587.27	1
2935	542.858	9581.14	1
2936	539.918	9583.74	1
2937	552.015	9587.56	1
2938	548.545	9583.64	1
2939	555.865	9587.31	1
2940	550.811	9581.01	1
2941	544.379	9580.23	1
2942	558.239	9576.67	1
2943	551.996	9587.57	1
2944	545.654	9578.07	1
2945	550.07	9589.69	1
2946	549.609	9587.13	1
2947	553.05	9576.08	1
2948	552.901	9588.35	1
2949	552.367	9588.05	1
2950	548.13	9584.92	1
2951	547.017	9583.96	1
2952	552.388	9586.93	1
2953	552.697	9586.89	1
2954	548.14	9584.19	1
2955	551.129	9587.6	1
2956	553.395	9575.19	1
2957	556.127	9583.26	1
2958	548.723	9583.35	1
2959	545.559	9588.12	1
2960	553.965	9588.87	1
2961	550.293	9587.32	1
2962	542.072	9570.31	1
2963	544.118	9582.64	1
2964	548.378	9584.74	1
2965	553.409	9586.54	1
2966	546.667	9582.14	1
2967	546.054	9576.34	1
2968	551.166	9584.67	1
2969	549.699	9579.83	1
2970	549.389	9584.81	1
2971	555.872	9587.31	1
2972	544.287	9583.07	1
2973	547.023	9584.93	1
2974	548.117	9586.45	1
2975	550.05	9585.95	1
2976	542.344	9571.24	1
2977	550.086	9589.46	1
2978	544.841	9585.31	1
2979	552.688	9587.93	1
2980	552.303	9579.46	1
2981	545.434	9580.72	1
2982	548.524	9588.08	1
2983	538.488	9583.86	1
2984	553.922	9588.86	1
2985	553.236	9577.08	1
2986	550.249	9581.19	1
2987	552.264	9587.42	1
2988	551.212	9584.83	1
2989	554.087	9583.01	1
2990	538.355	9586.94	1
2991	554.471	9580.04	1
2992	552.705	9578.57	1
2993	549.379	9576.72	1
2994	545.825	9576.56	1
2995	552.75	9578.7	1
2996	552.483	9581.47	1
2997	551.429	9580.98	1
2998	546.243	9588.15	1
2999	546.108	9583.05	1
end {BasicAreas}
