begin {Parameters}
Number of BasicAreas
3038
Number of Districts
1000
District Capacity
191
Basic Area Type
Point
Metric
l2
end {Parameters}

#Parameter	ExtId	XPos	YPos	Activity
begin {BasicAreas}
0	2830	40	29
1	2830	77	59
2	2830	114	3
3	2831	155	71
4	2830	194	35
5	2831	231	20
6	2831	269	87
7	2831	309	78
8	2830	347	89
9	2830	384	58
10	2792	35	16
11	2792	75	44
12	2790	115	50
13	2792	153	28
14	2791	191	56
15	2791	231	34
16	2790	271	18
17	2791	306	99
18	2791	345	16
19	2792	384	90
20	2800	460	80
21	2801	499	73
22	2801	538	93
23	2800	578	25
24	2802	620	8
25	2800	654	17
26	2800	694	23
27	2802	732	15
28	2800	772	33
29	2800	810	14
30	2762	459	27
31	2761	497	33
32	2761	540	65
33	2761	578	72
34	2762	591	89
35	2763	656	13
36	2762	694	35
37	2761	731	31
38	2762	770	5
39	2761	808	50
40	2801	946	17
41	2803	1034	22
42	2723	943	33
43	2724	1029	35
44	2702	1003	89
45	2800	1098	26
46	2799	1137	51
47	2831	1158	23
48	2801	1178	5
49	2800	1216	44
50	2829	1237	37
51	2801	1254	98
52	2800	1292	23
53	2800	1331	45
54	2801	1370	77
55	2799	1409	51
56	2804	1450	38
57	2759	1098	12
58	2762	1138	87
59	2762	1178	66
60	2761	1213	10
61	2763	1255	76
62	2761	1293	76
63	2763	1330	29
64	2761	1369	53
65	2759	1411	70
66	2761	1446	71
67	2762	617	64
68	2801	1507	78
69	2800	1548	50
70	2801	1581	42
71	2801	1619	52
72	2799	1656	43
73	2800	1698	45
74	2800	1738	6
75	2800	1781	36
76	2799	1820	66
77	2800	1856	83
78	2760	1506	13
79	2760	1543	43
80	2763	1586	33
81	2761	1621	25
82	2761	1659	67
83	2761	1698	7
84	2762	1737	64
85	2761	1775	81
86	2762	1821	18
87	2762	1853	89
88	2800	2067	47
89	2798	2102	54
90	2799	2143	94
91	2801	2183	35
92	2800	2221	56
93	2801	2262	93
94	2800	2299	40
95	2800	2337	46
96	2801	2376	86
97	2800	2414	13
98	2760	2066	67
99	2760	2105	92
100	2761	2144	32
101	2761	2184	93
102	2763	2222	5
103	2760	2259	23
104	2761	2297	15
105	2760	2338	28
106	2761	2372	46
107	2800	2411	59
108	2800	2491	71
109	2772	2512	38
110	2732	2491	77
111	2788	2167	24
112	2762	2676	40
113	2732	2618	92
114	2761	2903	23
115	2761	2983	8
116	2799	3041	96
117	2800	3083	89
118	2799	3117	96
119	2799	3085	6
120	2799	3195	5
121	2798	3234	42
122	2799	3274	77
123	2798	3312	39
124	2798	3350	66
125	2797	3389	84
126	2799	3427	83
127	2800	3464	29
128	2864	3474	82
129	2865	3515	98
130	2798	3563	61
131	2798	3796	49
132	2797	3794	72
133	2698	39	64
134	2697	116	79
135	2716	191	25
136	2696	540	1
137	2704	1437	73
138	2704	1583	34
139	2703	1680	94
140	2694	2221	69
141	2704	2317	23
142	2714	2345	100
143	2733	2374	59
144	2720	3100	91
145	2721	3147	92
146	2752	3198	56
147	2712	3194	74
148	2683	3196	47
149	2642	3195	69
150	2763	3292	42
151	2761	3332	31
152	2761	3369	49
153	2760	3409	50
154	2732	3467	96
155	2701	3621	78
156	2699	3852	78
157	2781	3940	89
158	2701	3940	51
159	2623	3945	86
160	2621	-5	50
161	2744	18	59
162	2649	25	68
163	2609	48	94
164	2659	94	52
165	2658	134	55
166	2659	171	6
167	2658	208	55
168	2657	248	65
169	2660	285	54
170	2659	325	81
171	2659	368	43
172	2545	92	4
173	2543	131	22
174	2543	170	53
175	2541	212	4
176	2538	248	11
177	2544	288	17
178	2541	246	15
179	2541	362	92
180	2571	270	62
181	2571	325	74
182	2485	36	36
183	2524	54	60
184	2494	249	39
185	2590	393	58
186	2641	411	82
187	2659	441	60
188	2660	500	39
189	2660	538	40
190	2658	577	43
191	2659	618	88
192	2660	656	31
193	2661	701	42
194	2658	733	40
195	2659	772	8
196	2582	439	35
197	2592	521	15
198	2581	770	74
199	2543	497	69
200	2542	536	31
201	2543	579	53
202	2542	615	68
203	2542	657	27
204	2543	691	28
205	2543	734	75
206	2541	771	60
207	2542	808	46
208	2543	847	82
209	2540	877	60
210	2617	847	19
211	2620	916	95
212	2570	1004	87
213	2529	1003	10
214	2656	1042	11
215	2658	1082	81
216	2656	1118	91
217	2657	1159	44
218	2656	1200	31
219	2657	1236	8
220	2657	1272	40
221	2657	1314	86
222	2616	1137	40
223	2617	1195	73
224	2624	1273	51
225	2598	1314	26
226	2558	1214	30
227	2542	1040	78
228	2540	1079	24
229	2541	1121	79
230	2540	1156	58
231	2539	1195	90
232	2539	1231	47
233	2540	1272	56
234	2540	1311	46
235	2501	1342	41
236	2540	1358	38
237	2540	1398	79
238	2512	1436	30
239	2628	1435	70
240	2643	1484	13
241	2667	1524	19
242	2666	1560	57
243	2665	1601	99
244	2667	1640	51
245	2665	1679	11
246	2665	1728	50
247	2666	1755	81
248	2666	1794	52
249	2665	1836	34
250	2667	1873	80
251	2646	1486	63
252	2617	1525	47
253	2628	1715	33
254	2618	1756	12
255	2548	1524	70
256	2550	1561	35
257	2552	1600	27
258	2550	1640	26
259	2550	1677	9
260	2551	1717	37
261	2551	1756	3
262	2551	1798	50
263	2549	1832	71
264	2550	1874	21
265	2579	1893	87
266	2665	1935	95
267	2647	1991	30
268	2667	2025	100
269	2667	2064	85
270	2667	2104	54
271	2665	2139	56
272	2666	2178	76
273	2665	2220	68
274	2665	2254	12
275	2548	2258	28
276	2549	2218	22
277	2549	2180	28
278	2550	2141	54
279	2549	2103	45
280	2548	2064	96
281	2548	2025	18
282	2538	1987	92
283	2590	2333	8
284	2666	2328	34
285	2667	2394	47
286	2667	2432	75
287	2666	2470	78
288	2666	2508	63
289	2665	2550	5
290	2665	2586	78
291	2666	2626	53
292	2549	2393	60
293	2548	2431	3
294	2549	2473	27
295	2548	2512	28
296	2546	2548	21
297	2550	2591	8
298	2548	2627	68
299	2687	2716	86
300	2686	2868	98
301	2647	2711	65
302	2645	2866	45
303	2643	2906	47
304	2645	2984	95
305	2604	2905	14
306	2605	3109	76
307	2605	3136	57
308	2606	3290	80
309	2606	3333	34
310	2606	3368	10
311	2604	3410	20
312	2568	3037	82
313	2568	3079	98
314	2568	3119	35
315	2567	3157	8
316	2566	3195	55
317	2567	3234	7
318	2568	3274	64
319	2566	3310	87
320	2568	3350	11
321	2566	3386	57
322	2567	3428	49
323	2568	3466	38
324	2352	89	95
325	2348	125	11
326	2349	168	85
327	2349	208	40
328	2350	244	75
329	2349	286	21
330	2350	322	48
331	2400	333	49
332	2466	323	54
333	2406	207	15
334	2378	168	62
335	2417	130	52
336	2397	70	62
337	2468	283	41
338	2467	242	70
339	2494	245	7
340	2467	208	77
341	2462	168	59
342	2465	129	86
343	2465	90	52
344	2421	383	38
345	2377	449	78
346	2458	392	14
347	2468	467	75
348	2507	561	36
349	2351	534	22
350	2352	574	35
351	2350	614	54
352	2350	652	47
353	2352	691	13
354	2350	727	88
355	2351	768	43
356	2467	765	84
357	2466	729	88
358	2466	692	66
359	2466	649	49
360	2466	613	66
361	2466	574	64
362	2467	540	24
363	2513	572	34
364	2350	827	67
365	2418	836	15
366	2438	875	18
367	2475	833	75
368	2495	941	21
369	2388	942	69
370	2348	940	54
371	2475	1008	14
372	2466	1038	76
373	2351	1040	21
374	2350	1075	3
375	2349	1114	46
376	2347	1152	75
377	2349	1192	96
378	2349	1232	65
379	2348	1270	1
380	2348	1307	46
381	2388	1209	50
382	2408	1116	57
383	2468	1310	99
384	2466	1269	63
385	2465	1232	15
386	2484	1212	25
387	2465	1190	93
388	2465	1158	12
389	2462	1112	9
390	2466	1075	37
391	2367	1354	28
392	2380	1433	76
393	2338	1452	51
394	2415	1482	47
395	2436	1431	42
396	2425	1394	45
397	2426	1358	74
398	2465	1471	76
399	2473	1373	52
400	2321	1522	80
401	2320	1557	23
402	2320	1598	82
403	2318	1638	89
404	2320	1673	55
405	2321	1717	59
406	2322	1755	69
407	2321	1794	9
408	2321	1832	7
409	2322	1872	37
410	2349	1831	23
411	2377	1870	25
412	2378	1830	2
413	2378	1789	9
414	2378	1752	53
415	2378	1714	37
416	2377	1679	10
417	2376	1637	42
418	2378	1597	84
419	2378	1558	92
420	2380	1524	76
421	2525	1880	10
422	2493	1868	75
423	2495	1830	16
424	2493	1791	75
425	2492	1753	65
426	2493	1714	74
427	2491	1676	17
428	2492	1634	40
429	2493	1601	82
430	2494	1559	84
431	2494	1349	46
432	2378	2022	2
433	2379	2059	33
434	2377	2099	17
435	2379	2137	97
436	2377	2177	93
437	2379	2218	1
438	2379	2254	3
439	2454	2041	43
440	2474	1953	64
441	2495	2288	86
442	2493	2255	96
443	2494	2218	32
444	2491	2176	90
445	2492	2138	69
446	2493	2100	96
447	2493	2061	17
448	2495	2022	38
449	2377	2388	11
450	2378	2425	24
451	2377	2468	91
452	2376	2501	42
453	2377	2547	79
454	2379	2586	14
455	2378	2624	11
456	2378	2663	97
457	2406	2428	95
458	2437	2505	60
459	2448	2624	54
460	2495	2665	43
461	2495	2623	89
462	2495	2585	75
463	2493	2547	54
464	2493	2506	49
465	2495	2468	69
466	2494	2429	16
467	2494	2391	78
468	2379	2749	81
469	2377	2786	31
470	2377	2825	49
471	2375	2865	45
472	2378	2903	44
473	2376	2943	34
474	2377	2981	57
475	2446	2769	22
476	2436	2729	43
477	2529	2979	24
478	2515	3013	77
479	2494	2982	15
480	2491	2942	82
481	2491	2902	40
482	2492	2865	73
483	2492	2825	24
484	2493	2786	27
485	2493	2748	28
486	2531	2827	70
487	2531	2787	10
488	2530	2710	96
489	2376	3057	67
490	2376	3095	61
491	2376	3136	90
492	2378	3175	60
493	2377	3212	34
494	2377	3251	97
495	2375	3288	67
496	2377	3328	72
497	2378	3368	6
498	2376	3408	77
499	2424	3426	87
500	2454	3444	57
501	2494	3403	21
502	2495	3368	96
503	2493	3326	79
504	2492	3286	65
505	2493	3248	77
506	2493	3210	45
507	2493	3170	74
508	2492	3127	1
509	2494	3095	22
510	2495	3059	5
511	2390	3550	38
512	2385	3695	73
513	2504	3813	27
514	2268	3813	92
515	2150	91	100
516	2150	129	51
517	2149	165	89
518	2147	209	10
519	2149	244	40
520	2147	282	57
521	2149	323	15
522	2179	243	38
523	2191	66	13
524	2228	76	37
525	2227	108	10
526	2218	303	52
527	2240	341	74
528	2267	325	78
529	2268	282	57
530	2326	306	28
531	2267	243	93
532	2302	223	95
533	2265	203	32
534	2305	188	23
535	2264	167	36
536	2267	127	40
537	2265	87	19
538	2303	72	5
539	2111	428	81
540	2111	466	48
541	2187	426	33
542	2246	486	7
543	2266	464	91
544	2317	468	37
545	2229	406	35
546	2150	534	12
547	2149	573	14
548	2147	611	82
549	2144	651	19
550	2150	691	18
551	2148	728	27
552	2148	848	89
553	2128	807	42
554	2178	611	47
555	2188	642	54
556	2225	515	28
557	2225	555	27
558	2233	728	59
559	2303	767	95
560	2267	767	73
561	2266	730	72
562	2303	709	32
563	2265	689	80
564	2312	650	85
565	2266	651	78
566	2267	615	54
567	2262	571	74
568	2266	534	9
569	2130	803	33
570	2167	848	76
571	2245	843	51
572	2286	885	12
573	2167	921	15
574	2136	939	59
575	2149	1031	74
576	2148	1063	20
577	2147	1107	36
578	2149	1143	30
579	2145	1183	36
580	2146	1219	60
581	2146	1261	25
582	2148	1300	99
583	2148	1333	24
584	2146	1377	26
585	2195	1378	92
586	2193	1221	82
587	2206	1181	62
588	2186	1142	63
589	2206	1106	59
590	2224	1066	19
591	2265	1375	46
592	2265	1339	87
593	2261	1296	9
594	2263	1260	53
595	2264	1220	8
596	2291	1221	53
597	2263	1182	33
598	2281	1164	2
599	2264	1143	74
600	2263	1104	37
601	2261	1065	30
602	2261	1026	38
603	2253	1463	35
604	2173	1462	29
605	2146	1520	50
606	2145	1558	90
607	2147	1597	18
608	2146	1635	100
609	2144	1677	6
610	2147	1716	45
611	2145	1753	55
612	2144	1793	68
613	2147	1831	7
614	2146	1870	4
615	2204	1868	50
616	2206	1830	97
617	2205	1789	13
618	2206	1753	38
619	2205	1714	29
620	2202	1673	51
621	2204	1635	29
622	2204	1596	22
623	2203	1557	6
624	2203	1521	73
625	2251	1813	30
626	2240	1558	24
627	2252	1521	88
628	2308	1966	40
629	2310	1927	20
630	2261	1922	99
631	2194	1921	59
632	2134	1951	14
633	2148	2080	93
634	2146	2122	68
635	2143	2161	34
636	2144	2200	74
637	2148	2240	72
638	2146	2278	79
639	2145	2316	52
640	2145	2354	11
641	2146	2393	25
642	2146	2434	22
643	2186	2136	66
644	2244	2450	36
645	2204	2430	85
646	2203	2391	74
647	2204	2273	51
648	2205	2314	90
649	2199	2273	57
650	2204	2239	44
651	2230	2254	62
652	2205	2197	77
653	2203	2158	17
654	2205	2602	4
655	2205	2083	52
656	2241	2062	48
657	2204	2043	1
658	2203	2014	12
659	2254	2026	77
660	2328	2024	95
661	2319	2080	24
662	2319	2122	20
663	2318	2165	3
664	2287	2169	57
665	2319	2202	48
666	2290	2230	81
667	2319	2238	96
668	2319	2277	73
669	2291	2297	8
670	2320	2316	91
671	2321	2355	68
672	2319	2396	14
673	2319	2430	82
674	2348	2396	28
675	2167	2537	54
676	2164	2576	31
677	2163	2624	36
678	2136	2641	96
679	2115	2584	40
680	2107	2661	17
681	2106	2701	85
682	2107	2740	30
683	2105	2775	82
684	2106	2819	63
685	2104	2855	59
686	2105	2894	56
687	2105	2933	24
688	2106	2992	50
689	2175	3029	30
690	2222	2990	18
691	2187	2932	42
692	2183	2893	72
693	2185	2853	43
694	2209	2813	33
695	2186	2814	87
696	2182	2778	10
697	2185	2738	55
698	2184	2700	54
699	2183	2661	48
700	2212	2699	89
701	2252	2739	3
702	2300	2991	73
703	2300	2964	86
704	2301	2933	65
705	2301	2896	100
706	2298	2854	31
707	2299	2816	75
708	2297	2776	32
709	2296	2738	54
710	2299	2700	10
711	2300	2660	93
712	2337	2703	86
713	2336	2663	60
714	2338	2620	60
715	2290	2585	25
716	2106	3087	14
717	2075	3104	11
718	2108	3123	50
719	2107	3165	57
720	2105	3201	16
721	2107	3242	59
722	2106	3277	77
723	2103	3318	68
724	2106	3359	76
725	2106	3416	7
726	2185	3356	87
727	2185	3319	82
728	2184	3277	9
729	2181	3242	12
730	2184	3201	39
731	2184	3163	32
732	2183	3122	93
733	2182	3081	23
734	2222	3222	26
735	2279	3184	25
736	2328	3077	9
737	2298	3084	43
738	2299	3125	68
739	2298	3165	5
740	2296	3205	61
741	2299	3239	29
742	2295	3280	9
743	2300	3324	13
744	2299	3355	61
745	2339	3260	50
746	2327	3416	33
747	2062	3604	3
748	2106	3606	74
749	2167	3618	54
750	2106	3643	47
751	2104	3684	20
752	2105	3723	2
753	2105	3764	37
754	2103	3801	58
755	2106	3841	87
756	2106	3884	79
757	2166	3850	27
758	2096	71	81
759	2097	227	93
760	2058	86	82
761	2061	131	93
762	2060	170	14
763	2058	209	1
764	2058	248	3
765	2057	285	94
766	2058	328	33
767	1991	187	2
768	1979	325	84
769	1937	53	11
770	1942	90	42
771	1944	130	95
772	1943	167	17
773	1942	209	68
774	1941	246	69
775	1941	285	37
776	1939	325	34
777	2037	410	63
778	2010	488	81
779	2062	538	11
780	2060	574	31
781	2059	615	86
782	2059	651	86
783	2060	691	45
784	2059	732	96
785	2059	772	89
786	2050	812	100
787	1989	733	7
788	1990	576	69
789	1941	536	39
790	1942	572	68
791	1944	614	88
792	1943	654	48
793	1943	693	72
794	1943	729	33
795	1941	771	90
796	1951	896	45
797	2058	981	59
798	2070	1031	94
799	2069	1069	28
800	2067	1107	23
801	2068	1142	48
802	2068	1182	26
803	2068	1223	82
804	2068	1259	39
805	2074	1299	99
806	2107	1327	13
807	2067	1365	33
808	2028	1318	88
809	2038	1281	11
810	2021	1243	73
811	2000	1205	90
812	1951	1257	81
813	1950	1223	33
814	1951	1183	64
815	1951	1146	23
816	1950	1111	42
817	1950	1068	38
818	1954	1028	39
819	1954	972	19
820	1951	893	74
821	1971	1087	67
822	2009	1032	47
823	1893	1348	63
824	1912	1409	25
825	1941	1427	67
826	2009	1433	12
827	2000	1387	13
828	2028	1526	53
829	2029	1561	54
830	2029	1599	62
831	2029	1638	12
832	2029	1680	50
833	2028	1719	99
834	2029	1755	55
835	2028	1795	78
836	2028	1833	76
837	2029	1872	42
838	2076	1813	89
839	2097	1853	92
840	2048	1950	69
841	2018	1930	47
842	1971	1521	9
843	1971	1560	63
844	1971	1600	64
845	1970	1643	71
846	1969	1677	56
847	1971	1717	79
848	1970	1754	12
849	1969	1795	16
850	1967	1351	84
851	1969	1871	28
852	2065	2026	66
853	2107	2095	92
854	2085	2141	6
855	2095	2229	13
856	2112	2317	84
857	2009	2024	97
858	2030	2084	70
859	2029	2123	67
860	2029	2162	5
861	2028	2202	99
862	2028	2239	9
863	2029	2275	62
864	2027	2317	17
865	2027	2354	46
866	2027	2393	74
867	2028	2433	78
868	1971	2082	89
869	1970	2120	38
870	1970	2161	90
871	1972	2201	12
872	1970	2239	80
873	1969	2278	26
874	1971	2317	59
875	1970	2355	32
876	1970	2392	96
877	1969	2433	66
878	1970	2469	27
879	1949	2553	37
880	2009	2576	2
881	2009	2622	96
882	2029	2665	75
883	1982	2663	86
884	1986	2707	56
885	1988	2743	12
886	1988	2777	18
887	1989	2818	63
888	1988	2857	24
889	1988	2893	23
890	1988	2934	95
891	1912	2664	60
892	1912	2703	86
893	1911	2738	6
894	1911	2779	22
895	1913	2817	46
896	1911	2858	99
897	1912	2895	15
898	1910	2932	86
899	2026	2992	23
900	1929	3049	12
901	1990	3088	46
902	1990	3125	31
903	1989	3165	46
904	1988	3203	80
905	1990	3244	44
906	1986	3280	61
907	1989	3317	10
908	1989	3357	100
909	1989	3419	75
910	2036	3318	88
911	2045	3389	12
912	1911	3416	68
913	1909	3357	84
914	1911	3318	18
915	1911	3278	88
916	1911	3240	70
917	1911	3201	53
918	1910	3165	35
919	1912	3124	1
920	1912	3086	39
921	1930	3049	39
922	2028	2992	40
923	1988	3606	47
924	1988	3646	97
925	1989	3685	8
926	1986	3724	37
927	1986	3766	31
928	1987	3803	66
929	1986	3841	65
930	1984	3880	3
931	2015	3802	1
932	2036	3841	90
933	2015	3881	86
934	1949	3605	41
935	1949	3647	49
936	1949	3811	95
937	1949	3888	1
938	1890	3540	19
939	1911	3570	28
940	1911	3608	14
941	1910	3649	7
942	1910	3686	3
943	1911	3726	22
944	1911	3760	26
945	1911	3802	62
946	1911	3841	92
947	1911	3880	15
948	1893	3820	7
949	1870	3782	58
950	1884	90	31
951	1886	245	78
952	1896	365	79
953	1846	91	19
954	1848	132	61
955	1846	168	97
956	1848	211	72
957	1848	249	60
958	1848	286	15
959	1850	327	82
960	1789	73	49
961	1781	128	64
962	1809	182	66
963	1819	214	47
964	1770	360	43
965	1761	449	62
966	1808	453	3
967	1837	438	3
968	1903	516	35
969	1857	540	69
970	1855	576	40
971	1855	615	28
972	1854	652	13
973	1886	697	61
974	1859	694	57
975	1856	734	76
976	1825	731	51
977	1856	770	49
978	1913	770	38
979	1894	829	91
980	1845	826	7
981	1847	904	27
982	1863	981	65
983	1866	1020	11
984	1866	1055	22
985	1866	1099	34
986	1865	1137	48
987	1868	1174	26
988	1866	1215	96
989	1866	1251	2
990	1866	1292	27
991	1863	1329	23
992	1864	1369	100
993	1862	1402	85
994	1836	1214	23
995	1749	979	42
996	1749	1018	67
997	1750	1059	70
998	1749	1098	17
999	1749	1138	89
1000	1748	1175	46
1001	1748	1213	25
1002	1750	1250	97
1003	1749	1293	67
1004	1717	1291	48
1005	1749	1330	57
1006	1750	1371	50
1007	1751	1409	17
1008	1697	1389	13
1009	1920	1563	69
1010	1933	1642	70
1011	1892	1636	87
1012	1913	1787	89
1013	1854	1523	17
1014	1856	1562	10
1015	1855	1600	44
1016	1853	1641	38
1017	1855	1678	32
1018	1855	1717	24
1019	1856	1756	97
1020	1855	1794	93
1021	1852	1834	2
1022	1853	1952	65
1023	1930	2024	81
1024	1929	2236	34
1025	1942	2277	35
1026	1921	2314	80
1027	1923	2382	18
1028	1932	2430	70
1029	1884	2451	58
1030	1853	2023	32
1031	1855	2083	18
1032	1856	2123	22
1033	1854	2160	51
1034	1854	2201	97
1035	1855	2236	13
1036	1853	2277	53
1037	1856	2317	39
1038	1855	2356	28
1039	1855	2394	19
1040	1852	2431	2
1041	1911	2528	18
1042	1871	2526	32
1043	1854	2645	57
1044	1851	2990	15
1045	1832	3298	70
1046	1832	3339	61
1047	1692	32	20
1048	1732	91	88
1049	1733	127	65
1050	1710	233	82
1051	1735	170	87
1052	1731	209	95
1053	1731	251	80
1054	1731	288	42
1055	1731	325	41
1056	1681	213	25
1057	1682	249	65
1058	1645	91	56
1059	1645	129	46
1060	1643	167	100
1061	1642	208	67
1062	1643	249	83
1063	1643	285	32
1064	1641	322	60
1065	1732	449	69
1066	1652	450	84
1067	1736	537	49
1068	1741	575	62
1069	1741	614	4
1070	1741	658	98
1071	1710	655	15
1072	1740	692	8
1073	1741	730	32
1074	1742	766	39
1075	1651	534	98
1076	1652	575	87
1077	1652	614	20
1078	1651	653	59
1079	1653	692	44
1080	1654	730	65
1081	1651	770	90
1082	1650	856	48
1083	1785	2005	84
1084	1788	2045	14
1085	1787	2085	77
1086	1788	2120	82
1087	1788	2160	55
1088	1786	2200	71
1089	1786	2238	97
1090	1787	2274	60
1091	1787	2316	52
1092	1758	2317	49
1093	1788	2355	20
1094	1757	2374	59
1095	1789	2368	100
1096	1785	2431	76
1097	1777	2471	6
1098	1727	1947	67
1099	1730	1986	40
1100	1706	2082	60
1101	1709	2429	71
1102	1668	2003	77
1103	1668	2044	73
1104	1668	2083	9
1105	1669	2121	52
1106	1669	2161	3
1107	1670	2200	57
1108	1670	2237	50
1109	1669	2274	54
1110	1669	2317	34
1111	1669	2356	20
1112	1669	2391	15
1113	1666	2430	69
1114	1797	2529	50
1115	1745	2568	27
1116	1680	2515	2
1117	1630	2530	56
1118	1796	2665	32
1119	1795	2703	71
1120	1798	2742	33
1121	1797	2778	55
1122	1796	2816	78
1123	1797	2857	69
1124	1795	2892	49
1125	1797	2934	1
1126	1736	2719	27
1127	1739	2779	57
1128	1728	2859	51
1129	1729	2913	26
1130	1736	2963	25
1131	1697	2664	62
1132	1699	2702	36
1133	1701	2742	83
1134	1699	2778	3
1135	1699	2816	56
1136	1699	2856	11
1137	1698	2894	21
1138	1695	2937	41
1139	1795	3088	60
1140	1795	3129	97
1141	1797	3163	48
1142	1797	3203	66
1143	1796	3243	47
1144	1795	3277	11
1145	1795	3320	36
1146	1796	3358	15
1147	1717	3020	65
1148	1739	3184	54
1149	1696	3041	5
1150	1699	3069	88
1151	1700	3109	100
1152	1700	3143	96
1153	1699	3183	37
1154	1701	3223	90
1155	1699	3260	16
1156	1678	3280	12
1157	1700	3302	46
1158	1701	3339	44
1159	1698	3379	1
1160	1697	3418	19
1161	1794	3571	98
1162	1795	3609	3
1163	1796	3647	39
1164	1795	3686	88
1165	1795	3726	2
1166	1795	3764	64
1167	1794	3802	89
1168	1795	3840	44
1169	1796	3881	23
1170	1697	3568	4
1171	1698	3605	48
1172	1698	3649	54
1173	1698	3685	66
1174	1699	3723	50
1175	1696	3765	22
1176	1699	3798	57
1177	1697	3847	98
1178	1695	3877	39
1179	1705	3918	62
1180	1443	88	8
1181	1442	127	64
1182	1440	167	63
1183	1441	204	82
1184	1442	242	70
1185	1442	282	81
1186	1440	321	47
1187	1482	302	87
1188	1480	262	90
1189	1481	223	16
1190	1477	68	13
1191	1529	86	61
1192	1528	126	45
1193	1531	167	33
1194	1526	204	80
1195	1530	245	74
1196	1528	283	61
1197	1530	323	48
1198	1548	366	67
1199	1564	331	63
1200	1415	458	33
1201	1402	574	82
1202	1412	610	41
1203	1453	455	4
1204	1452	492	66
1205	1452	534	97
1206	1453	572	2
1207	1451	612	5
1208	1451	652	9
1209	1454	687	32
1210	1453	731	87
1211	1451	765	29
1212	1452	805	79
1213	1452	844	29
1214	1452	880	88
1215	1542	891	59
1216	1537	809	60
1217	1540	767	93
1218	1542	727	1
1219	1615	765	27
1220	1576	708	78
1221	1539	689	89
1222	1533	647	95
1223	1540	610	29
1224	1539	573	85
1225	1538	534	42
1226	1518	455	36
1227	1412	1054	52
1228	1432	1073	75
1229	1452	1056	59
1230	1449	1093	100
1231	1450	1132	32
1232	1449	1172	94
1233	1454	1210	58
1234	1452	1252	39
1235	1452	1289	98
1236	1451	1324	81
1237	1450	1366	80
1238	1452	1406	87
1239	1509	1206	52
1240	1529	1291	55
1241	1570	1055	20
1242	1570	1092	22
1243	1567	1131	23
1244	1567	1171	22
1245	1566	1209	84
1246	1567	1251	48
1247	1566	1290	97
1248	1567	1322	94
1249	1565	1370	55
1250	1567	1405	37
1251	1586	1232	60
1252	1605	1190	50
1253	1663	1171	71
1254	1660	1089	61
1255	1663	1056	92
1256	1598	1995	86
1257	1490	2080	79
1258	1490	2121	56
1259	1487	2157	36
1260	1487	2198	22
1261	1489	2235	33
1262	1487	2274	8
1263	1489	2314	46
1264	1487	2351	71
1265	1492	2393	84
1266	1488	2429	51
1267	1517	2196	76
1268	1557	2215	59
1269	1556	2078	78
1270	1602	2079	88
1271	1604	2118	18
1272	1604	2074	39
1273	1605	2199	52
1274	1601	2237	45
1275	1604	2272	16
1276	1603	2316	39
1277	1604	2355	70
1278	1604	2391	42
1279	1603	2427	97
1280	1477	2491	97
1281	1458	2546	18
1282	1468	2613	11
1283	1494	2552	53
1284	1548	2553	84
1285	1594	2544	17
1286	1605	2494	3
1287	1488	2659	71
1288	1486	2703	94
1289	1488	2735	68
1290	1488	2776	56
1291	1457	2775	7
1292	1489	2813	74
1293	1488	2855	20
1294	1457	2890	83
1295	1488	2893	86
1296	1487	2932	33
1297	1544	2775	98
1298	1547	2699	96
1299	1535	2668	30
1300	1583	2660	4
1301	1585	2701	14
1302	1585	2738	74
1303	1584	2777	20
1304	1586	2815	100
1305	1581	2852	86
1306	1586	2894	23
1307	1583	2933	60
1308	1485	3010	36
1309	1439	3046	50
1310	1448	3124	86
1311	1488	3085	19
1312	1493	3124	15
1313	1489	3162	75
1314	1485	3201	73
1315	1492	3244	27
1316	1487	3279	74
1317	1490	3316	7
1318	1488	3357	34
1319	1583	3065	14
1320	1624	3107	40
1321	1588	3102	39
1322	1585	3146	19
1323	1583	3182	53
1324	1601	3205	11
1325	1584	3223	26
1326	1584	3258	31
1327	1584	3300	95
1328	1586	3341	74
1329	1582	3373	42
1330	1584	3417	98
1331	1613	3420	69
1332	1632	3435	60
1333	1640	3473	25
1334	1671	3463	96
1335	1499	3493	37
1336	1487	3528	68
1337	1488	3570	56
1338	1486	3596	89
1339	1487	3643	50
1340	1487	3685	67
1341	1487	3722	72
1342	1488	3763	53
1343	1487	3800	90
1344	1488	3841	57
1345	1488	3878	52
1346	1547	3703	18
1347	1543	3742	77
1348	1582	3572	82
1349	1583	3604	78
1350	1584	3648	13
1351	1584	3686	1
1352	1580	3722	84
1353	1584	3764	57
1354	1583	3801	61
1355	1584	3842	82
1356	1586	3878	57
1357	1624	3861	46
1358	1633	3901	18
1359	1661	3889	14
1360	1622	3648	82
1361	1631	3607	67
1362	1651	3568	78
1363	1187	114	81
1364	1225	83	47
1365	1253	91	76
1366	1283	86	58
1367	1251	128	51
1368	1249	163	34
1369	1252	206	65
1370	1230	225	46
1371	1250	245	35
1372	1287	243	58
1373	1254	283	76
1374	1254	324	94
1375	1292	324	99
1376	1319	48	22
1377	1329	83	51
1378	1327	126	31
1379	1329	166	49
1380	1329	204	53
1381	1330	244	52
1382	1329	284	53
1383	1329	321	7
1384	1396	68	81
1385	1417	128	99
1386	1415	167	39
1387	1405	211	9
1388	1366	265	76
1389	1376	333	65
1390	1415	327	88
1391	1260	533	83
1392	1260	571	3
1393	1258	610	58
1394	1259	648	96
1395	1257	689	66
1396	1259	727	97
1397	1259	765	16
1398	1258	804	81
1399	1258	864	100
1400	1297	611	45
1401	1298	574	58
1402	1298	531	30
1403	1339	453	71
1404	1337	493	46
1405	1334	533	23
1406	1335	573	82
1407	1336	612	33
1408	1336	650	8
1409	1336	689	47
1410	1337	733	38
1411	1336	768	33
1412	1335	803	40
1413	1335	844	75
1414	1333	885	17
1415	1384	806	4
1416	1279	990	41
1417	1279	1062	8
1418	1236	1135	72
1419	1239	1174	3
1420	1238	1210	44
1421	1239	1250	17
1422	1239	1288	4
1423	1239	1329	1
1424	1238	1364	80
1425	1238	1408	73
1426	1208	1406	6
1427	1238	1444	39
1428	1277	1193	49
1429	1315	1152	20
1430	1296	1319	37
1431	1357	1068	56
1432	1356	1130	79
1433	1356	1172	45
1434	1401	976	14
1435	1395	1192	97
1436	1359	1214	79
1437	1375	1231	95
1438	1357	1251	36
1439	1354	1288	10
1440	1353	1326	30
1441	1357	1368	48
1442	1356	1406	99
1443	1051	88	33
1444	1047	125	69
1445	1049	170	14
1446	1044	206	18
1447	1046	246	34
1448	1048	280	38
1449	1046	322	68
1450	1099	334	80
1451	1106	127	7
1452	1096	95	44
1453	1136	86	100
1454	1134	128	15
1455	1132	162	69
1456	1134	204	9
1457	1135	247	46
1458	1135	280	71
1459	1136	322	29
1460	1153	387	53
1461	1182	339	48
1462	1232	395	80
1463	1036	456	20
1464	1090	425	70
1465	1162	465	48
1466	1233	507	1
1467	1047	534	34
1468	1049	572	46
1469	1045	608	30
1470	1046	650	33
1471	1046	689	40
1472	1046	730	36
1473	1044	763	38
1474	1048	805	73
1475	1047	847	3
1476	1047	887	77
1477	1105	805	25
1478	1092	764	55
1479	1074	727	91
1480	1087	613	2
1481	1086	533	68
1482	1128	633	20
1483	1142	529	15
1484	1144	573	6
1485	1142	610	93
1486	1143	650	83
1487	1146	690	47
1488	1142	729	82
1489	1141	768	76
1490	1142	804	16
1491	1185	592	44
1492	1221	648	68
1493	1218	861	84
1494	1183	863	89
1495	1094	900	60
1496	1085	928	44
1497	1029	942	90
1498	1027	998	32
1499	1144	1009	13
1500	1174	996	77
1501	1202	1000	55
1502	1174	942	28
1503	998	1066	35
1504	998	1104	29
1505	995	1145	42
1506	999	1181	20
1507	997	1222	41
1508	996	1261	12
1509	997	1298	52
1510	998	1339	12
1511	996	1393	76
1512	1055	1431	23
1513	1093	1452	2
1514	1095	1424	84
1515	1055	1400	33
1516	1054	1363	65
1517	1083	1384	68
1518	1094	1355	63
1519	1053	1325	27
1520	1053	1284	50
1521	1056	1249	7
1522	1058	1210	71
1523	1057	1172	72
1524	1058	1136	93
1525	1059	1092	100
1526	1048	1056	17
1527	1078	1154	36
1528	1102	1171	23
1529	1171	1055	71
1530	1173	1093	82
1531	1172	1135	80
1532	1137	1134	13
1533	1174	1179	18
1534	1172	1212	30
1535	1170	1251	37
1536	1152	1270	75
1537	1172	1292	50
1538	1172	1330	69
1539	1171	1368	24
1540	1170	1408	62
1541	784	30	96
1542	806	107	54
1543	842	85	48
1544	844	130	86
1545	843	166	68
1546	844	206	95
1547	843	245	13
1548	845	282	32
1549	843	322	17
1550	843	361	85
1551	882	166	32
1552	884	88	59
1553	930	85	83
1554	933	127	96
1555	932	163	48
1556	931	205	74
1557	931	246	57
1558	904	264	42
1559	929	286	76
1560	933	321	52
1561	930	370	55
1562	991	165	92
1563	826	440	29
1564	965	459	6
1565	581	79	56
1566	642	90	34
1567	642	128	16
1568	637	164	28
1569	642	208	64
1570	641	248	51
1571	641	285	11
1572	642	323	59
1573	640	361	75
1574	671	360	69
1575	681	164	65
1576	680	84	32
1577	710	437	5
1578	730	359	45
1579	732	321	89
1580	767	323	97
1581	726	287	89
1582	727	244	69
1583	726	117	15
1584	729	166	11
1585	729	130	56
1586	728	86	90
1587	805	594	21
1588	782	653	97
1589	842	631	70
1590	855	706	60
1591	872	799	99
1592	845	826	72
1593	843	864	87
1594	890	848	37
1595	889	883	33
1596	950	919	16
1597	932	883	27
1598	929	846	80
1599	930	804	4
1600	925	765	42
1601	933	726	19
1602	928	689	63
1603	958	690	75
1604	932	651	47
1605	929	612	3
1606	931	570	24
1607	929	535	81
1608	1001	514	63
1609	573	325	89
1610	611	474	95
1611	610	503	7
1612	601	575	58
1613	654	571	86
1614	640	648	51
1615	642	688	23
1616	638	728	68
1617	640	766	51
1618	641	805	49
1619	640	842	54
1620	641	883	91
1621	689	890	43
1622	689	843	14
1623	688	804	25
1624	729	863	45
1625	727	628	41
1626	896	1027	30
1627	881	971	11
1628	823	961	10
1629	746	958	45
1630	602	953	1
1631	599	1009	35
1632	828	1065	55
1633	803	1085	91
1634	824	1104	68
1635	825	1144	4
1636	823	1181	74
1637	823	1222	11
1638	825	1261	7
1639	821	1298	12
1640	822	1356	8
1641	843	1399	68
1642	882	1336	72
1643	881	1296	60
1644	882	1263	88
1645	880	1215	66
1646	880	1178	21
1647	882	1143	6
1648	882	1102	20
1649	879	1065	63
1650	750	1088	74
1651	753	1216	24
1652	754	1258	97
1653	773	1307	4
1654	747	1358	1
1655	710	1301	40
1656	709	1261	64
1657	707	1223	71
1658	706	1181	14
1659	707	1146	64
1660	704	1102	70
1661	708	1067	81
1662	638	1105	9
1663	639	1145	35
1664	641	1179	5
1665	637	1222	97
1666	638	1256	35
1667	639	1298	61
1668	640	1337	68
1669	640	1375	51
1670	641	1415	22
1671	602	1394	43
1672	638	1455	87
1673	1796	1505	94
1674	1756	1494	73
1675	1717	1484	23
1676	1679	1484	71
1677	1631	1473	76
1678	1533	1492	12
1679	1051	1481	38
1680	1002	1482	80
1681	811	1481	24
1682	1758	1524	96
1683	1719	1525	87
1684	1678	1524	61
1685	1640	1525	65
1686	1601	1522	31
1687	1563	1524	22
1688	1523	1524	13
1689	1485	1521	100
1690	1448	1524	69
1691	1408	1523	40
1692	1370	1524	15
1693	1332	1523	23
1694	1292	1524	98
1695	1252	1523	65
1696	1215	1523	18
1697	1175	1522	87
1698	1140	1523	95
1699	1097	1524	28
1700	1060	1522	96
1701	1022	1522	100
1702	982	1521	59
1703	947	1522	18
1704	905	1521	80
1705	865	1522	96
1706	829	1522	93
1707	790	1523	49
1708	752	1520	68
1709	713	1520	52
1710	675	1521	18
1711	634	1522	59
1712	597	1521	57
1713	557	1521	74
1714	1757	1647	52
1715	1759	1687	79
1716	1739	1773	40
1717	1720	1598	98
1718	1699	1744	7
1719	1679	1696	80
1720	1660	1559	100
1721	1640	1658	21
1722	1622	1820	76
1723	1606	1548	66
1724	1563	1551	77
1725	1574	1596	19
1726	1574	1763	18
1727	1548	1832	76
1728	1488	1562	15
1729	1451	1561	23
1730	1464	1610	84
1731	1488	1715	63
1732	1410	1627	8
1733	1411	1693	20
1734	1391	1776	91
1735	1370	1594	77
1736	1361	1626	27
1737	1334	1754	1
1738	1313	1783	96
1739	1274	1560	74
1740	1178	1813	45
1741	1140	1814	51
1742	1080	1693	10
1743	1042	1706	7
1744	1004	1636	17
1745	927	1618	57
1746	928	1667	41
1747	869	1743	83
1748	871	1842	70
1749	830	1765	28
1750	811	1642	75
1751	782	1630	89
1752	752	1611	29
1753	713	1570	68
1754	716	1842	50
1755	676	1751	15
1756	676	1821	95
1757	628	1762	70
1758	611	1716	37
1759	634	1596	57
1760	598	1607	8
1761	560	1646	32
1762	560	1685	39
1763	521	1784	74
1764	1756	1869	90
1765	1717	1869	1
1766	1680	1870	76
1767	1642	1871	27
1768	1602	1871	92
1769	1564	1871	13
1770	1526	1870	83
1771	1487	1871	9
1772	1448	1873	47
1773	1409	1871	83
1774	1369	1872	49
1775	1333	1872	48
1776	1294	1872	21
1777	1253	1873	90
1778	1218	1872	68
1779	1176	1870	96
1780	1139	1869	59
1781	1100	1872	34
1782	1061	1871	35
1783	1024	1869	54
1784	983	1871	28
1785	945	1870	11
1786	904	1870	72
1787	869	1870	43
1788	829	1870	19
1789	789	1872	67
1790	751	1867	70
1791	713	1872	56
1792	674	1868	73
1793	637	1869	50
1794	596	1871	95
1795	557	1872	82
1796	1642	1902	40
1797	1563	1899	82
1798	1456	1928	90
1799	1256	1899	37
1800	1234	1936	3
1801	1144	1909	4
1802	1102	1910	86
1803	1060	1909	52
1804	984	1898	30
1805	948	1909	18
1806	883	1927	75
1807	848	1907	46
1808	769	1906	85
1809	716	1899	28
1810	674	1908	36
1811	599	1908	29
1812	1475	1984	27
1813	1428	2007	52
1814	1429	2044	39
1815	1430	2082	39
1816	1430	2122	84
1817	1429	2160	60
1818	1429	2198	93
1819	1430	2238	50
1820	1429	2277	75
1821	1428	2314	85
1822	1432	2369	86
1823	1428	2391	85
1824	1429	2427	38
1825	1425	2493	85
1826	1380	2004	25
1827	1410	2102	19
1828	1380	2239	64
1829	1409	2370	59
1830	1352	2311	91
1831	1351	2340	39
1832	1351	2410	8
1833	1313	2156	90
1834	1270	2334	4
1835	1274	2490	77
1836	1379	2550	90
1837	1343	2547	79
1838	1362	2602	82
1839	1291	2527	63
1840	1265	2560	89
1841	1286	2635	95
1842	1363	2662	85
1843	1369	2701	40
1844	1394	2722	2
1845	1371	2740	74
1846	1370	2782	24
1847	1370	2817	12
1848	1369	2857	79
1849	1409	2886	33
1850	1369	2894	65
1851	1369	2935	19
1852	1273	2933	97
1853	1272	2893	62
1854	1273	2852	36
1855	1274	2814	19
1856	1275	2780	31
1857	1272	2737	50
1858	1271	2701	100
1859	1273	2664	69
1860	1234	2963	80
1861	1272	2961	85
1862	1390	2982	94
1863	1252	3025	29
1864	1343	3049	18
1865	1372	3087	20
1866	1372	3128	73
1867	1373	3166	36
1868	1371	3201	67
1869	1372	3240	42
1870	1369	3287	49
1871	1369	3317	89
1872	1374	3358	5
1873	1328	3417	59
1874	1294	3421	20
1875	1271	3357	99
1876	1276	3318	88
1877	1274	3278	45
1878	1233	3280	74
1879	1273	3239	32
1880	1275	3199	20
1881	1273	3164	49
1882	1276	3126	5
1883	1275	3085	11
1884	1224	3184	63
1885	1194	3144	86
1886	1320	3201	24
1887	1322	3260	99
1888	1392	3504	100
1889	1423	3532	96
1890	1399	3764	29
1891	1408	3862	55
1892	1439	3890	46
1893	1370	3528	98
1894	1370	3569	24
1895	1368	3612	98
1896	1369	3646	3
1897	1371	3683	85
1898	1370	3723	30
1899	1370	3765	34
1900	1367	3801	8
1901	1368	3840	76
1902	1367	3882	37
1903	1331	3871	13
1904	1332	3792	61
1905	1312	3586	88
1906	1274	3528	49
1907	1272	3567	22
1908	1272	3606	33
1909	1272	3648	31
1910	1273	3683	60
1911	1272	3722	56
1912	1273	3764	38
1913	1274	3808	1
1914	1274	3841	69
1915	1274	3879	1
1916	1234	2182	94
1917	1248	2241	99
1918	1226	2276	71
1919	1195	2006	93
1920	1198	2043	89
1921	1199	2079	43
1922	1197	2119	83
1923	1199	2162	22
1924	1196	2200	63
1925	1198	2238	96
1926	1195	2278	96
1927	1197	2317	38
1928	1198	2357	25
1929	1196	2392	45
1930	1197	2432	78
1931	1206	2489	87
1932	1157	2003	75
1933	1157	2042	67
1934	1158	2081	60
1935	1158	2118	18
1936	1159	2162	48
1937	1156	2200	26
1938	1156	2240	78
1939	1156	2278	11
1940	1159	2315	93
1941	1157	2351	58
1942	1160	2393	6
1943	1159	2431	8
1944	1155	2472	27
1945	1161	2509	19
1946	1119	2470	76
1947	1191	2576	79
1948	1119	2573	18
1949	1194	2740	35
1950	1155	2661	84
1951	1159	2700	36
1952	1159	2738	2
1953	1160	2776	23
1954	1161	2815	6
1955	1159	2854	90
1956	1157	2892	12
1957	1163	2929	94
1958	1108	2815	39
1959	1108	2912	71
1960	1082	2758	74
1961	1062	2657	36
1962	1063	2701	90
1963	1064	2739	55
1964	1062	2776	67
1965	1063	2816	93
1966	1061	2850	82
1967	1060	2894	21
1968	1059	2933	16
1969	1176	3028	86
1970	1158	3088	54
1971	1160	3126	40
1972	1155	3166	99
1973	1158	3201	69
1974	1159	3242	17
1975	1157	3282	71
1976	1158	3320	69
1977	1158	3356	73
1978	1109	3068	82
1979	1121	3105	79
1980	1097	3206	44
1981	1064	3088	49
1982	1062	3131	52
1983	1064	3162	25
1984	1062	3203	67
1985	1061	3241	32
1986	1059	3280	7
1987	1061	3320	94
1988	1062	3357	11
1989	1213	3625	100
1990	1224	3667	71
1991	1186	3743	75
1992	1204	3783	28
1993	1157	3530	94
1994	1158	3569	69
1995	1159	3611	81
1996	1160	3645	59
1997	1153	3686	53
1998	1158	3729	86
1999	1158	3765	66
2000	1156	3801	72
2001	1157	3843	55
2002	1157	3880	50
2003	1118	3501	69
2004	1118	3794	29
2005	1118	3870	32
2006	1059	3529	16
2007	1061	3568	94
2008	1063	3607	78
2009	1062	3647	38
2010	1061	3682	44
2011	1062	3730	17
2012	1059	3763	50
2013	1061	3801	16
2014	1059	3842	82
2015	1060	3880	52
2016	954	1976	71
2017	955	2023	46
2018	1083	2026	66
2019	1073	2061	15
2020	1012	2100	57
2021	1072	2198	6
2022	981	2279	56
2023	1050	2507	35
2024	964	2624	65
2025	1005	2681	100
2026	984	2719	91
2027	1031	3009	54
2028	1004	3059	41
2029	970	3018	67
2030	1003	3426	4
2031	968	3425	28
2032	928	2006	51
2033	928	2048	89
2034	928	2081	12
2035	927	2122	72
2036	927	2159	65
2037	928	2200	36
2038	925	2241	80
2039	927	2276	25
2040	926	2317	56
2041	928	2354	26
2042	926	2391	85
2043	929	2429	91
2044	926	2469	29
2045	924	2508	3
2046	886	2003	98
2047	889	2045	8
2048	888	2083	96
2049	888	2120	6
2050	889	2159	25
2051	887	2201	17
2052	886	2241	90
2053	890	2276	65
2054	886	2315	45
2055	888	2353	26
2056	888	2392	47
2057	886	2430	32
2058	887	2468	65
2059	889	2509	46
2060	910	2588	8
2061	947	2662	11
2062	869	2633	89
2063	947	2659	49
2064	946	2700	47
2065	946	2740	52
2066	946	2777	20
2067	947	2815	31
2068	945	2856	37
2069	947	2894	55
2070	944	2932	68
2071	847	2929	35
2072	848	2891	32
2073	850	2854	89
2074	847	2813	66
2075	848	2775	43
2076	847	2736	81
2077	849	2699	27
2078	849	2665	82
2079	863	2987	14
2080	867	3019	16
2081	944	3021	63
2082	941	3088	67
2083	944	3127	8
2084	945	3160	58
2085	945	3203	11
2086	943	3242	74
2087	945	3275	58
2088	946	3321	3
2089	945	3359	48
2090	849	3087	30
2091	849	3125	4
2092	850	3162	63
2093	848	3202	18
2094	850	3242	40
2095	850	3283	27
2096	853	3319	46
2097	938	3441	13
2098	910	3440	21
2099	943	3530	15
2100	947	3570	47
2101	943	3609	59
2102	946	3647	57
2103	947	3683	1
2104	947	3725	63
2105	947	3761	20
2106	946	3803	10
2107	946	3843	29
2108	946	3883	50
2109	904	3703	34
2110	928	3742	55
2111	904	3793	22
2112	895	3834	97
2113	897	3859	1
2114	867	3522	1
2115	848	3607	43
2116	848	3647	53
2117	849	3683	74
2118	848	3727	60
2119	852	3757	65
2120	850	3800	85
2121	849	3841	39
2122	850	3878	99
2123	826	3821	25
2124	811	3858	55
2125	694	1955	70
2126	824	1976	46
2127	804	2041	98
2128	793	2081	30
2129	762	2117	10
2130	803	2142	27
2131	750	2159	99
2132	773	2180	9
2133	861	2487	99
2134	831	2503	74
2135	842	2583	23
2136	759	2718	63
2137	791	2779	45
2138	780	2967	45
2139	829	3000	55
2140	808	3237	87
2141	819	3279	50
2142	760	3319	99
2143	780	3424	11
2144	808	3444	29
2145	785	3527	16
2146	780	3572	81
2147	748	3550	59
2148	750	3708	74
2149	655	1966	1
2150	656	2011	10
2151	655	2040	83
2152	656	2082	70
2153	658	2123	37
2154	656	2160	15
2155	656	2198	21
2156	658	2239	77
2157	657	2274	13
2158	657	2314	74
2159	657	2356	23
2160	657	2390	33
2161	654	2430	89
2162	655	2469	23
2163	656	2509	80
2164	599	2004	9
2165	597	2042	87
2166	598	2081	67
2167	596	2122	36
2168	598	2161	73
2169	599	2196	66
2170	600	2239	100
2171	597	2278	67
2172	597	2317	22
2173	598	2354	65
2174	597	2393	41
2175	598	2432	94
2176	597	2516	1
2177	598	2551	72
2178	734	2663	87
2179	735	2701	3
2180	735	2741	35
2181	735	2780	96
2182	735	2814	9
2183	734	2851	77
2184	732	2896	28
2185	734	2932	47
2186	704	2834	91
2187	680	2771	15
2188	689	2693	59
2189	697	2630	42
2190	657	2881	16
2191	639	2595	30
2192	636	2631	57
2193	639	2673	69
2194	637	2708	24
2195	635	2748	62
2196	635	2787	80
2197	635	2822	20
2198	636	2863	97
2199	636	2902	1
2200	636	2944	93
2201	598	2592	22
2202	600	2629	39
2203	596	2671	98
2204	598	2707	94
2205	596	2748	86
2206	596	2787	98
2207	597	2825	79
2208	598	2863	22
2209	595	2900	38
2210	595	2943	2
2211	733	3020	8
2212	628	2998	19
2213	547	3010	52
2214	734	3087	32
2215	733	3125	43
2216	736	3164	24
2217	732	3202	75
2218	732	3237	6
2219	733	3277	77
2220	734	3320	46
2221	703	3459	41
2222	692	3587	77
2223	733	3607	43
2224	731	3644	24
2225	733	3687	38
2226	734	3723	15
2227	732	3767	33
2228	732	3804	98
2229	734	3844	16
2230	733	3880	16
2231	674	3086	46
2232	676	3122	51
2233	674	3169	57
2234	674	3199	25
2235	672	3241	59
2236	675	3279	83
2237	677	3320	74
2238	676	3359	33
2239	675	3396	37
2240	674	3436	62
2241	666	3472	89
2242	676	3531	46
2243	675	3571	50
2244	672	3609	22
2245	674	3648	47
2246	675	3684	67
2247	675	3726	73
2248	674	3764	46
2249	674	3802	3
2250	674	3844	9
2251	676	3877	24
2252	578	3144	22
2253	620	3223	87
2254	640	3271	81
2255	607	3341	45
2256	636	3439	51
2257	597	3533	57
2258	609	3940	47
2259	438	49	24
2260	417	284	11
2261	457	122	53
2262	453	162	18
2263	454	202	63
2264	456	242	31
2265	457	282	88
2266	457	320	54
2267	456	361	7
2268	484	185	44
2269	524	122	47
2270	525	166	63
2271	526	204	38
2272	523	245	86
2273	524	283	5
2274	526	323	4
2275	524	361	85
2276	559	390	83
2277	390	410	55
2278	363	47	23
2279	339	124	86
2280	340	165	78
2281	340	204	82
2282	342	243	47
2283	341	282	55
2284	341	323	83
2285	342	359	38
2286	322	48	34
2287	302	127	57
2288	300	163	82
2289	302	203	56
2290	301	244	9
2291	302	285	84
2292	305	325	79
2293	304	362	26
2294	247	382	58
2295	223	282	35
2296	212	110	13
2297	233	50	69
2298	169	41	95
2299	186	128	46
2300	186	164	11
2301	186	203	47
2302	189	246	87
2303	186	285	80
2304	186	322	14
2305	188	361	6
2306	148	358	64
2307	147	322	16
2308	147	287	16
2309	150	244	31
2310	149	207	92
2311	149	166	3
2312	149	129	59
2313	111	168	4
2314	91	51	36
2315	54	48	80
2316	33	126	33
2317	33	167	16
2318	35	118	31
2319	35	248	59
2320	33	360	85
2321	31	364	77
2322	33	368	20
2323	34	372	72
2324	33	323	6
2325	34	362	55
2326	63	360	33
2327	90	324	83
2328	534	473	100
2329	529	610	30
2330	494	504	79
2331	467	475	96
2332	437	532	94
2333	454	603	1
2334	397	524	57
2335	415	479	91
2336	366	604	30
2337	322	524	80
2338	312	465	12
2339	272	522	96
2340	273	571	11
2341	262	436	87
2342	229	452	85
2343	224	484	8
2344	119	573	59
2345	117	526	66
2346	54	574	29
2347	52	493	92
2348	64	453	84
2349	4	554	24
2350	-47	512	81
2351	4	602	94
2352	34	632	88
2353	12	666	95
2354	550	691	100
2355	525	650	98
2356	525	689	68
2357	521	729	80
2358	523	766	97
2359	523	805	18
2360	521	841	58
2361	527	884	66
2362	455	1299	74
2363	427	884	20
2364	428	843	43
2365	429	804	93
2366	428	768	42
2367	427	728	32
2368	426	685	74
2369	430	648	60
2370	370	725	71
2371	387	781	53
2372	367	823	69
2373	311	883	28
2374	311	839	62
2375	313	801	45
2376	313	767	37
2377	309	724	66
2378	311	685	77
2379	316	649	62
2380	234	650	28
2381	234	685	90
2382	234	724	47
2383	212	745	4
2384	233	764	47
2385	233	802	58
2386	235	843	42
2387	236	885	80
2388	158	670	89
2389	117	646	97
2390	118	688	54
2391	119	728	22
2392	118	767	10
2393	120	805	81
2394	119	842	17
2395	120	882	63
2396	544	1038	20
2397	522	951	95
2398	477	1046	30
2399	475	979	59
2400	449	1050	14
2401	396	976	76
2402	299	941	98
2403	243	918	66
2404	262	991	31
2405	214	951	8
2406	205	987	68
2407	225	1026	89
2408	166	979	12
2409	127	1015	14
2410	106	972	65
2411	89	1017	8
2412	23	968	61
2413	-61	801	66
2414	-57	32	38
2415	523	1103	26
2416	524	1143	74
2417	523	1183	54
2418	522	1223	2
2419	523	1256	86
2420	523	1296	29
2421	523	1337	91
2422	523	1377	23
2423	526	1415	33
2424	523	1454	3
2425	476	1084	20
2426	476	1121	12
2427	475	1162	16
2428	475	1199	94
2429	477	1241	35
2430	474	1277	23
2431	475	1316	92
2432	478	1355	10
2433	478	1394	38
2434	475	1431	19
2435	475	1473	92
2436	878	1506	83
2437	474	1549	41
2438	475	1587	66
2439	475	1625	48
2440	478	1665	66
2441	475	1706	21
2442	475	1743	48
2443	476	1781	96
2444	476	1830	95
2445	476	1912	89
2446	436	1087	20
2447	439	1123	63
2448	438	1160	9
2449	434	1202	8
2450	436	1238	2
2451	435	1281	66
2452	436	1320	32
2453	435	1357	69
2454	436	1396	44
2455	436	1435	23
2456	438	1473	15
2457	435	1502	29
2458	435	1552	62
2459	434	1587	89
2460	436	1627	13
2461	438	1665	62
2462	437	1703	80
2463	437	1744	46
2464	438	1781	82
2465	438	1822	89
2466	437	1862	90
2467	434	1900	71
2468	391	1086	86
2469	377	1192	26
2470	385	1230	73
2471	367	1268	60
2472	378	1551	1
2473	358	1841	35
2474	346	1899	47
2475	317	1122	70
2476	322	1162	77
2477	322	1200	54
2478	319	1239	41
2479	321	1277	45
2480	319	1317	83
2481	321	1353	82
2482	321	1394	73
2483	320	1430	46
2484	320	1471	9
2485	320	1550	91
2486	321	1590	6
2487	318	1625	62
2488	319	1664	12
2489	320	1704	94
2490	321	1743	39
2491	319	1784	96
2492	321	1821	65
2493	321	1859	15
2494	319	1899	70
2495	279	1061	2
2496	283	1122	73
2497	281	1161	46
2498	281	1198	6
2499	280	1240	86
2500	282	1274	44
2501	281	1318	87
2502	281	1355	16
2503	281	1395	23
2504	281	1435	83
2505	283	1473	81
2506	281	1550	85
2507	281	1584	92
2508	282	1626	5
2509	281	1667	41
2510	281	1704	64
2511	281	1743	1
2512	284	1783	58
2513	283	1822	82
2514	282	1860	72
2515	282	1900	35
2516	216	1181	90
2517	246	1373	41
2518	241	1433	84
2519	230	1471	80
2520	260	1514	24
2521	236	1541	74
2522	235	1838	16
2523	205	1063	5
2524	167	1100	83
2525	170	1131	18
2526	166	1084	88
2527	165	1202	72
2528	167	1239	25
2529	187	1260	63
2530	168	1281	27
2531	167	1315	2
2532	165	1360	37
2533	168	1391	68
2534	167	1434	15
2535	170	1471	2
2536	167	1550	2
2537	166	1587	17
2538	165	1626	18
2539	167	1665	32
2540	167	1711	45
2541	169	1743	54
2542	167	1781	41
2543	167	1820	22
2544	168	1858	49
2545	167	1901	47
2546	131	1055	61
2547	129	1094	56
2548	128	1132	42
2549	125	1172	91
2550	128	1213	35
2551	126	1250	73
2552	128	1290	69
2553	123	1327	65
2554	127	1367	68
2555	128	1405	30
2556	129	1443	73
2557	127	1485	55
2558	128	1522	39
2559	131	1560	59
2560	129	1599	33
2561	130	1638	70
2562	130	1678	82
2563	127	1713	67
2564	128	1753	21
2565	91	1058	34
2566	89	1097	3
2567	87	1131	56
2568	87	1169	8
2569	86	1211	77
2570	86	1248	39
2571	90	1292	78
2572	87	1240	79
2573	90	1369	53
2574	86	1408	73
2575	88	1445	33
2576	90	1483	35
2577	91	1520	25
2578	88	1558	4
2579	94	1606	42
2580	91	1639	72
2581	88	1676	2
2582	89	1629	70
2583	89	1758	35
2584	53	1057	60
2585	49	1094	35
2586	49	1135	4
2587	51	1175	29
2588	51	1213	52
2589	49	1251	94
2590	50	1288	85
2591	50	1328	4
2592	51	1366	52
2593	49	1404	61
2594	51	1444	66
2595	50	1483	4
2596	51	1522	28
2597	50	1558	7
2598	53	1600	63
2599	50	1637	11
2600	50	1673	43
2601	47	1712	32
2602	50	1754	72
2603	49	1795	96
2604	11	1055	93
2605	16	1095	86
2606	12	1134	43
2607	13	1173	86
2608	15	1210	18
2609	12	1249	65
2610	11	1289	96
2611	14	1328	45
2612	13	1368	37
2613	14	1406	57
2614	16	1441	82
2615	13	1482	20
2616	14	1521	38
2617	10	1561	25
2618	12	1594	31
2619	10	1637	42
2620	15	1678	15
2621	15	1714	96
2622	11	1753	70
2623	11	1793	7
2624	21	1882	4
2625	88	1327	78
2626	88	1712	12
2627	503	2002	18
2628	512	2040	66
2629	542	2099	33
2630	521	2140	68
2631	534	2179	21
2632	484	2098	76
2633	434	2062	58
2634	414	2020	11
2635	394	2137	32
2636	426	2198	21
2637	463	2277	58
2638	484	2313	56
2639	415	2292	29
2640	435	2373	60
2641	436	2437	25
2642	463	2438	1
2643	494	2458	92
2644	484	2516	34
2645	484	2552	24
2646	483	2592	82
2647	483	2630	80
2648	484	2671	33
2649	483	2707	13
2650	484	2748	29
2651	482	2784	23
2652	482	2824	32
2653	484	2863	40
2654	485	2903	88
2655	483	2939	99
2656	521	2941	59
2657	520	2899	97
2658	523	2862	51
2659	521	2823	65
2660	521	2787	19
2661	524	2745	39
2662	520	2709	69
2663	521	2669	2
2664	522	2631	3
2665	520	2593	3
2666	473	3011	19
2667	337	1933	14
2668	359	1964	1
2669	368	2001	56
2670	368	2039	31
2671	367	2079	41
2672	367	2118	19
2673	368	2160	35
2674	367	2197	20
2675	367	2238	60
2676	368	2275	65
2677	368	2313	99
2678	370	2351	66
2679	369	2392	69
2680	365	2427	2
2681	322	2080	85
2682	319	2118	75
2683	318	2156	38
2684	319	2199	46
2685	318	2233	62
2686	319	2274	54
2687	319	2315	41
2688	318	2352	54
2689	319	2394	96
2690	318	2428	16
2691	290	1972	77
2692	281	1999	15
2693	282	2042	17
2694	280	2078	39
2695	278	2115	71
2696	280	2161	76
2697	280	2195	87
2698	279	2236	21
2699	281	2278	48
2700	280	2312	18
2701	281	2355	64
2702	280	2392	8
2703	277	2427	35
2704	348	2503	41
2705	385	2524	94
2706	387	2554	52
2707	365	2582	73
2708	376	2622	47
2709	394	2750	62
2710	395	2952	15
2711	308	2526	61
2712	279	2527	97
2713	280	2563	28
2714	321	2604	48
2715	283	2600	36
2716	316	2640	13
2717	282	2640	86
2718	321	2680	30
2719	280	2679	93
2720	320	2717	86
2721	282	2717	97
2722	320	2757	38
2723	279	2755	97
2724	318	2798	22
2725	283	2794	72
2726	319	2833	65
2727	281	2832	72
2728	318	2870	43
2729	282	2869	3
2730	321	2910	83
2731	280	2910	56
2732	320	2949	65
2733	281	2949	82
2734	557	3089	76
2735	559	3125	15
2736	556	3164	99
2737	558	3201	74
2738	558	3240	98
2739	559	3279	99
2740	558	3317	5
2741	559	3356	50
2742	561	3393	61
2743	560	3437	37
2744	490	3277	94
2745	463	3085	38
2746	462	3122	97
2747	464	3163	76
2748	463	3200	28
2749	461	3235	92
2750	464	3278	32
2751	462	3316	75
2752	464	3355	37
2753	463	3395	90
2754	464	3434	89
2755	558	3532	22
2756	559	3568	51
2757	559	3604	70
2758	562	3645	56
2759	558	3685	13
2760	561	3724	76
2761	558	3766	14
2762	559	3800	37
2763	560	3839	3
2764	561	3879	76
2765	520	3760	66
2766	509	3800	75
2767	511	3840	84
2768	509	3879	29
2769	460	3489	88
2770	443	3519	93
2771	452	3565	89
2772	464	3606	37
2773	463	3644	53
2774	461	3685	18
2775	462	3721	36
2776	463	3761	29
2777	462	3801	16
2778	462	3840	2
2779	462	3877	99
2780	444	3036	69
2781	357	3037	48
2782	394	3260	24
2783	397	3339	6
2784	396	3418	92
2785	384	3512	41
2786	388	3548	2
2787	374	3609	23
2788	403	3646	60
2789	424	3687	65
2790	406	3743	3
2791	405	3906	1
2792	442	3919	75
2793	344	3087	56
2794	349	3124	78
2795	346	3162	72
2796	347	3201	64
2797	348	3238	65
2798	347	3275	64
2799	346	3317	11
2800	349	3358	23
2801	347	3397	50
2802	349	3432	42
2803	349	3477	72
2804	347	3511	20
2805	348	3547	53
2806	346	3604	20
2807	346	3643	27
2808	347	3687	62
2809	348	3724	96
2810	346	3762	45
2811	348	3798	61
2812	344	3839	15
2813	347	3876	79
2814	324	3413	91
2815	307	3501	35
2816	296	3558	87
2817	327	3629	18
2818	296	3743	16
2819	270	3124	90
2820	272	3161	79
2821	269	3197	96
2822	272	3238	46
2823	270	3279	37
2824	271	3318	64
2825	273	3356	69
2826	250	3220	42
2827	231	3288	24
2828	221	3338	49
2829	242	3377	78
2830	263	3453	51
2831	252	3529	92
2832	212	3470	33
2833	211	3514	82
2834	272	3587	12
2835	270	3624	60
2836	268	3665	74
2837	270	3706	53
2838	270	3742	19
2839	270	3784	46
2840	270	3820	17
2841	270	3858	92
2842	271	3916	44
2843	213	3824	30
2844	194	3917	93
2845	223	2021	28
2846	222	2140	69
2847	234	2410	73
2848	231	2490	54
2849	202	2079	27
2850	203	2120	68
2851	202	2159	21
2852	203	2197	14
2853	201	2237	27
2854	204	2274	14
2855	204	2316	21
2856	202	2353	27
2857	200	2392	33
2858	204	2428	62
2859	203	2602	35
2860	204	2643	27
2861	205	2699	61
2862	205	2721	29
2863	204	2759	22
2864	204	2799	71
2865	204	2836	43
2866	203	2877	11
2867	204	2913	44
2868	204	2953	59
2869	164	2003	10
2870	165	2042	82
2871	165	2081	25
2872	164	2120	5
2873	164	2159	19
2874	165	2197	83
2875	164	2233	85
2876	164	2274	4
2877	166	2315	95
2878	165	2351	41
2879	164	2392	66
2880	164	2430	53
2881	165	2487	13
2882	164	2523	97
2883	166	2567	96
2884	165	2602	83
2885	166	2643	43
2886	163	2683	50
2887	165	2721	81
2888	165	2759	75
2889	164	2799	65
2890	163	2837	74
2891	166	2869	57
2892	166	2911	5
2893	164	2954	58
2894	128	2080	45
2895	127	2140	26
2896	127	2180	41
2897	125	2219	33
2898	125	2258	44
2899	127	2296	93
2900	125	2158	14
2901	128	2373	34
2902	127	2416	98
2903	126	2448	55
2904	128	2489	36
2905	127	2528	61
2906	127	2564	49
2907	126	2607	23
2908	127	2642	61
2909	126	2683	4
2910	126	2720	79
2911	128	2760	83
2912	127	2796	100
2913	124	2834	97
2914	127	2874	76
2915	129	2914	13
2916	78	1990	43
2917	88	2137	50
2918	90	2177	51
2919	87	2218	44
2920	87	2258	10
2921	90	2298	24
2922	91	2343	12
2923	90	2373	61
2924	92	2420	33
2925	89	2449	37
2926	87	2489	59
2927	86	2524	24
2928	90	2565	7
2929	88	2604	88
2930	89	2643	87
2931	87	2679	59
2932	89	2718	21
2933	89	2757	63
2934	90	2806	2
2935	88	2835	29
2936	87	2872	41
2937	88	2911	15
2938	50	2137	26
2939	50	2176	19
2940	51	2216	14
2941	49	2257	32
2942	50	2294	72
2943	49	2334	31
2944	49	2370	71
2945	48	2408	66
2946	50	2449	80
2947	50	2489	10
2948	50	2525	99
2949	49	2564	78
2950	50	2603	96
2951	50	2643	66
2952	49	2681	63
2953	50	2717	2
2954	50	2757	14
2955	51	2796	28
2956	49	2834	2
2957	49	2874	19
2958	-23	1994	52
2959	10	2137	68
2960	12	2178	57
2961	11	2217	85
2962	11	2256	78
2963	11	2292	73
2964	11	2333	67
2965	13	2378	51
2966	10	2411	50
2967	9	2448	3
2968	10	2484	11
2969	9	2524	75
2970	11	2563	3
2971	10	2601	95
2972	10	2640	96
2973	11	2682	77
2974	9	2718	55
2975	10	2754	72
2976	10	2801	69
2977	10	2834	16
2978	11	2872	85
2979	126	2334	75
2980	173	3143	93
2981	174	3184	78
2982	155	3123	82
2983	154	3162	1
2984	156	3203	53
2985	154	3241	35
2986	154	3278	20
2987	154	3314	54
2988	156	3355	12
2989	153	3397	15
2990	136	3468	56
2991	135	3510	73
2992	155	3551	43
2993	156	3591	3
2994	155	3627	96
2995	155	3665	80
2996	154	3707	20
2997	152	3744	44
2998	156	3791	83
2999	155	3822	60
3000	157	3861	32
3001	115	3547	79
3002	114	3585	4
3003	114	3600	20
3004	113	3610	11
3005	113	3624	61
3006	112	3663	89
3007	112	3699	7
3008	112	3739	24
3009	112	3779	79
3010	116	3819	100
3011	113	3858	46
3012	114	3898	78
3013	105	3102	54
3014	103	3159	24
3015	107	3256	99
3016	105	3295	97
3017	105	3375	59
3018	66	3215	1
3019	64	3374	14
3020	75	3462	74
3021	36	3460	88
3022	75	3546	18
3023	37	3547	84
3024	76	3624	4
3025	35	3622	93
3026	77	3702	50
3027	37	3701	40
3028	77	3778	87
3029	37	3780	42
3030	78	3858	24
3031	36	3856	17
3032	-4	3873	82
3033	17	2052	34
3034	16	2962	15
3035	-66	3134	77
3036	-68	3905	8
3037	38	3941	95
end {BasicAreas}
