begin {Parameters}
Number of BasicAreas
3038
Number of Districts
700
District Capacity
273
Basic Area Type
Point
Metric
l2
end {Parameters}

#Parameter	ExtId	XPos	YPos	Activity
begin {BasicAreas}
0	2830	40	17
1	2830	77	71
2	2830	114	75
3	2831	155	92
4	2830	194	16
5	2831	231	58
6	2831	269	3
7	2831	309	50
8	2830	347	21
9	2830	384	37
10	2792	35	8
11	2792	75	28
12	2790	115	19
13	2792	153	67
14	2791	191	47
15	2791	231	69
16	2790	271	1
17	2791	306	20
18	2791	345	31
19	2792	384	24
20	2800	460	24
21	2801	499	46
22	2801	538	80
23	2800	578	52
24	2802	620	50
25	2800	654	35
26	2800	694	24
27	2802	732	80
28	2800	772	9
29	2800	810	9
30	2762	459	36
31	2761	497	30
32	2761	540	94
33	2761	578	27
34	2762	591	40
35	2763	656	17
36	2762	694	83
37	2761	731	98
38	2762	770	94
39	2761	808	70
40	2801	946	18
41	2803	1034	38
42	2723	943	11
43	2724	1029	68
44	2702	1003	54
45	2800	1098	87
46	2799	1137	56
47	2831	1158	32
48	2801	1178	88
49	2800	1216	7
50	2829	1237	6
51	2801	1254	30
52	2800	1292	98
53	2800	1331	40
54	2801	1370	28
55	2799	1409	21
56	2804	1450	56
57	2759	1098	70
58	2762	1138	49
59	2762	1178	60
60	2761	1213	62
61	2763	1255	74
62	2761	1293	69
63	2763	1330	25
64	2761	1369	89
65	2759	1411	15
66	2761	1446	52
67	2762	617	71
68	2801	1507	21
69	2800	1548	77
70	2801	1581	41
71	2801	1619	7
72	2799	1656	42
73	2800	1698	50
74	2800	1738	12
75	2800	1781	36
76	2799	1820	83
77	2800	1856	47
78	2760	1506	14
79	2760	1543	49
80	2763	1586	3
81	2761	1621	94
82	2761	1659	81
83	2761	1698	27
84	2762	1737	83
85	2761	1775	62
86	2762	1821	79
87	2762	1853	55
88	2800	2067	76
89	2798	2102	64
90	2799	2143	67
91	2801	2183	89
92	2800	2221	36
93	2801	2262	49
94	2800	2299	66
95	2800	2337	67
96	2801	2376	95
97	2800	2414	35
98	2760	2066	24
99	2760	2105	32
100	2761	2144	7
101	2761	2184	3
102	2763	2222	34
103	2760	2259	16
104	2761	2297	80
105	2760	2338	4
106	2761	2372	86
107	2800	2411	35
108	2800	2491	29
109	2772	2512	29
110	2732	2491	56
111	2788	2167	74
112	2762	2676	35
113	2732	2618	58
114	2761	2903	100
115	2761	2983	49
116	2799	3041	95
117	2800	3083	99
118	2799	3117	28
119	2799	3085	10
120	2799	3195	74
121	2798	3234	41
122	2799	3274	4
123	2798	3312	14
124	2798	3350	76
125	2797	3389	12
126	2799	3427	24
127	2800	3464	28
128	2864	3474	93
129	2865	3515	72
130	2798	3563	99
131	2798	3796	98
132	2797	3794	55
133	2698	39	49
134	2697	116	73
135	2716	191	59
136	2696	540	9
137	2704	1437	53
138	2704	1583	7
139	2703	1680	27
140	2694	2221	56
141	2704	2317	9
142	2714	2345	3
143	2733	2374	65
144	2720	3100	26
145	2721	3147	90
146	2752	3198	74
147	2712	3194	61
148	2683	3196	50
149	2642	3195	80
150	2763	3292	20
151	2761	3332	22
152	2761	3369	39
153	2760	3409	44
154	2732	3467	14
155	2701	3621	74
156	2699	3852	97
157	2781	3940	78
158	2701	3940	50
159	2623	3945	92
160	2621	-5	92
161	2744	18	94
162	2649	25	87
163	2609	48	94
164	2659	94	87
165	2658	134	58
166	2659	171	12
167	2658	208	6
168	2657	248	91
169	2660	285	32
170	2659	325	40
171	2659	368	62
172	2545	92	65
173	2543	131	2
174	2543	170	55
175	2541	212	96
176	2538	248	78
177	2544	288	2
178	2541	246	40
179	2541	362	19
180	2571	270	73
181	2571	325	28
182	2485	36	43
183	2524	54	67
184	2494	249	77
185	2590	393	33
186	2641	411	14
187	2659	441	2
188	2660	500	19
189	2660	538	24
190	2658	577	69
191	2659	618	47
192	2660	656	51
193	2661	701	51
194	2658	733	57
195	2659	772	40
196	2582	439	30
197	2592	521	7
198	2581	770	45
199	2543	497	43
200	2542	536	48
201	2543	579	26
202	2542	615	24
203	2542	657	22
204	2543	691	62
205	2543	734	20
206	2541	771	24
207	2542	808	9
208	2543	847	10
209	2540	877	55
210	2617	847	70
211	2620	916	4
212	2570	1004	59
213	2529	1003	3
214	2656	1042	68
215	2658	1082	97
216	2656	1118	86
217	2657	1159	89
218	2656	1200	51
219	2657	1236	59
220	2657	1272	2
221	2657	1314	68
222	2616	1137	17
223	2617	1195	97
224	2624	1273	82
225	2598	1314	18
226	2558	1214	44
227	2542	1040	80
228	2540	1079	17
229	2541	1121	7
230	2540	1156	48
231	2539	1195	88
232	2539	1231	55
233	2540	1272	6
234	2540	1311	17
235	2501	1342	77
236	2540	1358	61
237	2540	1398	16
238	2512	1436	69
239	2628	1435	61
240	2643	1484	66
241	2667	1524	29
242	2666	1560	95
243	2665	1601	58
244	2667	1640	75
245	2665	1679	70
246	2665	1728	80
247	2666	1755	7
248	2666	1794	53
249	2665	1836	72
250	2667	1873	38
251	2646	1486	27
252	2617	1525	43
253	2628	1715	26
254	2618	1756	42
255	2548	1524	49
256	2550	1561	25
257	2552	1600	12
258	2550	1640	46
259	2550	1677	18
260	2551	1717	14
261	2551	1756	71
262	2551	1798	47
263	2549	1832	78
264	2550	1874	40
265	2579	1893	61
266	2665	1935	80
267	2647	1991	92
268	2667	2025	77
269	2667	2064	37
270	2667	2104	95
271	2665	2139	84
272	2666	2178	42
273	2665	2220	87
274	2665	2254	12
275	2548	2258	46
276	2549	2218	95
277	2549	2180	25
278	2550	2141	7
279	2549	2103	3
280	2548	2064	18
281	2548	2025	64
282	2538	1987	83
283	2590	2333	19
284	2666	2328	80
285	2667	2394	13
286	2667	2432	7
287	2666	2470	93
288	2666	2508	4
289	2665	2550	75
290	2665	2586	24
291	2666	2626	18
292	2549	2393	99
293	2548	2431	78
294	2549	2473	12
295	2548	2512	89
296	2546	2548	23
297	2550	2591	30
298	2548	2627	5
299	2687	2716	60
300	2686	2868	34
301	2647	2711	36
302	2645	2866	57
303	2643	2906	87
304	2645	2984	27
305	2604	2905	9
306	2605	3109	49
307	2605	3136	28
308	2606	3290	63
309	2606	3333	95
310	2606	3368	29
311	2604	3410	32
312	2568	3037	77
313	2568	3079	64
314	2568	3119	89
315	2567	3157	40
316	2566	3195	87
317	2567	3234	49
318	2568	3274	89
319	2566	3310	56
320	2568	3350	36
321	2566	3386	63
322	2567	3428	6
323	2568	3466	4
324	2352	89	50
325	2348	125	77
326	2349	168	60
327	2349	208	5
328	2350	244	44
329	2349	286	37
330	2350	322	43
331	2400	333	63
332	2466	323	93
333	2406	207	96
334	2378	168	88
335	2417	130	84
336	2397	70	27
337	2468	283	96
338	2467	242	62
339	2494	245	92
340	2467	208	61
341	2462	168	80
342	2465	129	33
343	2465	90	49
344	2421	383	83
345	2377	449	53
346	2458	392	62
347	2468	467	84
348	2507	561	43
349	2351	534	19
350	2352	574	11
351	2350	614	41
352	2350	652	88
353	2352	691	51
354	2350	727	11
355	2351	768	56
356	2467	765	57
357	2466	729	47
358	2466	692	54
359	2466	649	91
360	2466	613	100
361	2466	574	23
362	2467	540	79
363	2513	572	10
364	2350	827	84
365	2418	836	38
366	2438	875	68
367	2475	833	68
368	2495	941	8
369	2388	942	63
370	2348	940	70
371	2475	1008	81
372	2466	1038	79
373	2351	1040	45
374	2350	1075	28
375	2349	1114	56
376	2347	1152	6
377	2349	1192	65
378	2349	1232	63
379	2348	1270	40
380	2348	1307	36
381	2388	1209	79
382	2408	1116	10
383	2468	1310	66
384	2466	1269	84
385	2465	1232	63
386	2484	1212	92
387	2465	1190	82
388	2465	1158	8
389	2462	1112	72
390	2466	1075	75
391	2367	1354	45
392	2380	1433	74
393	2338	1452	47
394	2415	1482	61
395	2436	1431	37
396	2425	1394	81
397	2426	1358	17
398	2465	1471	57
399	2473	1373	11
400	2321	1522	21
401	2320	1557	47
402	2320	1598	26
403	2318	1638	1
404	2320	1673	75
405	2321	1717	93
406	2322	1755	29
407	2321	1794	27
408	2321	1832	12
409	2322	1872	52
410	2349	1831	91
411	2377	1870	92
412	2378	1830	54
413	2378	1789	79
414	2378	1752	6
415	2378	1714	85
416	2377	1679	72
417	2376	1637	44
418	2378	1597	65
419	2378	1558	18
420	2380	1524	65
421	2525	1880	5
422	2493	1868	79
423	2495	1830	51
424	2493	1791	38
425	2492	1753	54
426	2493	1714	64
427	2491	1676	72
428	2492	1634	27
429	2493	1601	85
430	2494	1559	30
431	2494	1349	89
432	2378	2022	75
433	2379	2059	63
434	2377	2099	9
435	2379	2137	83
436	2377	2177	83
437	2379	2218	88
438	2379	2254	1
439	2454	2041	48
440	2474	1953	48
441	2495	2288	17
442	2493	2255	4
443	2494	2218	80
444	2491	2176	62
445	2492	2138	46
446	2493	2100	27
447	2493	2061	68
448	2495	2022	52
449	2377	2388	22
450	2378	2425	9
451	2377	2468	24
452	2376	2501	30
453	2377	2547	29
454	2379	2586	6
455	2378	2624	99
456	2378	2663	88
457	2406	2428	3
458	2437	2505	65
459	2448	2624	3
460	2495	2665	70
461	2495	2623	3
462	2495	2585	40
463	2493	2547	90
464	2493	2506	96
465	2495	2468	51
466	2494	2429	65
467	2494	2391	15
468	2379	2749	7
469	2377	2786	67
470	2377	2825	92
471	2375	2865	13
472	2378	2903	23
473	2376	2943	44
474	2377	2981	91
475	2446	2769	72
476	2436	2729	26
477	2529	2979	1
478	2515	3013	84
479	2494	2982	53
480	2491	2942	17
481	2491	2902	39
482	2492	2865	2
483	2492	2825	51
484	2493	2786	77
485	2493	2748	97
486	2531	2827	39
487	2531	2787	88
488	2530	2710	72
489	2376	3057	75
490	2376	3095	100
491	2376	3136	10
492	2378	3175	62
493	2377	3212	91
494	2377	3251	23
495	2375	3288	45
496	2377	3328	38
497	2378	3368	64
498	2376	3408	67
499	2424	3426	80
500	2454	3444	53
501	2494	3403	70
502	2495	3368	90
503	2493	3326	91
504	2492	3286	27
505	2493	3248	74
506	2493	3210	40
507	2493	3170	28
508	2492	3127	52
509	2494	3095	34
510	2495	3059	2
511	2390	3550	93
512	2385	3695	10
513	2504	3813	30
514	2268	3813	81
515	2150	91	13
516	2150	129	84
517	2149	165	64
518	2147	209	11
519	2149	244	58
520	2147	282	31
521	2149	323	33
522	2179	243	73
523	2191	66	33
524	2228	76	32
525	2227	108	75
526	2218	303	26
527	2240	341	28
528	2267	325	72
529	2268	282	74
530	2326	306	22
531	2267	243	56
532	2302	223	38
533	2265	203	96
534	2305	188	70
535	2264	167	31
536	2267	127	78
537	2265	87	94
538	2303	72	66
539	2111	428	99
540	2111	466	19
541	2187	426	41
542	2246	486	53
543	2266	464	53
544	2317	468	67
545	2229	406	72
546	2150	534	85
547	2149	573	16
548	2147	611	34
549	2144	651	51
550	2150	691	34
551	2148	728	61
552	2148	848	91
553	2128	807	57
554	2178	611	47
555	2188	642	71
556	2225	515	74
557	2225	555	82
558	2233	728	10
559	2303	767	54
560	2267	767	62
561	2266	730	4
562	2303	709	64
563	2265	689	41
564	2312	650	15
565	2266	651	21
566	2267	615	17
567	2262	571	19
568	2266	534	14
569	2130	803	45
570	2167	848	50
571	2245	843	67
572	2286	885	12
573	2167	921	45
574	2136	939	20
575	2149	1031	99
576	2148	1063	8
577	2147	1107	31
578	2149	1143	80
579	2145	1183	90
580	2146	1219	16
581	2146	1261	13
582	2148	1300	35
583	2148	1333	24
584	2146	1377	66
585	2195	1378	80
586	2193	1221	83
587	2206	1181	50
588	2186	1142	26
589	2206	1106	37
590	2224	1066	51
591	2265	1375	46
592	2265	1339	88
593	2261	1296	62
594	2263	1260	58
595	2264	1220	65
596	2291	1221	75
597	2263	1182	50
598	2281	1164	63
599	2264	1143	88
600	2263	1104	61
601	2261	1065	50
602	2261	1026	36
603	2253	1463	35
604	2173	1462	49
605	2146	1520	74
606	2145	1558	5
607	2147	1597	80
608	2146	1635	45
609	2144	1677	91
610	2147	1716	95
611	2145	1753	25
612	2144	1793	24
613	2147	1831	74
614	2146	1870	19
615	2204	1868	17
616	2206	1830	95
617	2205	1789	86
618	2206	1753	8
619	2205	1714	21
620	2202	1673	95
621	2204	1635	70
622	2204	1596	4
623	2203	1557	10
624	2203	1521	58
625	2251	1813	5
626	2240	1558	100
627	2252	1521	14
628	2308	1966	14
629	2310	1927	90
630	2261	1922	55
631	2194	1921	46
632	2134	1951	35
633	2148	2080	54
634	2146	2122	63
635	2143	2161	66
636	2144	2200	92
637	2148	2240	57
638	2146	2278	17
639	2145	2316	84
640	2145	2354	10
641	2146	2393	51
642	2146	2434	25
643	2186	2136	70
644	2244	2450	92
645	2204	2430	59
646	2203	2391	6
647	2204	2273	18
648	2205	2314	71
649	2199	2273	73
650	2204	2239	11
651	2230	2254	59
652	2205	2197	62
653	2203	2158	77
654	2205	2602	38
655	2205	2083	20
656	2241	2062	33
657	2204	2043	76
658	2203	2014	49
659	2254	2026	33
660	2328	2024	100
661	2319	2080	50
662	2319	2122	18
663	2318	2165	45
664	2287	2169	38
665	2319	2202	12
666	2290	2230	36
667	2319	2238	18
668	2319	2277	8
669	2291	2297	25
670	2320	2316	83
671	2321	2355	11
672	2319	2396	28
673	2319	2430	63
674	2348	2396	96
675	2167	2537	38
676	2164	2576	23
677	2163	2624	96
678	2136	2641	95
679	2115	2584	17
680	2107	2661	40
681	2106	2701	96
682	2107	2740	12
683	2105	2775	70
684	2106	2819	9
685	2104	2855	53
686	2105	2894	1
687	2105	2933	30
688	2106	2992	27
689	2175	3029	35
690	2222	2990	27
691	2187	2932	62
692	2183	2893	74
693	2185	2853	73
694	2209	2813	60
695	2186	2814	9
696	2182	2778	64
697	2185	2738	72
698	2184	2700	91
699	2183	2661	41
700	2212	2699	33
701	2252	2739	7
702	2300	2991	73
703	2300	2964	69
704	2301	2933	6
705	2301	2896	64
706	2298	2854	93
707	2299	2816	95
708	2297	2776	25
709	2296	2738	7
710	2299	2700	67
711	2300	2660	12
712	2337	2703	40
713	2336	2663	88
714	2338	2620	59
715	2290	2585	80
716	2106	3087	62
717	2075	3104	30
718	2108	3123	57
719	2107	3165	70
720	2105	3201	78
721	2107	3242	63
722	2106	3277	87
723	2103	3318	2
724	2106	3359	83
725	2106	3416	3
726	2185	3356	100
727	2185	3319	42
728	2184	3277	91
729	2181	3242	27
730	2184	3201	55
731	2184	3163	45
732	2183	3122	43
733	2182	3081	2
734	2222	3222	44
735	2279	3184	73
736	2328	3077	76
737	2298	3084	73
738	2299	3125	35
739	2298	3165	2
740	2296	3205	82
741	2299	3239	23
742	2295	3280	82
743	2300	3324	76
744	2299	3355	94
745	2339	3260	7
746	2327	3416	31
747	2062	3604	82
748	2106	3606	47
749	2167	3618	73
750	2106	3643	81
751	2104	3684	45
752	2105	3723	45
753	2105	3764	20
754	2103	3801	12
755	2106	3841	39
756	2106	3884	74
757	2166	3850	85
758	2096	71	39
759	2097	227	55
760	2058	86	89
761	2061	131	24
762	2060	170	93
763	2058	209	96
764	2058	248	86
765	2057	285	43
766	2058	328	91
767	1991	187	53
768	1979	325	26
769	1937	53	63
770	1942	90	36
771	1944	130	47
772	1943	167	46
773	1942	209	5
774	1941	246	47
775	1941	285	26
776	1939	325	50
777	2037	410	89
778	2010	488	5
779	2062	538	89
780	2060	574	34
781	2059	615	17
782	2059	651	62
783	2060	691	4
784	2059	732	45
785	2059	772	21
786	2050	812	16
787	1989	733	26
788	1990	576	41
789	1941	536	98
790	1942	572	57
791	1944	614	38
792	1943	654	17
793	1943	693	28
794	1943	729	29
795	1941	771	23
796	1951	896	83
797	2058	981	29
798	2070	1031	63
799	2069	1069	44
800	2067	1107	65
801	2068	1142	21
802	2068	1182	41
803	2068	1223	10
804	2068	1259	78
805	2074	1299	51
806	2107	1327	15
807	2067	1365	88
808	2028	1318	76
809	2038	1281	57
810	2021	1243	89
811	2000	1205	39
812	1951	1257	95
813	1950	1223	95
814	1951	1183	71
815	1951	1146	37
816	1950	1111	12
817	1950	1068	30
818	1954	1028	8
819	1954	972	7
820	1951	893	76
821	1971	1087	91
822	2009	1032	49
823	1893	1348	54
824	1912	1409	88
825	1941	1427	18
826	2009	1433	51
827	2000	1387	46
828	2028	1526	25
829	2029	1561	96
830	2029	1599	20
831	2029	1638	25
832	2029	1680	23
833	2028	1719	23
834	2029	1755	94
835	2028	1795	31
836	2028	1833	5
837	2029	1872	25
838	2076	1813	22
839	2097	1853	31
840	2048	1950	28
841	2018	1930	51
842	1971	1521	18
843	1971	1560	69
844	1971	1600	40
845	1970	1643	42
846	1969	1677	25
847	1971	1717	77
848	1970	1754	72
849	1969	1795	28
850	1967	1351	27
851	1969	1871	50
852	2065	2026	77
853	2107	2095	76
854	2085	2141	89
855	2095	2229	74
856	2112	2317	100
857	2009	2024	95
858	2030	2084	78
859	2029	2123	14
860	2029	2162	8
861	2028	2202	81
862	2028	2239	2
863	2029	2275	18
864	2027	2317	86
865	2027	2354	58
866	2027	2393	98
867	2028	2433	42
868	1971	2082	31
869	1970	2120	90
870	1970	2161	48
871	1972	2201	67
872	1970	2239	55
873	1969	2278	96
874	1971	2317	61
875	1970	2355	71
876	1970	2392	50
877	1969	2433	63
878	1970	2469	20
879	1949	2553	36
880	2009	2576	72
881	2009	2622	18
882	2029	2665	46
883	1982	2663	83
884	1986	2707	86
885	1988	2743	3
886	1988	2777	30
887	1989	2818	52
888	1988	2857	47
889	1988	2893	42
890	1988	2934	59
891	1912	2664	29
892	1912	2703	68
893	1911	2738	19
894	1911	2779	28
895	1913	2817	86
896	1911	2858	97
897	1912	2895	38
898	1910	2932	22
899	2026	2992	35
900	1929	3049	64
901	1990	3088	14
902	1990	3125	20
903	1989	3165	48
904	1988	3203	55
905	1990	3244	35
906	1986	3280	14
907	1989	3317	97
908	1989	3357	50
909	1989	3419	93
910	2036	3318	68
911	2045	3389	30
912	1911	3416	48
913	1909	3357	49
914	1911	3318	33
915	1911	3278	93
916	1911	3240	77
917	1911	3201	90
918	1910	3165	75
919	1912	3124	10
920	1912	3086	72
921	1930	3049	27
922	2028	2992	5
923	1988	3606	24
924	1988	3646	45
925	1989	3685	83
926	1986	3724	99
927	1986	3766	4
928	1987	3803	16
929	1986	3841	86
930	1984	3880	34
931	2015	3802	25
932	2036	3841	48
933	2015	3881	66
934	1949	3605	47
935	1949	3647	74
936	1949	3811	86
937	1949	3888	29
938	1890	3540	4
939	1911	3570	91
940	1911	3608	99
941	1910	3649	72
942	1910	3686	56
943	1911	3726	23
944	1911	3760	56
945	1911	3802	24
946	1911	3841	16
947	1911	3880	98
948	1893	3820	100
949	1870	3782	21
950	1884	90	38
951	1886	245	86
952	1896	365	43
953	1846	91	71
954	1848	132	93
955	1846	168	91
956	1848	211	20
957	1848	249	76
958	1848	286	31
959	1850	327	21
960	1789	73	31
961	1781	128	82
962	1809	182	93
963	1819	214	58
964	1770	360	4
965	1761	449	46
966	1808	453	84
967	1837	438	49
968	1903	516	92
969	1857	540	53
970	1855	576	24
971	1855	615	93
972	1854	652	93
973	1886	697	73
974	1859	694	93
975	1856	734	19
976	1825	731	77
977	1856	770	95
978	1913	770	58
979	1894	829	1
980	1845	826	74
981	1847	904	47
982	1863	981	48
983	1866	1020	54
984	1866	1055	48
985	1866	1099	42
986	1865	1137	31
987	1868	1174	82
988	1866	1215	7
989	1866	1251	75
990	1866	1292	83
991	1863	1329	30
992	1864	1369	15
993	1862	1402	87
994	1836	1214	29
995	1749	979	37
996	1749	1018	87
997	1750	1059	88
998	1749	1098	1
999	1749	1138	89
1000	1748	1175	39
1001	1748	1213	40
1002	1750	1250	94
1003	1749	1293	31
1004	1717	1291	5
1005	1749	1330	36
1006	1750	1371	27
1007	1751	1409	97
1008	1697	1389	77
1009	1920	1563	67
1010	1933	1642	16
1011	1892	1636	69
1012	1913	1787	28
1013	1854	1523	56
1014	1856	1562	81
1015	1855	1600	3
1016	1853	1641	63
1017	1855	1678	95
1018	1855	1717	19
1019	1856	1756	4
1020	1855	1794	100
1021	1852	1834	51
1022	1853	1952	96
1023	1930	2024	33
1024	1929	2236	95
1025	1942	2277	80
1026	1921	2314	63
1027	1923	2382	57
1028	1932	2430	57
1029	1884	2451	34
1030	1853	2023	43
1031	1855	2083	53
1032	1856	2123	48
1033	1854	2160	1
1034	1854	2201	65
1035	1855	2236	61
1036	1853	2277	41
1037	1856	2317	67
1038	1855	2356	57
1039	1855	2394	83
1040	1852	2431	14
1041	1911	2528	64
1042	1871	2526	46
1043	1854	2645	28
1044	1851	2990	56
1045	1832	3298	69
1046	1832	3339	56
1047	1692	32	98
1048	1732	91	25
1049	1733	127	2
1050	1710	233	92
1051	1735	170	95
1052	1731	209	90
1053	1731	251	48
1054	1731	288	26
1055	1731	325	7
1056	1681	213	23
1057	1682	249	62
1058	1645	91	82
1059	1645	129	8
1060	1643	167	50
1061	1642	208	52
1062	1643	249	77
1063	1643	285	75
1064	1641	322	64
1065	1732	449	32
1066	1652	450	87
1067	1736	537	35
1068	1741	575	51
1069	1741	614	81
1070	1741	658	60
1071	1710	655	8
1072	1740	692	67
1073	1741	730	88
1074	1742	766	31
1075	1651	534	28
1076	1652	575	96
1077	1652	614	42
1078	1651	653	46
1079	1653	692	41
1080	1654	730	85
1081	1651	770	20
1082	1650	856	79
1083	1785	2005	50
1084	1788	2045	13
1085	1787	2085	43
1086	1788	2120	8
1087	1788	2160	72
1088	1786	2200	39
1089	1786	2238	44
1090	1787	2274	36
1091	1787	2316	68
1092	1758	2317	38
1093	1788	2355	49
1094	1757	2374	41
1095	1789	2368	66
1096	1785	2431	18
1097	1777	2471	86
1098	1727	1947	69
1099	1730	1986	92
1100	1706	2082	86
1101	1709	2429	83
1102	1668	2003	96
1103	1668	2044	80
1104	1668	2083	32
1105	1669	2121	2
1106	1669	2161	88
1107	1670	2200	83
1108	1670	2237	23
1109	1669	2274	97
1110	1669	2317	31
1111	1669	2356	81
1112	1669	2391	55
1113	1666	2430	56
1114	1797	2529	8
1115	1745	2568	25
1116	1680	2515	74
1117	1630	2530	80
1118	1796	2665	55
1119	1795	2703	60
1120	1798	2742	35
1121	1797	2778	94
1122	1796	2816	6
1123	1797	2857	47
1124	1795	2892	30
1125	1797	2934	66
1126	1736	2719	60
1127	1739	2779	77
1128	1728	2859	66
1129	1729	2913	27
1130	1736	2963	90
1131	1697	2664	34
1132	1699	2702	6
1133	1701	2742	19
1134	1699	2778	36
1135	1699	2816	50
1136	1699	2856	70
1137	1698	2894	75
1138	1695	2937	97
1139	1795	3088	59
1140	1795	3129	49
1141	1797	3163	25
1142	1797	3203	42
1143	1796	3243	78
1144	1795	3277	31
1145	1795	3320	70
1146	1796	3358	70
1147	1717	3020	99
1148	1739	3184	16
1149	1696	3041	1
1150	1699	3069	99
1151	1700	3109	43
1152	1700	3143	95
1153	1699	3183	29
1154	1701	3223	35
1155	1699	3260	43
1156	1678	3280	76
1157	1700	3302	42
1158	1701	3339	38
1159	1698	3379	74
1160	1697	3418	48
1161	1794	3571	5
1162	1795	3609	20
1163	1796	3647	23
1164	1795	3686	71
1165	1795	3726	37
1166	1795	3764	66
1167	1794	3802	80
1168	1795	3840	19
1169	1796	3881	38
1170	1697	3568	97
1171	1698	3605	21
1172	1698	3649	94
1173	1698	3685	51
1174	1699	3723	88
1175	1696	3765	64
1176	1699	3798	33
1177	1697	3847	3
1178	1695	3877	50
1179	1705	3918	46
1180	1443	88	86
1181	1442	127	25
1182	1440	167	79
1183	1441	204	69
1184	1442	242	24
1185	1442	282	84
1186	1440	321	33
1187	1482	302	49
1188	1480	262	98
1189	1481	223	89
1190	1477	68	22
1191	1529	86	59
1192	1528	126	65
1193	1531	167	91
1194	1526	204	96
1195	1530	245	77
1196	1528	283	17
1197	1530	323	16
1198	1548	366	51
1199	1564	331	72
1200	1415	458	49
1201	1402	574	64
1202	1412	610	29
1203	1453	455	58
1204	1452	492	47
1205	1452	534	1
1206	1453	572	25
1207	1451	612	51
1208	1451	652	6
1209	1454	687	19
1210	1453	731	36
1211	1451	765	100
1212	1452	805	74
1213	1452	844	93
1214	1452	880	53
1215	1542	891	30
1216	1537	809	17
1217	1540	767	80
1218	1542	727	33
1219	1615	765	85
1220	1576	708	87
1221	1539	689	16
1222	1533	647	77
1223	1540	610	81
1224	1539	573	100
1225	1538	534	2
1226	1518	455	50
1227	1412	1054	42
1228	1432	1073	85
1229	1452	1056	36
1230	1449	1093	38
1231	1450	1132	7
1232	1449	1172	47
1233	1454	1210	51
1234	1452	1252	97
1235	1452	1289	52
1236	1451	1324	70
1237	1450	1366	71
1238	1452	1406	56
1239	1509	1206	55
1240	1529	1291	45
1241	1570	1055	93
1242	1570	1092	72
1243	1567	1131	18
1244	1567	1171	40
1245	1566	1209	91
1246	1567	1251	22
1247	1566	1290	94
1248	1567	1322	86
1249	1565	1370	84
1250	1567	1405	74
1251	1586	1232	28
1252	1605	1190	43
1253	1663	1171	66
1254	1660	1089	47
1255	1663	1056	33
1256	1598	1995	28
1257	1490	2080	44
1258	1490	2121	45
1259	1487	2157	60
1260	1487	2198	86
1261	1489	2235	46
1262	1487	2274	17
1263	1489	2314	74
1264	1487	2351	21
1265	1492	2393	11
1266	1488	2429	32
1267	1517	2196	76
1268	1557	2215	33
1269	1556	2078	88
1270	1602	2079	34
1271	1604	2118	7
1272	1604	2074	70
1273	1605	2199	89
1274	1601	2237	5
1275	1604	2272	21
1276	1603	2316	46
1277	1604	2355	67
1278	1604	2391	5
1279	1603	2427	69
1280	1477	2491	3
1281	1458	2546	21
1282	1468	2613	50
1283	1494	2552	16
1284	1548	2553	35
1285	1594	2544	20
1286	1605	2494	88
1287	1488	2659	77
1288	1486	2703	15
1289	1488	2735	5
1290	1488	2776	74
1291	1457	2775	57
1292	1489	2813	4
1293	1488	2855	65
1294	1457	2890	65
1295	1488	2893	3
1296	1487	2932	35
1297	1544	2775	7
1298	1547	2699	99
1299	1535	2668	98
1300	1583	2660	39
1301	1585	2701	80
1302	1585	2738	87
1303	1584	2777	45
1304	1586	2815	21
1305	1581	2852	88
1306	1586	2894	75
1307	1583	2933	19
1308	1485	3010	30
1309	1439	3046	72
1310	1448	3124	28
1311	1488	3085	11
1312	1493	3124	61
1313	1489	3162	62
1314	1485	3201	94
1315	1492	3244	78
1316	1487	3279	6
1317	1490	3316	57
1318	1488	3357	71
1319	1583	3065	26
1320	1624	3107	45
1321	1588	3102	24
1322	1585	3146	60
1323	1583	3182	94
1324	1601	3205	95
1325	1584	3223	42
1326	1584	3258	65
1327	1584	3300	3
1328	1586	3341	46
1329	1582	3373	87
1330	1584	3417	90
1331	1613	3420	78
1332	1632	3435	1
1333	1640	3473	12
1334	1671	3463	94
1335	1499	3493	84
1336	1487	3528	62
1337	1488	3570	89
1338	1486	3596	56
1339	1487	3643	81
1340	1487	3685	66
1341	1487	3722	22
1342	1488	3763	4
1343	1487	3800	11
1344	1488	3841	6
1345	1488	3878	96
1346	1547	3703	62
1347	1543	3742	70
1348	1582	3572	35
1349	1583	3604	57
1350	1584	3648	81
1351	1584	3686	64
1352	1580	3722	24
1353	1584	3764	57
1354	1583	3801	25
1355	1584	3842	87
1356	1586	3878	87
1357	1624	3861	28
1358	1633	3901	19
1359	1661	3889	22
1360	1622	3648	93
1361	1631	3607	84
1362	1651	3568	29
1363	1187	114	68
1364	1225	83	33
1365	1253	91	83
1366	1283	86	44
1367	1251	128	43
1368	1249	163	9
1369	1252	206	73
1370	1230	225	82
1371	1250	245	39
1372	1287	243	68
1373	1254	283	6
1374	1254	324	21
1375	1292	324	79
1376	1319	48	76
1377	1329	83	66
1378	1327	126	41
1379	1329	166	7
1380	1329	204	8
1381	1330	244	37
1382	1329	284	13
1383	1329	321	87
1384	1396	68	50
1385	1417	128	81
1386	1415	167	51
1387	1405	211	80
1388	1366	265	45
1389	1376	333	12
1390	1415	327	73
1391	1260	533	56
1392	1260	571	71
1393	1258	610	81
1394	1259	648	3
1395	1257	689	80
1396	1259	727	93
1397	1259	765	58
1398	1258	804	77
1399	1258	864	60
1400	1297	611	39
1401	1298	574	7
1402	1298	531	18
1403	1339	453	14
1404	1337	493	23
1405	1334	533	44
1406	1335	573	50
1407	1336	612	93
1408	1336	650	26
1409	1336	689	96
1410	1337	733	20
1411	1336	768	67
1412	1335	803	85
1413	1335	844	13
1414	1333	885	80
1415	1384	806	31
1416	1279	990	37
1417	1279	1062	88
1418	1236	1135	87
1419	1239	1174	74
1420	1238	1210	7
1421	1239	1250	13
1422	1239	1288	55
1423	1239	1329	5
1424	1238	1364	71
1425	1238	1408	79
1426	1208	1406	29
1427	1238	1444	85
1428	1277	1193	39
1429	1315	1152	36
1430	1296	1319	9
1431	1357	1068	41
1432	1356	1130	11
1433	1356	1172	43
1434	1401	976	28
1435	1395	1192	56
1436	1359	1214	20
1437	1375	1231	54
1438	1357	1251	76
1439	1354	1288	79
1440	1353	1326	72
1441	1357	1368	63
1442	1356	1406	79
1443	1051	88	49
1444	1047	125	24
1445	1049	170	68
1446	1044	206	42
1447	1046	246	44
1448	1048	280	27
1449	1046	322	52
1450	1099	334	8
1451	1106	127	63
1452	1096	95	51
1453	1136	86	87
1454	1134	128	38
1455	1132	162	81
1456	1134	204	62
1457	1135	247	29
1458	1135	280	22
1459	1136	322	81
1460	1153	387	37
1461	1182	339	54
1462	1232	395	39
1463	1036	456	40
1464	1090	425	9
1465	1162	465	18
1466	1233	507	3
1467	1047	534	38
1468	1049	572	53
1469	1045	608	95
1470	1046	650	94
1471	1046	689	67
1472	1046	730	15
1473	1044	763	62
1474	1048	805	66
1475	1047	847	13
1476	1047	887	62
1477	1105	805	54
1478	1092	764	35
1479	1074	727	82
1480	1087	613	15
1481	1086	533	39
1482	1128	633	23
1483	1142	529	35
1484	1144	573	24
1485	1142	610	23
1486	1143	650	10
1487	1146	690	40
1488	1142	729	9
1489	1141	768	3
1490	1142	804	60
1491	1185	592	91
1492	1221	648	58
1493	1218	861	79
1494	1183	863	80
1495	1094	900	15
1496	1085	928	5
1497	1029	942	83
1498	1027	998	100
1499	1144	1009	27
1500	1174	996	60
1501	1202	1000	88
1502	1174	942	18
1503	998	1066	34
1504	998	1104	77
1505	995	1145	6
1506	999	1181	88
1507	997	1222	78
1508	996	1261	40
1509	997	1298	92
1510	998	1339	10
1511	996	1393	9
1512	1055	1431	18
1513	1093	1452	25
1514	1095	1424	4
1515	1055	1400	72
1516	1054	1363	47
1517	1083	1384	13
1518	1094	1355	39
1519	1053	1325	78
1520	1053	1284	29
1521	1056	1249	54
1522	1058	1210	17
1523	1057	1172	62
1524	1058	1136	11
1525	1059	1092	15
1526	1048	1056	56
1527	1078	1154	3
1528	1102	1171	28
1529	1171	1055	11
1530	1173	1093	38
1531	1172	1135	53
1532	1137	1134	12
1533	1174	1179	59
1534	1172	1212	38
1535	1170	1251	1
1536	1152	1270	72
1537	1172	1292	90
1538	1172	1330	53
1539	1171	1368	58
1540	1170	1408	69
1541	784	30	1
1542	806	107	68
1543	842	85	37
1544	844	130	38
1545	843	166	73
1546	844	206	18
1547	843	245	13
1548	845	282	78
1549	843	322	79
1550	843	361	72
1551	882	166	2
1552	884	88	97
1553	930	85	22
1554	933	127	65
1555	932	163	8
1556	931	205	42
1557	931	246	99
1558	904	264	38
1559	929	286	20
1560	933	321	92
1561	930	370	57
1562	991	165	35
1563	826	440	99
1564	965	459	21
1565	581	79	68
1566	642	90	90
1567	642	128	26
1568	637	164	99
1569	642	208	95
1570	641	248	99
1571	641	285	23
1572	642	323	65
1573	640	361	1
1574	671	360	20
1575	681	164	45
1576	680	84	5
1577	710	437	100
1578	730	359	98
1579	732	321	90
1580	767	323	83
1581	726	287	16
1582	727	244	6
1583	726	117	94
1584	729	166	5
1585	729	130	61
1586	728	86	37
1587	805	594	59
1588	782	653	73
1589	842	631	38
1590	855	706	15
1591	872	799	87
1592	845	826	71
1593	843	864	94
1594	890	848	69
1595	889	883	77
1596	950	919	35
1597	932	883	6
1598	929	846	96
1599	930	804	46
1600	925	765	82
1601	933	726	52
1602	928	689	56
1603	958	690	7
1604	932	651	85
1605	929	612	85
1606	931	570	60
1607	929	535	99
1608	1001	514	66
1609	573	325	68
1610	611	474	4
1611	610	503	95
1612	601	575	29
1613	654	571	17
1614	640	648	13
1615	642	688	13
1616	638	728	37
1617	640	766	14
1618	641	805	69
1619	640	842	45
1620	641	883	95
1621	689	890	5
1622	689	843	82
1623	688	804	34
1624	729	863	88
1625	727	628	13
1626	896	1027	52
1627	881	971	94
1628	823	961	47
1629	746	958	33
1630	602	953	18
1631	599	1009	77
1632	828	1065	97
1633	803	1085	45
1634	824	1104	57
1635	825	1144	64
1636	823	1181	55
1637	823	1222	9
1638	825	1261	58
1639	821	1298	66
1640	822	1356	25
1641	843	1399	64
1642	882	1336	64
1643	881	1296	79
1644	882	1263	92
1645	880	1215	76
1646	880	1178	85
1647	882	1143	58
1648	882	1102	33
1649	879	1065	70
1650	750	1088	53
1651	753	1216	84
1652	754	1258	36
1653	773	1307	39
1654	747	1358	57
1655	710	1301	38
1656	709	1261	27
1657	707	1223	91
1658	706	1181	58
1659	707	1146	12
1660	704	1102	11
1661	708	1067	14
1662	638	1105	69
1663	639	1145	7
1664	641	1179	13
1665	637	1222	75
1666	638	1256	29
1667	639	1298	79
1668	640	1337	41
1669	640	1375	96
1670	641	1415	2
1671	602	1394	25
1672	638	1455	42
1673	1796	1505	18
1674	1756	1494	65
1675	1717	1484	52
1676	1679	1484	16
1677	1631	1473	25
1678	1533	1492	21
1679	1051	1481	11
1680	1002	1482	54
1681	811	1481	75
1682	1758	1524	17
1683	1719	1525	57
1684	1678	1524	32
1685	1640	1525	17
1686	1601	1522	62
1687	1563	1524	15
1688	1523	1524	25
1689	1485	1521	51
1690	1448	1524	57
1691	1408	1523	89
1692	1370	1524	65
1693	1332	1523	76
1694	1292	1524	8
1695	1252	1523	68
1696	1215	1523	48
1697	1175	1522	26
1698	1140	1523	30
1699	1097	1524	61
1700	1060	1522	14
1701	1022	1522	6
1702	982	1521	26
1703	947	1522	66
1704	905	1521	98
1705	865	1522	86
1706	829	1522	60
1707	790	1523	52
1708	752	1520	89
1709	713	1520	91
1710	675	1521	6
1711	634	1522	22
1712	597	1521	47
1713	557	1521	21
1714	1757	1647	48
1715	1759	1687	5
1716	1739	1773	24
1717	1720	1598	14
1718	1699	1744	38
1719	1679	1696	25
1720	1660	1559	4
1721	1640	1658	73
1722	1622	1820	49
1723	1606	1548	43
1724	1563	1551	44
1725	1574	1596	52
1726	1574	1763	8
1727	1548	1832	68
1728	1488	1562	48
1729	1451	1561	69
1730	1464	1610	78
1731	1488	1715	12
1732	1410	1627	18
1733	1411	1693	32
1734	1391	1776	8
1735	1370	1594	19
1736	1361	1626	95
1737	1334	1754	100
1738	1313	1783	64
1739	1274	1560	41
1740	1178	1813	32
1741	1140	1814	6
1742	1080	1693	99
1743	1042	1706	88
1744	1004	1636	84
1745	927	1618	87
1746	928	1667	66
1747	869	1743	22
1748	871	1842	90
1749	830	1765	75
1750	811	1642	72
1751	782	1630	3
1752	752	1611	82
1753	713	1570	18
1754	716	1842	68
1755	676	1751	12
1756	676	1821	24
1757	628	1762	37
1758	611	1716	89
1759	634	1596	91
1760	598	1607	76
1761	560	1646	88
1762	560	1685	93
1763	521	1784	25
1764	1756	1869	33
1765	1717	1869	69
1766	1680	1870	77
1767	1642	1871	25
1768	1602	1871	27
1769	1564	1871	18
1770	1526	1870	59
1771	1487	1871	41
1772	1448	1873	76
1773	1409	1871	35
1774	1369	1872	13
1775	1333	1872	14
1776	1294	1872	57
1777	1253	1873	2
1778	1218	1872	57
1779	1176	1870	1
1780	1139	1869	16
1781	1100	1872	43
1782	1061	1871	65
1783	1024	1869	63
1784	983	1871	94
1785	945	1870	66
1786	904	1870	72
1787	869	1870	2
1788	829	1870	54
1789	789	1872	68
1790	751	1867	14
1791	713	1872	65
1792	674	1868	88
1793	637	1869	23
1794	596	1871	24
1795	557	1872	56
1796	1642	1902	79
1797	1563	1899	14
1798	1456	1928	4
1799	1256	1899	100
1800	1234	1936	5
1801	1144	1909	9
1802	1102	1910	87
1803	1060	1909	33
1804	984	1898	53
1805	948	1909	13
1806	883	1927	36
1807	848	1907	50
1808	769	1906	82
1809	716	1899	44
1810	674	1908	63
1811	599	1908	94
1812	1475	1984	89
1813	1428	2007	34
1814	1429	2044	97
1815	1430	2082	92
1816	1430	2122	28
1817	1429	2160	47
1818	1429	2198	22
1819	1430	2238	39
1820	1429	2277	52
1821	1428	2314	76
1822	1432	2369	33
1823	1428	2391	57
1824	1429	2427	93
1825	1425	2493	64
1826	1380	2004	15
1827	1410	2102	85
1828	1380	2239	17
1829	1409	2370	26
1830	1352	2311	78
1831	1351	2340	5
1832	1351	2410	97
1833	1313	2156	31
1834	1270	2334	20
1835	1274	2490	26
1836	1379	2550	35
1837	1343	2547	41
1838	1362	2602	4
1839	1291	2527	17
1840	1265	2560	95
1841	1286	2635	48
1842	1363	2662	97
1843	1369	2701	9
1844	1394	2722	38
1845	1371	2740	25
1846	1370	2782	95
1847	1370	2817	54
1848	1369	2857	100
1849	1409	2886	75
1850	1369	2894	5
1851	1369	2935	76
1852	1273	2933	44
1853	1272	2893	29
1854	1273	2852	4
1855	1274	2814	81
1856	1275	2780	85
1857	1272	2737	48
1858	1271	2701	42
1859	1273	2664	84
1860	1234	2963	42
1861	1272	2961	73
1862	1390	2982	67
1863	1252	3025	74
1864	1343	3049	64
1865	1372	3087	23
1866	1372	3128	64
1867	1373	3166	50
1868	1371	3201	34
1869	1372	3240	86
1870	1369	3287	36
1871	1369	3317	51
1872	1374	3358	21
1873	1328	3417	28
1874	1294	3421	30
1875	1271	3357	82
1876	1276	3318	29
1877	1274	3278	67
1878	1233	3280	100
1879	1273	3239	56
1880	1275	3199	11
1881	1273	3164	18
1882	1276	3126	6
1883	1275	3085	93
1884	1224	3184	93
1885	1194	3144	64
1886	1320	3201	67
1887	1322	3260	59
1888	1392	3504	54
1889	1423	3532	37
1890	1399	3764	8
1891	1408	3862	53
1892	1439	3890	90
1893	1370	3528	52
1894	1370	3569	50
1895	1368	3612	52
1896	1369	3646	80
1897	1371	3683	10
1898	1370	3723	17
1899	1370	3765	2
1900	1367	3801	99
1901	1368	3840	85
1902	1367	3882	93
1903	1331	3871	96
1904	1332	3792	75
1905	1312	3586	84
1906	1274	3528	3
1907	1272	3567	9
1908	1272	3606	100
1909	1272	3648	41
1910	1273	3683	68
1911	1272	3722	80
1912	1273	3764	16
1913	1274	3808	59
1914	1274	3841	9
1915	1274	3879	30
1916	1234	2182	35
1917	1248	2241	84
1918	1226	2276	43
1919	1195	2006	21
1920	1198	2043	39
1921	1199	2079	71
1922	1197	2119	50
1923	1199	2162	16
1924	1196	2200	1
1925	1198	2238	31
1926	1195	2278	25
1927	1197	2317	27
1928	1198	2357	83
1929	1196	2392	36
1930	1197	2432	11
1931	1206	2489	98
1932	1157	2003	85
1933	1157	2042	9
1934	1158	2081	86
1935	1158	2118	68
1936	1159	2162	57
1937	1156	2200	100
1938	1156	2240	80
1939	1156	2278	9
1940	1159	2315	61
1941	1157	2351	30
1942	1160	2393	31
1943	1159	2431	20
1944	1155	2472	94
1945	1161	2509	99
1946	1119	2470	58
1947	1191	2576	19
1948	1119	2573	78
1949	1194	2740	62
1950	1155	2661	100
1951	1159	2700	9
1952	1159	2738	72
1953	1160	2776	76
1954	1161	2815	36
1955	1159	2854	57
1956	1157	2892	23
1957	1163	2929	9
1958	1108	2815	30
1959	1108	2912	63
1960	1082	2758	28
1961	1062	2657	59
1962	1063	2701	8
1963	1064	2739	18
1964	1062	2776	52
1965	1063	2816	30
1966	1061	2850	73
1967	1060	2894	31
1968	1059	2933	91
1969	1176	3028	13
1970	1158	3088	61
1971	1160	3126	32
1972	1155	3166	62
1973	1158	3201	86
1974	1159	3242	40
1975	1157	3282	10
1976	1158	3320	47
1977	1158	3356	57
1978	1109	3068	96
1979	1121	3105	52
1980	1097	3206	67
1981	1064	3088	1
1982	1062	3131	50
1983	1064	3162	37
1984	1062	3203	2
1985	1061	3241	99
1986	1059	3280	58
1987	1061	3320	19
1988	1062	3357	73
1989	1213	3625	22
1990	1224	3667	21
1991	1186	3743	32
1992	1204	3783	59
1993	1157	3530	26
1994	1158	3569	62
1995	1159	3611	98
1996	1160	3645	64
1997	1153	3686	21
1998	1158	3729	92
1999	1158	3765	21
2000	1156	3801	26
2001	1157	3843	75
2002	1157	3880	5
2003	1118	3501	17
2004	1118	3794	22
2005	1118	3870	94
2006	1059	3529	88
2007	1061	3568	92
2008	1063	3607	31
2009	1062	3647	69
2010	1061	3682	96
2011	1062	3730	77
2012	1059	3763	85
2013	1061	3801	42
2014	1059	3842	56
2015	1060	3880	99
2016	954	1976	71
2017	955	2023	33
2018	1083	2026	79
2019	1073	2061	40
2020	1012	2100	74
2021	1072	2198	39
2022	981	2279	67
2023	1050	2507	49
2024	964	2624	77
2025	1005	2681	62
2026	984	2719	98
2027	1031	3009	70
2028	1004	3059	93
2029	970	3018	22
2030	1003	3426	59
2031	968	3425	54
2032	928	2006	92
2033	928	2048	57
2034	928	2081	5
2035	927	2122	95
2036	927	2159	2
2037	928	2200	10
2038	925	2241	50
2039	927	2276	23
2040	926	2317	52
2041	928	2354	24
2042	926	2391	62
2043	929	2429	74
2044	926	2469	24
2045	924	2508	60
2046	886	2003	91
2047	889	2045	64
2048	888	2083	73
2049	888	2120	25
2050	889	2159	19
2051	887	2201	14
2052	886	2241	54
2053	890	2276	63
2054	886	2315	16
2055	888	2353	40
2056	888	2392	68
2057	886	2430	85
2058	887	2468	99
2059	889	2509	21
2060	910	2588	79
2061	947	2662	7
2062	869	2633	8
2063	947	2659	18
2064	946	2700	83
2065	946	2740	47
2066	946	2777	81
2067	947	2815	28
2068	945	2856	64
2069	947	2894	85
2070	944	2932	84
2071	847	2929	31
2072	848	2891	48
2073	850	2854	61
2074	847	2813	93
2075	848	2775	43
2076	847	2736	44
2077	849	2699	31
2078	849	2665	11
2079	863	2987	9
2080	867	3019	27
2081	944	3021	72
2082	941	3088	100
2083	944	3127	99
2084	945	3160	81
2085	945	3203	35
2086	943	3242	32
2087	945	3275	40
2088	946	3321	46
2089	945	3359	91
2090	849	3087	14
2091	849	3125	37
2092	850	3162	71
2093	848	3202	55
2094	850	3242	81
2095	850	3283	12
2096	853	3319	74
2097	938	3441	86
2098	910	3440	52
2099	943	3530	98
2100	947	3570	46
2101	943	3609	43
2102	946	3647	24
2103	947	3683	57
2104	947	3725	38
2105	947	3761	69
2106	946	3803	18
2107	946	3843	48
2108	946	3883	77
2109	904	3703	96
2110	928	3742	83
2111	904	3793	20
2112	895	3834	5
2113	897	3859	24
2114	867	3522	72
2115	848	3607	73
2116	848	3647	59
2117	849	3683	58
2118	848	3727	22
2119	852	3757	92
2120	850	3800	6
2121	849	3841	27
2122	850	3878	55
2123	826	3821	25
2124	811	3858	88
2125	694	1955	39
2126	824	1976	70
2127	804	2041	46
2128	793	2081	33
2129	762	2117	65
2130	803	2142	35
2131	750	2159	51
2132	773	2180	23
2133	861	2487	73
2134	831	2503	18
2135	842	2583	47
2136	759	2718	97
2137	791	2779	91
2138	780	2967	33
2139	829	3000	8
2140	808	3237	31
2141	819	3279	3
2142	760	3319	24
2143	780	3424	62
2144	808	3444	67
2145	785	3527	13
2146	780	3572	48
2147	748	3550	78
2148	750	3708	1
2149	655	1966	72
2150	656	2011	11
2151	655	2040	82
2152	656	2082	72
2153	658	2123	61
2154	656	2160	97
2155	656	2198	52
2156	658	2239	22
2157	657	2274	41
2158	657	2314	17
2159	657	2356	70
2160	657	2390	17
2161	654	2430	57
2162	655	2469	6
2163	656	2509	89
2164	599	2004	39
2165	597	2042	98
2166	598	2081	32
2167	596	2122	26
2168	598	2161	60
2169	599	2196	15
2170	600	2239	93
2171	597	2278	41
2172	597	2317	15
2173	598	2354	58
2174	597	2393	94
2175	598	2432	75
2176	597	2516	30
2177	598	2551	22
2178	734	2663	39
2179	735	2701	80
2180	735	2741	53
2181	735	2780	22
2182	735	2814	67
2183	734	2851	41
2184	732	2896	16
2185	734	2932	78
2186	704	2834	46
2187	680	2771	80
2188	689	2693	33
2189	697	2630	5
2190	657	2881	36
2191	639	2595	14
2192	636	2631	100
2193	639	2673	57
2194	637	2708	8
2195	635	2748	9
2196	635	2787	14
2197	635	2822	47
2198	636	2863	40
2199	636	2902	62
2200	636	2944	44
2201	598	2592	23
2202	600	2629	87
2203	596	2671	49
2204	598	2707	12
2205	596	2748	48
2206	596	2787	37
2207	597	2825	39
2208	598	2863	32
2209	595	2900	87
2210	595	2943	87
2211	733	3020	72
2212	628	2998	5
2213	547	3010	47
2214	734	3087	5
2215	733	3125	72
2216	736	3164	7
2217	732	3202	45
2218	732	3237	4
2219	733	3277	95
2220	734	3320	26
2221	703	3459	10
2222	692	3587	96
2223	733	3607	12
2224	731	3644	84
2225	733	3687	74
2226	734	3723	82
2227	732	3767	68
2228	732	3804	73
2229	734	3844	75
2230	733	3880	66
2231	674	3086	31
2232	676	3122	59
2233	674	3169	4
2234	674	3199	31
2235	672	3241	70
2236	675	3279	42
2237	677	3320	46
2238	676	3359	40
2239	675	3396	14
2240	674	3436	99
2241	666	3472	61
2242	676	3531	94
2243	675	3571	6
2244	672	3609	16
2245	674	3648	92
2246	675	3684	58
2247	675	3726	56
2248	674	3764	27
2249	674	3802	83
2250	674	3844	3
2251	676	3877	43
2252	578	3144	39
2253	620	3223	72
2254	640	3271	8
2255	607	3341	78
2256	636	3439	88
2257	597	3533	3
2258	609	3940	96
2259	438	49	12
2260	417	284	42
2261	457	122	78
2262	453	162	80
2263	454	202	52
2264	456	242	35
2265	457	282	72
2266	457	320	8
2267	456	361	94
2268	484	185	97
2269	524	122	6
2270	525	166	8
2271	526	204	31
2272	523	245	82
2273	524	283	47
2274	526	323	96
2275	524	361	27
2276	559	390	50
2277	390	410	68
2278	363	47	2
2279	339	124	86
2280	340	165	22
2281	340	204	95
2282	342	243	8
2283	341	282	94
2284	341	323	18
2285	342	359	40
2286	322	48	33
2287	302	127	66
2288	300	163	88
2289	302	203	24
2290	301	244	49
2291	302	285	82
2292	305	325	91
2293	304	362	53
2294	247	382	32
2295	223	282	55
2296	212	110	26
2297	233	50	22
2298	169	41	95
2299	186	128	38
2300	186	164	9
2301	186	203	76
2302	189	246	88
2303	186	285	4
2304	186	322	81
2305	188	361	66
2306	148	358	90
2307	147	322	5
2308	147	287	80
2309	150	244	20
2310	149	207	60
2311	149	166	28
2312	149	129	51
2313	111	168	69
2314	91	51	11
2315	54	48	50
2316	33	126	46
2317	33	167	97
2318	35	118	75
2319	35	248	9
2320	33	360	85
2321	31	364	34
2322	33	368	6
2323	34	372	14
2324	33	323	91
2325	34	362	60
2326	63	360	87
2327	90	324	11
2328	534	473	39
2329	529	610	3
2330	494	504	68
2331	467	475	83
2332	437	532	83
2333	454	603	39
2334	397	524	45
2335	415	479	84
2336	366	604	25
2337	322	524	25
2338	312	465	72
2339	272	522	69
2340	273	571	44
2341	262	436	95
2342	229	452	70
2343	224	484	23
2344	119	573	2
2345	117	526	46
2346	54	574	68
2347	52	493	65
2348	64	453	47
2349	4	554	28
2350	-47	512	90
2351	4	602	47
2352	34	632	61
2353	12	666	13
2354	550	691	27
2355	525	650	32
2356	525	689	54
2357	521	729	30
2358	523	766	20
2359	523	805	100
2360	521	841	3
2361	527	884	46
2362	455	1299	30
2363	427	884	63
2364	428	843	58
2365	429	804	47
2366	428	768	55
2367	427	728	35
2368	426	685	60
2369	430	648	80
2370	370	725	34
2371	387	781	11
2372	367	823	92
2373	311	883	74
2374	311	839	81
2375	313	801	91
2376	313	767	48
2377	309	724	82
2378	311	685	34
2379	316	649	24
2380	234	650	14
2381	234	685	16
2382	234	724	41
2383	212	745	32
2384	233	764	94
2385	233	802	95
2386	235	843	68
2387	236	885	24
2388	158	670	97
2389	117	646	27
2390	118	688	24
2391	119	728	77
2392	118	767	36
2393	120	805	100
2394	119	842	51
2395	120	882	43
2396	544	1038	82
2397	522	951	85
2398	477	1046	42
2399	475	979	24
2400	449	1050	56
2401	396	976	40
2402	299	941	31
2403	243	918	11
2404	262	991	7
2405	214	951	72
2406	205	987	60
2407	225	1026	28
2408	166	979	51
2409	127	1015	51
2410	106	972	58
2411	89	1017	3
2412	23	968	13
2413	-61	801	50
2414	-57	32	45
2415	523	1103	88
2416	524	1143	15
2417	523	1183	63
2418	522	1223	16
2419	523	1256	34
2420	523	1296	74
2421	523	1337	52
2422	523	1377	3
2423	526	1415	12
2424	523	1454	12
2425	476	1084	32
2426	476	1121	97
2427	475	1162	11
2428	475	1199	39
2429	477	1241	9
2430	474	1277	9
2431	475	1316	37
2432	478	1355	36
2433	478	1394	97
2434	475	1431	48
2435	475	1473	44
2436	878	1506	49
2437	474	1549	5
2438	475	1587	17
2439	475	1625	2
2440	478	1665	29
2441	475	1706	48
2442	475	1743	56
2443	476	1781	38
2444	476	1830	50
2445	476	1912	49
2446	436	1087	93
2447	439	1123	19
2448	438	1160	40
2449	434	1202	82
2450	436	1238	88
2451	435	1281	65
2452	436	1320	11
2453	435	1357	4
2454	436	1396	9
2455	436	1435	11
2456	438	1473	58
2457	435	1502	26
2458	435	1552	96
2459	434	1587	51
2460	436	1627	21
2461	438	1665	37
2462	437	1703	73
2463	437	1744	96
2464	438	1781	48
2465	438	1822	26
2466	437	1862	69
2467	434	1900	80
2468	391	1086	47
2469	377	1192	58
2470	385	1230	77
2471	367	1268	29
2472	378	1551	21
2473	358	1841	14
2474	346	1899	3
2475	317	1122	89
2476	322	1162	100
2477	322	1200	1
2478	319	1239	63
2479	321	1277	69
2480	319	1317	45
2481	321	1353	42
2482	321	1394	99
2483	320	1430	83
2484	320	1471	75
2485	320	1550	51
2486	321	1590	5
2487	318	1625	28
2488	319	1664	26
2489	320	1704	19
2490	321	1743	41
2491	319	1784	35
2492	321	1821	57
2493	321	1859	28
2494	319	1899	66
2495	279	1061	66
2496	283	1122	61
2497	281	1161	23
2498	281	1198	6
2499	280	1240	78
2500	282	1274	67
2501	281	1318	82
2502	281	1355	43
2503	281	1395	65
2504	281	1435	55
2505	283	1473	12
2506	281	1550	9
2507	281	1584	12
2508	282	1626	79
2509	281	1667	99
2510	281	1704	5
2511	281	1743	94
2512	284	1783	26
2513	283	1822	11
2514	282	1860	27
2515	282	1900	79
2516	216	1181	2
2517	246	1373	30
2518	241	1433	4
2519	230	1471	89
2520	260	1514	88
2521	236	1541	31
2522	235	1838	56
2523	205	1063	31
2524	167	1100	81
2525	170	1131	35
2526	166	1084	31
2527	165	1202	92
2528	167	1239	29
2529	187	1260	33
2530	168	1281	34
2531	167	1315	89
2532	165	1360	19
2533	168	1391	30
2534	167	1434	5
2535	170	1471	74
2536	167	1550	15
2537	166	1587	87
2538	165	1626	43
2539	167	1665	87
2540	167	1711	39
2541	169	1743	31
2542	167	1781	87
2543	167	1820	90
2544	168	1858	100
2545	167	1901	76
2546	131	1055	46
2547	129	1094	100
2548	128	1132	69
2549	125	1172	9
2550	128	1213	97
2551	126	1250	63
2552	128	1290	36
2553	123	1327	32
2554	127	1367	93
2555	128	1405	35
2556	129	1443	67
2557	127	1485	52
2558	128	1522	93
2559	131	1560	56
2560	129	1599	34
2561	130	1638	19
2562	130	1678	93
2563	127	1713	95
2564	128	1753	78
2565	91	1058	89
2566	89	1097	57
2567	87	1131	100
2568	87	1169	6
2569	86	1211	1
2570	86	1248	8
2571	90	1292	54
2572	87	1240	9
2573	90	1369	87
2574	86	1408	27
2575	88	1445	29
2576	90	1483	42
2577	91	1520	41
2578	88	1558	28
2579	94	1606	56
2580	91	1639	22
2581	88	1676	27
2582	89	1629	26
2583	89	1758	66
2584	53	1057	23
2585	49	1094	13
2586	49	1135	67
2587	51	1175	63
2588	51	1213	58
2589	49	1251	71
2590	50	1288	24
2591	50	1328	55
2592	51	1366	75
2593	49	1404	94
2594	51	1444	21
2595	50	1483	66
2596	51	1522	28
2597	50	1558	48
2598	53	1600	79
2599	50	1637	58
2600	50	1673	87
2601	47	1712	38
2602	50	1754	70
2603	49	1795	44
2604	11	1055	15
2605	16	1095	30
2606	12	1134	51
2607	13	1173	62
2608	15	1210	44
2609	12	1249	99
2610	11	1289	75
2611	14	1328	81
2612	13	1368	83
2613	14	1406	56
2614	16	1441	73
2615	13	1482	18
2616	14	1521	84
2617	10	1561	11
2618	12	1594	27
2619	10	1637	94
2620	15	1678	39
2621	15	1714	51
2622	11	1753	7
2623	11	1793	93
2624	21	1882	40
2625	88	1327	25
2626	88	1712	84
2627	503	2002	100
2628	512	2040	94
2629	542	2099	62
2630	521	2140	65
2631	534	2179	10
2632	484	2098	42
2633	434	2062	61
2634	414	2020	22
2635	394	2137	83
2636	426	2198	31
2637	463	2277	85
2638	484	2313	68
2639	415	2292	47
2640	435	2373	90
2641	436	2437	89
2642	463	2438	85
2643	494	2458	37
2644	484	2516	7
2645	484	2552	1
2646	483	2592	38
2647	483	2630	20
2648	484	2671	47
2649	483	2707	53
2650	484	2748	17
2651	482	2784	2
2652	482	2824	64
2653	484	2863	52
2654	485	2903	43
2655	483	2939	82
2656	521	2941	9
2657	520	2899	60
2658	523	2862	79
2659	521	2823	55
2660	521	2787	66
2661	524	2745	55
2662	520	2709	53
2663	521	2669	26
2664	522	2631	7
2665	520	2593	54
2666	473	3011	55
2667	337	1933	90
2668	359	1964	28
2669	368	2001	46
2670	368	2039	65
2671	367	2079	87
2672	367	2118	20
2673	368	2160	36
2674	367	2197	86
2675	367	2238	42
2676	368	2275	26
2677	368	2313	37
2678	370	2351	35
2679	369	2392	10
2680	365	2427	60
2681	322	2080	12
2682	319	2118	76
2683	318	2156	50
2684	319	2199	27
2685	318	2233	71
2686	319	2274	76
2687	319	2315	46
2688	318	2352	47
2689	319	2394	68
2690	318	2428	33
2691	290	1972	13
2692	281	1999	46
2693	282	2042	52
2694	280	2078	63
2695	278	2115	52
2696	280	2161	74
2697	280	2195	18
2698	279	2236	62
2699	281	2278	40
2700	280	2312	54
2701	281	2355	45
2702	280	2392	79
2703	277	2427	89
2704	348	2503	95
2705	385	2524	15
2706	387	2554	40
2707	365	2582	45
2708	376	2622	40
2709	394	2750	41
2710	395	2952	90
2711	308	2526	41
2712	279	2527	91
2713	280	2563	82
2714	321	2604	41
2715	283	2600	93
2716	316	2640	26
2717	282	2640	3
2718	321	2680	97
2719	280	2679	49
2720	320	2717	76
2721	282	2717	100
2722	320	2757	72
2723	279	2755	84
2724	318	2798	37
2725	283	2794	13
2726	319	2833	29
2727	281	2832	74
2728	318	2870	91
2729	282	2869	4
2730	321	2910	27
2731	280	2910	39
2732	320	2949	94
2733	281	2949	9
2734	557	3089	58
2735	559	3125	42
2736	556	3164	62
2737	558	3201	55
2738	558	3240	33
2739	559	3279	83
2740	558	3317	26
2741	559	3356	20
2742	561	3393	75
2743	560	3437	4
2744	490	3277	69
2745	463	3085	75
2746	462	3122	48
2747	464	3163	17
2748	463	3200	67
2749	461	3235	81
2750	464	3278	47
2751	462	3316	67
2752	464	3355	6
2753	463	3395	25
2754	464	3434	14
2755	558	3532	37
2756	559	3568	83
2757	559	3604	28
2758	562	3645	97
2759	558	3685	94
2760	561	3724	63
2761	558	3766	17
2762	559	3800	66
2763	560	3839	13
2764	561	3879	70
2765	520	3760	70
2766	509	3800	33
2767	511	3840	43
2768	509	3879	61
2769	460	3489	67
2770	443	3519	85
2771	452	3565	22
2772	464	3606	58
2773	463	3644	86
2774	461	3685	80
2775	462	3721	37
2776	463	3761	73
2777	462	3801	85
2778	462	3840	28
2779	462	3877	96
2780	444	3036	26
2781	357	3037	100
2782	394	3260	46
2783	397	3339	16
2784	396	3418	68
2785	384	3512	62
2786	388	3548	79
2787	374	3609	32
2788	403	3646	64
2789	424	3687	28
2790	406	3743	59
2791	405	3906	50
2792	442	3919	13
2793	344	3087	8
2794	349	3124	58
2795	346	3162	20
2796	347	3201	44
2797	348	3238	61
2798	347	3275	77
2799	346	3317	62
2800	349	3358	48
2801	347	3397	47
2802	349	3432	14
2803	349	3477	19
2804	347	3511	58
2805	348	3547	16
2806	346	3604	35
2807	346	3643	51
2808	347	3687	71
2809	348	3724	91
2810	346	3762	74
2811	348	3798	31
2812	344	3839	49
2813	347	3876	61
2814	324	3413	26
2815	307	3501	24
2816	296	3558	50
2817	327	3629	52
2818	296	3743	80
2819	270	3124	25
2820	272	3161	68
2821	269	3197	74
2822	272	3238	25
2823	270	3279	59
2824	271	3318	21
2825	273	3356	85
2826	250	3220	80
2827	231	3288	6
2828	221	3338	19
2829	242	3377	49
2830	263	3453	50
2831	252	3529	48
2832	212	3470	75
2833	211	3514	8
2834	272	3587	98
2835	270	3624	58
2836	268	3665	13
2837	270	3706	25
2838	270	3742	89
2839	270	3784	2
2840	270	3820	87
2841	270	3858	59
2842	271	3916	46
2843	213	3824	19
2844	194	3917	90
2845	223	2021	31
2846	222	2140	98
2847	234	2410	27
2848	231	2490	61
2849	202	2079	82
2850	203	2120	65
2851	202	2159	28
2852	203	2197	88
2853	201	2237	96
2854	204	2274	13
2855	204	2316	82
2856	202	2353	23
2857	200	2392	69
2858	204	2428	72
2859	203	2602	80
2860	204	2643	31
2861	205	2699	67
2862	205	2721	20
2863	204	2759	94
2864	204	2799	43
2865	204	2836	82
2866	203	2877	82
2867	204	2913	15
2868	204	2953	51
2869	164	2003	58
2870	165	2042	1
2871	165	2081	85
2872	164	2120	69
2873	164	2159	1
2874	165	2197	32
2875	164	2233	78
2876	164	2274	7
2877	166	2315	46
2878	165	2351	59
2879	164	2392	36
2880	164	2430	31
2881	165	2487	93
2882	164	2523	6
2883	166	2567	13
2884	165	2602	51
2885	166	2643	26
2886	163	2683	92
2887	165	2721	85
2888	165	2759	75
2889	164	2799	100
2890	163	2837	37
2891	166	2869	42
2892	166	2911	61
2893	164	2954	18
2894	128	2080	70
2895	127	2140	30
2896	127	2180	42
2897	125	2219	51
2898	125	2258	5
2899	127	2296	94
2900	125	2158	73
2901	128	2373	31
2902	127	2416	48
2903	126	2448	42
2904	128	2489	85
2905	127	2528	17
2906	127	2564	83
2907	126	2607	89
2908	127	2642	98
2909	126	2683	7
2910	126	2720	12
2911	128	2760	9
2912	127	2796	14
2913	124	2834	76
2914	127	2874	10
2915	129	2914	48
2916	78	1990	29
2917	88	2137	27
2918	90	2177	9
2919	87	2218	81
2920	87	2258	58
2921	90	2298	5
2922	91	2343	76
2923	90	2373	84
2924	92	2420	87
2925	89	2449	71
2926	87	2489	97
2927	86	2524	1
2928	90	2565	90
2929	88	2604	81
2930	89	2643	72
2931	87	2679	55
2932	89	2718	81
2933	89	2757	26
2934	90	2806	82
2935	88	2835	56
2936	87	2872	92
2937	88	2911	92
2938	50	2137	16
2939	50	2176	56
2940	51	2216	99
2941	49	2257	17
2942	50	2294	47
2943	49	2334	40
2944	49	2370	49
2945	48	2408	7
2946	50	2449	46
2947	50	2489	89
2948	50	2525	62
2949	49	2564	67
2950	50	2603	25
2951	50	2643	58
2952	49	2681	39
2953	50	2717	24
2954	50	2757	53
2955	51	2796	26
2956	49	2834	35
2957	49	2874	97
2958	-23	1994	13
2959	10	2137	27
2960	12	2178	86
2961	11	2217	92
2962	11	2256	83
2963	11	2292	54
2964	11	2333	89
2965	13	2378	93
2966	10	2411	7
2967	9	2448	18
2968	10	2484	33
2969	9	2524	94
2970	11	2563	42
2971	10	2601	15
2972	10	2640	48
2973	11	2682	17
2974	9	2718	30
2975	10	2754	39
2976	10	2801	68
2977	10	2834	79
2978	11	2872	46
2979	126	2334	88
2980	173	3143	62
2981	174	3184	47
2982	155	3123	84
2983	154	3162	12
2984	156	3203	6
2985	154	3241	86
2986	154	3278	63
2987	154	3314	12
2988	156	3355	96
2989	153	3397	68
2990	136	3468	5
2991	135	3510	100
2992	155	3551	23
2993	156	3591	83
2994	155	3627	70
2995	155	3665	70
2996	154	3707	76
2997	152	3744	84
2998	156	3791	2
2999	155	3822	29
3000	157	3861	76
3001	115	3547	74
3002	114	3585	39
3003	114	3600	86
3004	113	3610	26
3005	113	3624	42
3006	112	3663	41
3007	112	3699	20
3008	112	3739	56
3009	112	3779	35
3010	116	3819	74
3011	113	3858	88
3012	114	3898	14
3013	105	3102	35
3014	103	3159	38
3015	107	3256	82
3016	105	3295	71
3017	105	3375	34
3018	66	3215	95
3019	64	3374	14
3020	75	3462	34
3021	36	3460	57
3022	75	3546	82
3023	37	3547	27
3024	76	3624	11
3025	35	3622	11
3026	77	3702	24
3027	37	3701	45
3028	77	3778	30
3029	37	3780	50
3030	78	3858	96
3031	36	3856	70
3032	-4	3873	77
3033	17	2052	4
3034	16	2962	44
3035	-66	3134	89
3036	-68	3905	50
3037	38	3941	69
end {BasicAreas}
