begin {Parameters}
Number of BasicAreas
3038
Number of Districts
600
District Capacity
321
Basic Area Type
Point
Metric
l2
end {Parameters}

#Parameter	ExtId	XPos	YPos	Activity
begin {BasicAreas}
0	2830	40	98
1	2830	77	76
2	2830	114	58
3	2831	155	12
4	2830	194	90
5	2831	231	34
6	2831	269	17
7	2831	309	79
8	2830	347	43
9	2830	384	45
10	2792	35	48
11	2792	75	35
12	2790	115	20
13	2792	153	24
14	2791	191	62
15	2791	231	26
16	2790	271	39
17	2791	306	12
18	2791	345	100
19	2792	384	42
20	2800	460	94
21	2801	499	68
22	2801	538	85
23	2800	578	36
24	2802	620	1
25	2800	654	68
26	2800	694	38
27	2802	732	37
28	2800	772	88
29	2800	810	52
30	2762	459	61
31	2761	497	45
32	2761	540	67
33	2761	578	45
34	2762	591	2
35	2763	656	16
36	2762	694	13
37	2761	731	93
38	2762	770	76
39	2761	808	64
40	2801	946	57
41	2803	1034	62
42	2723	943	81
43	2724	1029	12
44	2702	1003	27
45	2800	1098	84
46	2799	1137	23
47	2831	1158	43
48	2801	1178	29
49	2800	1216	50
50	2829	1237	89
51	2801	1254	77
52	2800	1292	17
53	2800	1331	83
54	2801	1370	57
55	2799	1409	22
56	2804	1450	83
57	2759	1098	54
58	2762	1138	48
59	2762	1178	4
60	2761	1213	15
61	2763	1255	67
62	2761	1293	27
63	2763	1330	37
64	2761	1369	24
65	2759	1411	19
66	2761	1446	60
67	2762	617	20
68	2801	1507	47
69	2800	1548	89
70	2801	1581	15
71	2801	1619	85
72	2799	1656	41
73	2800	1698	82
74	2800	1738	69
75	2800	1781	84
76	2799	1820	63
77	2800	1856	51
78	2760	1506	99
79	2760	1543	2
80	2763	1586	43
81	2761	1621	22
82	2761	1659	52
83	2761	1698	17
84	2762	1737	4
85	2761	1775	26
86	2762	1821	37
87	2762	1853	68
88	2800	2067	18
89	2798	2102	27
90	2799	2143	73
91	2801	2183	46
92	2800	2221	55
93	2801	2262	79
94	2800	2299	43
95	2800	2337	64
96	2801	2376	40
97	2800	2414	91
98	2760	2066	22
99	2760	2105	38
100	2761	2144	31
101	2761	2184	61
102	2763	2222	38
103	2760	2259	14
104	2761	2297	70
105	2760	2338	86
106	2761	2372	85
107	2800	2411	22
108	2800	2491	76
109	2772	2512	71
110	2732	2491	45
111	2788	2167	86
112	2762	2676	68
113	2732	2618	39
114	2761	2903	45
115	2761	2983	34
116	2799	3041	81
117	2800	3083	65
118	2799	3117	73
119	2799	3085	78
120	2799	3195	48
121	2798	3234	39
122	2799	3274	69
123	2798	3312	7
124	2798	3350	27
125	2797	3389	50
126	2799	3427	53
127	2800	3464	56
128	2864	3474	17
129	2865	3515	23
130	2798	3563	51
131	2798	3796	64
132	2797	3794	83
133	2698	39	5
134	2697	116	70
135	2716	191	86
136	2696	540	46
137	2704	1437	61
138	2704	1583	65
139	2703	1680	11
140	2694	2221	54
141	2704	2317	86
142	2714	2345	70
143	2733	2374	76
144	2720	3100	50
145	2721	3147	18
146	2752	3198	95
147	2712	3194	11
148	2683	3196	85
149	2642	3195	56
150	2763	3292	67
151	2761	3332	51
152	2761	3369	67
153	2760	3409	46
154	2732	3467	57
155	2701	3621	14
156	2699	3852	57
157	2781	3940	95
158	2701	3940	94
159	2623	3945	10
160	2621	-5	46
161	2744	18	17
162	2649	25	36
163	2609	48	6
164	2659	94	26
165	2658	134	69
166	2659	171	18
167	2658	208	66
168	2657	248	95
169	2660	285	62
170	2659	325	83
171	2659	368	19
172	2545	92	62
173	2543	131	19
174	2543	170	29
175	2541	212	48
176	2538	248	28
177	2544	288	13
178	2541	246	30
179	2541	362	13
180	2571	270	32
181	2571	325	43
182	2485	36	32
183	2524	54	52
184	2494	249	1
185	2590	393	41
186	2641	411	97
187	2659	441	40
188	2660	500	83
189	2660	538	18
190	2658	577	13
191	2659	618	49
192	2660	656	42
193	2661	701	84
194	2658	733	75
195	2659	772	54
196	2582	439	95
197	2592	521	25
198	2581	770	39
199	2543	497	50
200	2542	536	6
201	2543	579	23
202	2542	615	13
203	2542	657	57
204	2543	691	74
205	2543	734	86
206	2541	771	30
207	2542	808	9
208	2543	847	29
209	2540	877	18
210	2617	847	79
211	2620	916	88
212	2570	1004	42
213	2529	1003	59
214	2656	1042	2
215	2658	1082	40
216	2656	1118	32
217	2657	1159	90
218	2656	1200	44
219	2657	1236	37
220	2657	1272	83
221	2657	1314	79
222	2616	1137	11
223	2617	1195	99
224	2624	1273	87
225	2598	1314	100
226	2558	1214	96
227	2542	1040	42
228	2540	1079	36
229	2541	1121	70
230	2540	1156	44
231	2539	1195	29
232	2539	1231	92
233	2540	1272	44
234	2540	1311	99
235	2501	1342	86
236	2540	1358	7
237	2540	1398	60
238	2512	1436	2
239	2628	1435	64
240	2643	1484	47
241	2667	1524	100
242	2666	1560	69
243	2665	1601	59
244	2667	1640	15
245	2665	1679	58
246	2665	1728	96
247	2666	1755	40
248	2666	1794	37
249	2665	1836	31
250	2667	1873	58
251	2646	1486	4
252	2617	1525	79
253	2628	1715	59
254	2618	1756	7
255	2548	1524	42
256	2550	1561	80
257	2552	1600	86
258	2550	1640	30
259	2550	1677	55
260	2551	1717	67
261	2551	1756	83
262	2551	1798	94
263	2549	1832	28
264	2550	1874	23
265	2579	1893	31
266	2665	1935	80
267	2647	1991	78
268	2667	2025	88
269	2667	2064	27
270	2667	2104	89
271	2665	2139	13
272	2666	2178	96
273	2665	2220	27
274	2665	2254	1
275	2548	2258	67
276	2549	2218	27
277	2549	2180	18
278	2550	2141	51
279	2549	2103	40
280	2548	2064	84
281	2548	2025	7
282	2538	1987	100
283	2590	2333	90
284	2666	2328	37
285	2667	2394	92
286	2667	2432	38
287	2666	2470	62
288	2666	2508	20
289	2665	2550	64
290	2665	2586	73
291	2666	2626	52
292	2549	2393	85
293	2548	2431	4
294	2549	2473	32
295	2548	2512	31
296	2546	2548	32
297	2550	2591	98
298	2548	2627	37
299	2687	2716	20
300	2686	2868	87
301	2647	2711	73
302	2645	2866	50
303	2643	2906	56
304	2645	2984	54
305	2604	2905	43
306	2605	3109	38
307	2605	3136	64
308	2606	3290	26
309	2606	3333	70
310	2606	3368	18
311	2604	3410	24
312	2568	3037	1
313	2568	3079	34
314	2568	3119	97
315	2567	3157	87
316	2566	3195	95
317	2567	3234	40
318	2568	3274	23
319	2566	3310	72
320	2568	3350	60
321	2566	3386	96
322	2567	3428	26
323	2568	3466	78
324	2352	89	95
325	2348	125	57
326	2349	168	86
327	2349	208	22
328	2350	244	11
329	2349	286	28
330	2350	322	13
331	2400	333	13
332	2466	323	15
333	2406	207	65
334	2378	168	33
335	2417	130	52
336	2397	70	87
337	2468	283	64
338	2467	242	13
339	2494	245	82
340	2467	208	39
341	2462	168	34
342	2465	129	38
343	2465	90	39
344	2421	383	8
345	2377	449	97
346	2458	392	78
347	2468	467	2
348	2507	561	38
349	2351	534	46
350	2352	574	3
351	2350	614	16
352	2350	652	49
353	2352	691	49
354	2350	727	88
355	2351	768	89
356	2467	765	79
357	2466	729	58
358	2466	692	41
359	2466	649	48
360	2466	613	8
361	2466	574	77
362	2467	540	88
363	2513	572	37
364	2350	827	28
365	2418	836	27
366	2438	875	3
367	2475	833	93
368	2495	941	24
369	2388	942	75
370	2348	940	61
371	2475	1008	68
372	2466	1038	72
373	2351	1040	55
374	2350	1075	66
375	2349	1114	66
376	2347	1152	21
377	2349	1192	86
378	2349	1232	6
379	2348	1270	56
380	2348	1307	27
381	2388	1209	82
382	2408	1116	97
383	2468	1310	34
384	2466	1269	29
385	2465	1232	63
386	2484	1212	60
387	2465	1190	21
388	2465	1158	94
389	2462	1112	43
390	2466	1075	24
391	2367	1354	17
392	2380	1433	35
393	2338	1452	73
394	2415	1482	75
395	2436	1431	19
396	2425	1394	89
397	2426	1358	39
398	2465	1471	39
399	2473	1373	69
400	2321	1522	85
401	2320	1557	34
402	2320	1598	14
403	2318	1638	15
404	2320	1673	68
405	2321	1717	27
406	2322	1755	7
407	2321	1794	45
408	2321	1832	44
409	2322	1872	3
410	2349	1831	46
411	2377	1870	17
412	2378	1830	60
413	2378	1789	37
414	2378	1752	81
415	2378	1714	61
416	2377	1679	65
417	2376	1637	83
418	2378	1597	77
419	2378	1558	25
420	2380	1524	40
421	2525	1880	5
422	2493	1868	20
423	2495	1830	71
424	2493	1791	60
425	2492	1753	16
426	2493	1714	89
427	2491	1676	69
428	2492	1634	4
429	2493	1601	70
430	2494	1559	10
431	2494	1349	30
432	2378	2022	51
433	2379	2059	39
434	2377	2099	77
435	2379	2137	62
436	2377	2177	82
437	2379	2218	4
438	2379	2254	88
439	2454	2041	15
440	2474	1953	77
441	2495	2288	47
442	2493	2255	29
443	2494	2218	33
444	2491	2176	18
445	2492	2138	21
446	2493	2100	80
447	2493	2061	66
448	2495	2022	17
449	2377	2388	55
450	2378	2425	76
451	2377	2468	30
452	2376	2501	61
453	2377	2547	91
454	2379	2586	60
455	2378	2624	80
456	2378	2663	79
457	2406	2428	11
458	2437	2505	47
459	2448	2624	4
460	2495	2665	92
461	2495	2623	74
462	2495	2585	63
463	2493	2547	25
464	2493	2506	60
465	2495	2468	26
466	2494	2429	85
467	2494	2391	67
468	2379	2749	80
469	2377	2786	61
470	2377	2825	17
471	2375	2865	45
472	2378	2903	76
473	2376	2943	26
474	2377	2981	55
475	2446	2769	63
476	2436	2729	21
477	2529	2979	72
478	2515	3013	69
479	2494	2982	45
480	2491	2942	37
481	2491	2902	37
482	2492	2865	28
483	2492	2825	80
484	2493	2786	9
485	2493	2748	1
486	2531	2827	65
487	2531	2787	45
488	2530	2710	12
489	2376	3057	1
490	2376	3095	64
491	2376	3136	95
492	2378	3175	8
493	2377	3212	33
494	2377	3251	34
495	2375	3288	2
496	2377	3328	77
497	2378	3368	33
498	2376	3408	79
499	2424	3426	92
500	2454	3444	100
501	2494	3403	62
502	2495	3368	87
503	2493	3326	67
504	2492	3286	61
505	2493	3248	21
506	2493	3210	25
507	2493	3170	84
508	2492	3127	33
509	2494	3095	45
510	2495	3059	77
511	2390	3550	93
512	2385	3695	5
513	2504	3813	88
514	2268	3813	37
515	2150	91	66
516	2150	129	80
517	2149	165	59
518	2147	209	2
519	2149	244	98
520	2147	282	6
521	2149	323	2
522	2179	243	93
523	2191	66	56
524	2228	76	57
525	2227	108	78
526	2218	303	76
527	2240	341	68
528	2267	325	26
529	2268	282	73
530	2326	306	62
531	2267	243	21
532	2302	223	60
533	2265	203	24
534	2305	188	9
535	2264	167	44
536	2267	127	8
537	2265	87	14
538	2303	72	6
539	2111	428	15
540	2111	466	93
541	2187	426	16
542	2246	486	11
543	2266	464	35
544	2317	468	89
545	2229	406	72
546	2150	534	44
547	2149	573	25
548	2147	611	42
549	2144	651	82
550	2150	691	56
551	2148	728	30
552	2148	848	71
553	2128	807	34
554	2178	611	53
555	2188	642	16
556	2225	515	48
557	2225	555	66
558	2233	728	93
559	2303	767	64
560	2267	767	27
561	2266	730	67
562	2303	709	43
563	2265	689	48
564	2312	650	86
565	2266	651	53
566	2267	615	12
567	2262	571	37
568	2266	534	20
569	2130	803	63
570	2167	848	71
571	2245	843	62
572	2286	885	51
573	2167	921	54
574	2136	939	4
575	2149	1031	91
576	2148	1063	89
577	2147	1107	61
578	2149	1143	89
579	2145	1183	76
580	2146	1219	79
581	2146	1261	32
582	2148	1300	34
583	2148	1333	2
584	2146	1377	70
585	2195	1378	89
586	2193	1221	28
587	2206	1181	51
588	2186	1142	35
589	2206	1106	7
590	2224	1066	71
591	2265	1375	57
592	2265	1339	87
593	2261	1296	34
594	2263	1260	93
595	2264	1220	79
596	2291	1221	79
597	2263	1182	79
598	2281	1164	75
599	2264	1143	66
600	2263	1104	59
601	2261	1065	63
602	2261	1026	87
603	2253	1463	70
604	2173	1462	98
605	2146	1520	45
606	2145	1558	35
607	2147	1597	81
608	2146	1635	93
609	2144	1677	96
610	2147	1716	46
611	2145	1753	17
612	2144	1793	46
613	2147	1831	3
614	2146	1870	56
615	2204	1868	1
616	2206	1830	94
617	2205	1789	32
618	2206	1753	75
619	2205	1714	80
620	2202	1673	47
621	2204	1635	67
622	2204	1596	85
623	2203	1557	17
624	2203	1521	44
625	2251	1813	70
626	2240	1558	56
627	2252	1521	70
628	2308	1966	83
629	2310	1927	53
630	2261	1922	31
631	2194	1921	55
632	2134	1951	47
633	2148	2080	14
634	2146	2122	27
635	2143	2161	70
636	2144	2200	2
637	2148	2240	3
638	2146	2278	100
639	2145	2316	16
640	2145	2354	85
641	2146	2393	24
642	2146	2434	26
643	2186	2136	58
644	2244	2450	9
645	2204	2430	38
646	2203	2391	63
647	2204	2273	13
648	2205	2314	65
649	2199	2273	65
650	2204	2239	49
651	2230	2254	8
652	2205	2197	92
653	2203	2158	100
654	2205	2602	88
655	2205	2083	6
656	2241	2062	61
657	2204	2043	43
658	2203	2014	77
659	2254	2026	23
660	2328	2024	55
661	2319	2080	47
662	2319	2122	59
663	2318	2165	83
664	2287	2169	34
665	2319	2202	89
666	2290	2230	30
667	2319	2238	36
668	2319	2277	6
669	2291	2297	23
670	2320	2316	16
671	2321	2355	13
672	2319	2396	36
673	2319	2430	64
674	2348	2396	70
675	2167	2537	24
676	2164	2576	43
677	2163	2624	37
678	2136	2641	78
679	2115	2584	52
680	2107	2661	57
681	2106	2701	30
682	2107	2740	39
683	2105	2775	51
684	2106	2819	51
685	2104	2855	52
686	2105	2894	91
687	2105	2933	84
688	2106	2992	89
689	2175	3029	90
690	2222	2990	32
691	2187	2932	52
692	2183	2893	21
693	2185	2853	21
694	2209	2813	27
695	2186	2814	67
696	2182	2778	90
697	2185	2738	30
698	2184	2700	36
699	2183	2661	93
700	2212	2699	64
701	2252	2739	93
702	2300	2991	51
703	2300	2964	43
704	2301	2933	20
705	2301	2896	42
706	2298	2854	92
707	2299	2816	22
708	2297	2776	99
709	2296	2738	57
710	2299	2700	10
711	2300	2660	30
712	2337	2703	75
713	2336	2663	74
714	2338	2620	4
715	2290	2585	4
716	2106	3087	14
717	2075	3104	51
718	2108	3123	83
719	2107	3165	9
720	2105	3201	14
721	2107	3242	21
722	2106	3277	31
723	2103	3318	53
724	2106	3359	22
725	2106	3416	28
726	2185	3356	52
727	2185	3319	50
728	2184	3277	16
729	2181	3242	55
730	2184	3201	54
731	2184	3163	9
732	2183	3122	70
733	2182	3081	57
734	2222	3222	19
735	2279	3184	47
736	2328	3077	59
737	2298	3084	22
738	2299	3125	4
739	2298	3165	69
740	2296	3205	39
741	2299	3239	72
742	2295	3280	18
743	2300	3324	25
744	2299	3355	16
745	2339	3260	50
746	2327	3416	1
747	2062	3604	44
748	2106	3606	13
749	2167	3618	19
750	2106	3643	42
751	2104	3684	67
752	2105	3723	39
753	2105	3764	54
754	2103	3801	89
755	2106	3841	36
756	2106	3884	74
757	2166	3850	34
758	2096	71	70
759	2097	227	5
760	2058	86	41
761	2061	131	83
762	2060	170	59
763	2058	209	35
764	2058	248	66
765	2057	285	12
766	2058	328	91
767	1991	187	29
768	1979	325	75
769	1937	53	2
770	1942	90	53
771	1944	130	65
772	1943	167	65
773	1942	209	84
774	1941	246	79
775	1941	285	7
776	1939	325	66
777	2037	410	44
778	2010	488	89
779	2062	538	27
780	2060	574	62
781	2059	615	98
782	2059	651	96
783	2060	691	10
784	2059	732	31
785	2059	772	40
786	2050	812	87
787	1989	733	23
788	1990	576	100
789	1941	536	37
790	1942	572	63
791	1944	614	4
792	1943	654	79
793	1943	693	42
794	1943	729	28
795	1941	771	100
796	1951	896	30
797	2058	981	44
798	2070	1031	52
799	2069	1069	53
800	2067	1107	14
801	2068	1142	92
802	2068	1182	51
803	2068	1223	89
804	2068	1259	90
805	2074	1299	80
806	2107	1327	56
807	2067	1365	81
808	2028	1318	10
809	2038	1281	90
810	2021	1243	96
811	2000	1205	24
812	1951	1257	80
813	1950	1223	50
814	1951	1183	55
815	1951	1146	20
816	1950	1111	83
817	1950	1068	7
818	1954	1028	40
819	1954	972	15
820	1951	893	70
821	1971	1087	84
822	2009	1032	74
823	1893	1348	83
824	1912	1409	11
825	1941	1427	96
826	2009	1433	5
827	2000	1387	80
828	2028	1526	88
829	2029	1561	63
830	2029	1599	40
831	2029	1638	14
832	2029	1680	82
833	2028	1719	35
834	2029	1755	51
835	2028	1795	35
836	2028	1833	71
837	2029	1872	68
838	2076	1813	93
839	2097	1853	78
840	2048	1950	88
841	2018	1930	51
842	1971	1521	19
843	1971	1560	84
844	1971	1600	59
845	1970	1643	97
846	1969	1677	50
847	1971	1717	39
848	1970	1754	48
849	1969	1795	88
850	1967	1351	29
851	1969	1871	95
852	2065	2026	59
853	2107	2095	79
854	2085	2141	52
855	2095	2229	5
856	2112	2317	41
857	2009	2024	81
858	2030	2084	36
859	2029	2123	35
860	2029	2162	38
861	2028	2202	96
862	2028	2239	43
863	2029	2275	9
864	2027	2317	77
865	2027	2354	14
866	2027	2393	32
867	2028	2433	40
868	1971	2082	38
869	1970	2120	49
870	1970	2161	55
871	1972	2201	95
872	1970	2239	32
873	1969	2278	3
874	1971	2317	86
875	1970	2355	39
876	1970	2392	7
877	1969	2433	78
878	1970	2469	95
879	1949	2553	12
880	2009	2576	100
881	2009	2622	81
882	2029	2665	40
883	1982	2663	29
884	1986	2707	87
885	1988	2743	15
886	1988	2777	8
887	1989	2818	31
888	1988	2857	97
889	1988	2893	42
890	1988	2934	67
891	1912	2664	100
892	1912	2703	25
893	1911	2738	31
894	1911	2779	68
895	1913	2817	26
896	1911	2858	20
897	1912	2895	56
898	1910	2932	83
899	2026	2992	59
900	1929	3049	64
901	1990	3088	73
902	1990	3125	89
903	1989	3165	60
904	1988	3203	38
905	1990	3244	22
906	1986	3280	60
907	1989	3317	32
908	1989	3357	35
909	1989	3419	58
910	2036	3318	54
911	2045	3389	74
912	1911	3416	80
913	1909	3357	32
914	1911	3318	57
915	1911	3278	22
916	1911	3240	49
917	1911	3201	2
918	1910	3165	27
919	1912	3124	21
920	1912	3086	71
921	1930	3049	22
922	2028	2992	14
923	1988	3606	92
924	1988	3646	33
925	1989	3685	41
926	1986	3724	71
927	1986	3766	84
928	1987	3803	99
929	1986	3841	50
930	1984	3880	51
931	2015	3802	58
932	2036	3841	69
933	2015	3881	50
934	1949	3605	28
935	1949	3647	28
936	1949	3811	90
937	1949	3888	92
938	1890	3540	5
939	1911	3570	88
940	1911	3608	69
941	1910	3649	19
942	1910	3686	75
943	1911	3726	30
944	1911	3760	48
945	1911	3802	52
946	1911	3841	30
947	1911	3880	69
948	1893	3820	51
949	1870	3782	82
950	1884	90	87
951	1886	245	62
952	1896	365	43
953	1846	91	9
954	1848	132	24
955	1846	168	10
956	1848	211	90
957	1848	249	20
958	1848	286	61
959	1850	327	68
960	1789	73	54
961	1781	128	66
962	1809	182	61
963	1819	214	18
964	1770	360	45
965	1761	449	11
966	1808	453	55
967	1837	438	21
968	1903	516	100
969	1857	540	34
970	1855	576	22
971	1855	615	11
972	1854	652	7
973	1886	697	3
974	1859	694	95
975	1856	734	44
976	1825	731	96
977	1856	770	61
978	1913	770	18
979	1894	829	72
980	1845	826	39
981	1847	904	42
982	1863	981	79
983	1866	1020	75
984	1866	1055	57
985	1866	1099	27
986	1865	1137	13
987	1868	1174	31
988	1866	1215	68
989	1866	1251	54
990	1866	1292	29
991	1863	1329	26
992	1864	1369	21
993	1862	1402	6
994	1836	1214	96
995	1749	979	99
996	1749	1018	60
997	1750	1059	40
998	1749	1098	39
999	1749	1138	57
1000	1748	1175	40
1001	1748	1213	75
1002	1750	1250	78
1003	1749	1293	85
1004	1717	1291	27
1005	1749	1330	37
1006	1750	1371	98
1007	1751	1409	80
1008	1697	1389	72
1009	1920	1563	84
1010	1933	1642	70
1011	1892	1636	80
1012	1913	1787	7
1013	1854	1523	98
1014	1856	1562	48
1015	1855	1600	76
1016	1853	1641	44
1017	1855	1678	72
1018	1855	1717	66
1019	1856	1756	15
1020	1855	1794	47
1021	1852	1834	82
1022	1853	1952	88
1023	1930	2024	33
1024	1929	2236	96
1025	1942	2277	48
1026	1921	2314	12
1027	1923	2382	8
1028	1932	2430	26
1029	1884	2451	77
1030	1853	2023	31
1031	1855	2083	80
1032	1856	2123	6
1033	1854	2160	47
1034	1854	2201	5
1035	1855	2236	77
1036	1853	2277	43
1037	1856	2317	73
1038	1855	2356	83
1039	1855	2394	61
1040	1852	2431	48
1041	1911	2528	15
1042	1871	2526	13
1043	1854	2645	93
1044	1851	2990	17
1045	1832	3298	83
1046	1832	3339	54
1047	1692	32	8
1048	1732	91	34
1049	1733	127	45
1050	1710	233	34
1051	1735	170	98
1052	1731	209	83
1053	1731	251	32
1054	1731	288	29
1055	1731	325	66
1056	1681	213	31
1057	1682	249	7
1058	1645	91	66
1059	1645	129	66
1060	1643	167	31
1061	1642	208	54
1062	1643	249	67
1063	1643	285	71
1064	1641	322	21
1065	1732	449	86
1066	1652	450	8
1067	1736	537	96
1068	1741	575	21
1069	1741	614	47
1070	1741	658	74
1071	1710	655	12
1072	1740	692	28
1073	1741	730	88
1074	1742	766	68
1075	1651	534	54
1076	1652	575	15
1077	1652	614	87
1078	1651	653	7
1079	1653	692	16
1080	1654	730	78
1081	1651	770	85
1082	1650	856	38
1083	1785	2005	99
1084	1788	2045	8
1085	1787	2085	20
1086	1788	2120	1
1087	1788	2160	97
1088	1786	2200	10
1089	1786	2238	4
1090	1787	2274	18
1091	1787	2316	41
1092	1758	2317	7
1093	1788	2355	20
1094	1757	2374	68
1095	1789	2368	38
1096	1785	2431	3
1097	1777	2471	4
1098	1727	1947	91
1099	1730	1986	70
1100	1706	2082	59
1101	1709	2429	23
1102	1668	2003	40
1103	1668	2044	85
1104	1668	2083	4
1105	1669	2121	78
1106	1669	2161	25
1107	1670	2200	20
1108	1670	2237	83
1109	1669	2274	24
1110	1669	2317	74
1111	1669	2356	40
1112	1669	2391	23
1113	1666	2430	40
1114	1797	2529	97
1115	1745	2568	19
1116	1680	2515	29
1117	1630	2530	19
1118	1796	2665	99
1119	1795	2703	57
1120	1798	2742	69
1121	1797	2778	29
1122	1796	2816	54
1123	1797	2857	48
1124	1795	2892	58
1125	1797	2934	50
1126	1736	2719	42
1127	1739	2779	85
1128	1728	2859	26
1129	1729	2913	46
1130	1736	2963	89
1131	1697	2664	2
1132	1699	2702	42
1133	1701	2742	50
1134	1699	2778	4
1135	1699	2816	31
1136	1699	2856	96
1137	1698	2894	61
1138	1695	2937	80
1139	1795	3088	63
1140	1795	3129	18
1141	1797	3163	93
1142	1797	3203	32
1143	1796	3243	16
1144	1795	3277	7
1145	1795	3320	90
1146	1796	3358	100
1147	1717	3020	33
1148	1739	3184	100
1149	1696	3041	56
1150	1699	3069	71
1151	1700	3109	48
1152	1700	3143	76
1153	1699	3183	48
1154	1701	3223	37
1155	1699	3260	80
1156	1678	3280	67
1157	1700	3302	4
1158	1701	3339	8
1159	1698	3379	47
1160	1697	3418	60
1161	1794	3571	98
1162	1795	3609	42
1163	1796	3647	45
1164	1795	3686	22
1165	1795	3726	31
1166	1795	3764	7
1167	1794	3802	63
1168	1795	3840	48
1169	1796	3881	21
1170	1697	3568	88
1171	1698	3605	2
1172	1698	3649	56
1173	1698	3685	50
1174	1699	3723	15
1175	1696	3765	11
1176	1699	3798	60
1177	1697	3847	91
1178	1695	3877	70
1179	1705	3918	71
1180	1443	88	80
1181	1442	127	11
1182	1440	167	82
1183	1441	204	63
1184	1442	242	22
1185	1442	282	28
1186	1440	321	60
1187	1482	302	49
1188	1480	262	60
1189	1481	223	66
1190	1477	68	10
1191	1529	86	89
1192	1528	126	63
1193	1531	167	54
1194	1526	204	23
1195	1530	245	66
1196	1528	283	99
1197	1530	323	26
1198	1548	366	4
1199	1564	331	25
1200	1415	458	31
1201	1402	574	14
1202	1412	610	13
1203	1453	455	2
1204	1452	492	77
1205	1452	534	7
1206	1453	572	39
1207	1451	612	22
1208	1451	652	8
1209	1454	687	39
1210	1453	731	95
1211	1451	765	3
1212	1452	805	4
1213	1452	844	56
1214	1452	880	16
1215	1542	891	29
1216	1537	809	25
1217	1540	767	13
1218	1542	727	17
1219	1615	765	6
1220	1576	708	71
1221	1539	689	40
1222	1533	647	37
1223	1540	610	7
1224	1539	573	25
1225	1538	534	9
1226	1518	455	39
1227	1412	1054	79
1228	1432	1073	81
1229	1452	1056	51
1230	1449	1093	72
1231	1450	1132	88
1232	1449	1172	79
1233	1454	1210	33
1234	1452	1252	84
1235	1452	1289	75
1236	1451	1324	5
1237	1450	1366	29
1238	1452	1406	71
1239	1509	1206	76
1240	1529	1291	33
1241	1570	1055	99
1242	1570	1092	68
1243	1567	1131	81
1244	1567	1171	54
1245	1566	1209	83
1246	1567	1251	39
1247	1566	1290	100
1248	1567	1322	96
1249	1565	1370	47
1250	1567	1405	72
1251	1586	1232	56
1252	1605	1190	46
1253	1663	1171	55
1254	1660	1089	68
1255	1663	1056	92
1256	1598	1995	88
1257	1490	2080	32
1258	1490	2121	67
1259	1487	2157	74
1260	1487	2198	84
1261	1489	2235	74
1262	1487	2274	38
1263	1489	2314	61
1264	1487	2351	46
1265	1492	2393	77
1266	1488	2429	28
1267	1517	2196	13
1268	1557	2215	4
1269	1556	2078	38
1270	1602	2079	95
1271	1604	2118	98
1272	1604	2074	44
1273	1605	2199	42
1274	1601	2237	17
1275	1604	2272	43
1276	1603	2316	16
1277	1604	2355	8
1278	1604	2391	6
1279	1603	2427	29
1280	1477	2491	38
1281	1458	2546	82
1282	1468	2613	20
1283	1494	2552	47
1284	1548	2553	3
1285	1594	2544	26
1286	1605	2494	27
1287	1488	2659	69
1288	1486	2703	61
1289	1488	2735	61
1290	1488	2776	14
1291	1457	2775	92
1292	1489	2813	4
1293	1488	2855	24
1294	1457	2890	10
1295	1488	2893	8
1296	1487	2932	18
1297	1544	2775	50
1298	1547	2699	78
1299	1535	2668	87
1300	1583	2660	82
1301	1585	2701	12
1302	1585	2738	48
1303	1584	2777	8
1304	1586	2815	9
1305	1581	2852	44
1306	1586	2894	65
1307	1583	2933	63
1308	1485	3010	24
1309	1439	3046	100
1310	1448	3124	50
1311	1488	3085	100
1312	1493	3124	13
1313	1489	3162	43
1314	1485	3201	93
1315	1492	3244	75
1316	1487	3279	72
1317	1490	3316	25
1318	1488	3357	27
1319	1583	3065	90
1320	1624	3107	8
1321	1588	3102	46
1322	1585	3146	92
1323	1583	3182	20
1324	1601	3205	73
1325	1584	3223	44
1326	1584	3258	21
1327	1584	3300	28
1328	1586	3341	33
1329	1582	3373	28
1330	1584	3417	97
1331	1613	3420	86
1332	1632	3435	91
1333	1640	3473	14
1334	1671	3463	85
1335	1499	3493	58
1336	1487	3528	93
1337	1488	3570	53
1338	1486	3596	8
1339	1487	3643	6
1340	1487	3685	48
1341	1487	3722	82
1342	1488	3763	25
1343	1487	3800	24
1344	1488	3841	43
1345	1488	3878	57
1346	1547	3703	24
1347	1543	3742	83
1348	1582	3572	91
1349	1583	3604	76
1350	1584	3648	32
1351	1584	3686	71
1352	1580	3722	53
1353	1584	3764	34
1354	1583	3801	46
1355	1584	3842	59
1356	1586	3878	7
1357	1624	3861	74
1358	1633	3901	46
1359	1661	3889	82
1360	1622	3648	97
1361	1631	3607	60
1362	1651	3568	54
1363	1187	114	73
1364	1225	83	23
1365	1253	91	32
1366	1283	86	75
1367	1251	128	95
1368	1249	163	78
1369	1252	206	90
1370	1230	225	74
1371	1250	245	75
1372	1287	243	9
1373	1254	283	70
1374	1254	324	7
1375	1292	324	46
1376	1319	48	77
1377	1329	83	92
1378	1327	126	12
1379	1329	166	60
1380	1329	204	9
1381	1330	244	27
1382	1329	284	21
1383	1329	321	91
1384	1396	68	48
1385	1417	128	81
1386	1415	167	56
1387	1405	211	21
1388	1366	265	58
1389	1376	333	34
1390	1415	327	18
1391	1260	533	30
1392	1260	571	68
1393	1258	610	96
1394	1259	648	80
1395	1257	689	29
1396	1259	727	49
1397	1259	765	43
1398	1258	804	9
1399	1258	864	64
1400	1297	611	81
1401	1298	574	45
1402	1298	531	29
1403	1339	453	27
1404	1337	493	63
1405	1334	533	64
1406	1335	573	47
1407	1336	612	6
1408	1336	650	55
1409	1336	689	20
1410	1337	733	58
1411	1336	768	9
1412	1335	803	18
1413	1335	844	51
1414	1333	885	58
1415	1384	806	27
1416	1279	990	1
1417	1279	1062	83
1418	1236	1135	68
1419	1239	1174	1
1420	1238	1210	89
1421	1239	1250	40
1422	1239	1288	84
1423	1239	1329	23
1424	1238	1364	67
1425	1238	1408	66
1426	1208	1406	11
1427	1238	1444	82
1428	1277	1193	47
1429	1315	1152	41
1430	1296	1319	59
1431	1357	1068	9
1432	1356	1130	74
1433	1356	1172	84
1434	1401	976	66
1435	1395	1192	94
1436	1359	1214	14
1437	1375	1231	88
1438	1357	1251	53
1439	1354	1288	71
1440	1353	1326	78
1441	1357	1368	85
1442	1356	1406	65
1443	1051	88	47
1444	1047	125	50
1445	1049	170	70
1446	1044	206	92
1447	1046	246	54
1448	1048	280	48
1449	1046	322	40
1450	1099	334	97
1451	1106	127	8
1452	1096	95	78
1453	1136	86	92
1454	1134	128	45
1455	1132	162	19
1456	1134	204	42
1457	1135	247	29
1458	1135	280	84
1459	1136	322	72
1460	1153	387	72
1461	1182	339	16
1462	1232	395	18
1463	1036	456	33
1464	1090	425	88
1465	1162	465	74
1466	1233	507	55
1467	1047	534	59
1468	1049	572	75
1469	1045	608	23
1470	1046	650	86
1471	1046	689	46
1472	1046	730	72
1473	1044	763	36
1474	1048	805	2
1475	1047	847	6
1476	1047	887	82
1477	1105	805	66
1478	1092	764	58
1479	1074	727	41
1480	1087	613	85
1481	1086	533	89
1482	1128	633	92
1483	1142	529	62
1484	1144	573	3
1485	1142	610	15
1486	1143	650	16
1487	1146	690	28
1488	1142	729	65
1489	1141	768	89
1490	1142	804	66
1491	1185	592	50
1492	1221	648	55
1493	1218	861	7
1494	1183	863	94
1495	1094	900	73
1496	1085	928	17
1497	1029	942	91
1498	1027	998	59
1499	1144	1009	16
1500	1174	996	96
1501	1202	1000	100
1502	1174	942	53
1503	998	1066	91
1504	998	1104	54
1505	995	1145	63
1506	999	1181	72
1507	997	1222	62
1508	996	1261	99
1509	997	1298	74
1510	998	1339	73
1511	996	1393	56
1512	1055	1431	32
1513	1093	1452	9
1514	1095	1424	71
1515	1055	1400	63
1516	1054	1363	26
1517	1083	1384	52
1518	1094	1355	34
1519	1053	1325	98
1520	1053	1284	100
1521	1056	1249	86
1522	1058	1210	98
1523	1057	1172	85
1524	1058	1136	70
1525	1059	1092	78
1526	1048	1056	46
1527	1078	1154	61
1528	1102	1171	44
1529	1171	1055	80
1530	1173	1093	47
1531	1172	1135	39
1532	1137	1134	9
1533	1174	1179	79
1534	1172	1212	15
1535	1170	1251	69
1536	1152	1270	72
1537	1172	1292	24
1538	1172	1330	15
1539	1171	1368	70
1540	1170	1408	64
1541	784	30	19
1542	806	107	72
1543	842	85	63
1544	844	130	5
1545	843	166	12
1546	844	206	18
1547	843	245	94
1548	845	282	13
1549	843	322	71
1550	843	361	81
1551	882	166	38
1552	884	88	7
1553	930	85	33
1554	933	127	19
1555	932	163	25
1556	931	205	99
1557	931	246	46
1558	904	264	86
1559	929	286	92
1560	933	321	45
1561	930	370	59
1562	991	165	55
1563	826	440	84
1564	965	459	88
1565	581	79	68
1566	642	90	15
1567	642	128	5
1568	637	164	94
1569	642	208	19
1570	641	248	36
1571	641	285	71
1572	642	323	80
1573	640	361	11
1574	671	360	75
1575	681	164	57
1576	680	84	75
1577	710	437	54
1578	730	359	84
1579	732	321	84
1580	767	323	78
1581	726	287	28
1582	727	244	32
1583	726	117	56
1584	729	166	34
1585	729	130	49
1586	728	86	34
1587	805	594	97
1588	782	653	3
1589	842	631	53
1590	855	706	43
1591	872	799	27
1592	845	826	23
1593	843	864	86
1594	890	848	17
1595	889	883	84
1596	950	919	16
1597	932	883	67
1598	929	846	18
1599	930	804	19
1600	925	765	52
1601	933	726	82
1602	928	689	11
1603	958	690	81
1604	932	651	95
1605	929	612	88
1606	931	570	87
1607	929	535	95
1608	1001	514	76
1609	573	325	27
1610	611	474	58
1611	610	503	40
1612	601	575	71
1613	654	571	100
1614	640	648	5
1615	642	688	52
1616	638	728	61
1617	640	766	53
1618	641	805	18
1619	640	842	42
1620	641	883	83
1621	689	890	93
1622	689	843	96
1623	688	804	22
1624	729	863	76
1625	727	628	20
1626	896	1027	72
1627	881	971	91
1628	823	961	81
1629	746	958	1
1630	602	953	35
1631	599	1009	62
1632	828	1065	69
1633	803	1085	58
1634	824	1104	46
1635	825	1144	63
1636	823	1181	33
1637	823	1222	36
1638	825	1261	96
1639	821	1298	32
1640	822	1356	66
1641	843	1399	96
1642	882	1336	58
1643	881	1296	20
1644	882	1263	57
1645	880	1215	53
1646	880	1178	72
1647	882	1143	61
1648	882	1102	88
1649	879	1065	43
1650	750	1088	79
1651	753	1216	48
1652	754	1258	17
1653	773	1307	85
1654	747	1358	78
1655	710	1301	97
1656	709	1261	90
1657	707	1223	29
1658	706	1181	89
1659	707	1146	33
1660	704	1102	55
1661	708	1067	76
1662	638	1105	98
1663	639	1145	51
1664	641	1179	95
1665	637	1222	60
1666	638	1256	52
1667	639	1298	66
1668	640	1337	57
1669	640	1375	69
1670	641	1415	41
1671	602	1394	22
1672	638	1455	99
1673	1796	1505	95
1674	1756	1494	43
1675	1717	1484	90
1676	1679	1484	76
1677	1631	1473	41
1678	1533	1492	58
1679	1051	1481	80
1680	1002	1482	10
1681	811	1481	19
1682	1758	1524	62
1683	1719	1525	50
1684	1678	1524	58
1685	1640	1525	33
1686	1601	1522	100
1687	1563	1524	35
1688	1523	1524	15
1689	1485	1521	53
1690	1448	1524	10
1691	1408	1523	17
1692	1370	1524	45
1693	1332	1523	26
1694	1292	1524	56
1695	1252	1523	62
1696	1215	1523	69
1697	1175	1522	75
1698	1140	1523	38
1699	1097	1524	78
1700	1060	1522	45
1701	1022	1522	87
1702	982	1521	14
1703	947	1522	11
1704	905	1521	81
1705	865	1522	2
1706	829	1522	67
1707	790	1523	66
1708	752	1520	8
1709	713	1520	7
1710	675	1521	70
1711	634	1522	1
1712	597	1521	85
1713	557	1521	51
1714	1757	1647	11
1715	1759	1687	97
1716	1739	1773	70
1717	1720	1598	65
1718	1699	1744	98
1719	1679	1696	17
1720	1660	1559	89
1721	1640	1658	69
1722	1622	1820	7
1723	1606	1548	100
1724	1563	1551	73
1725	1574	1596	6
1726	1574	1763	77
1727	1548	1832	7
1728	1488	1562	94
1729	1451	1561	59
1730	1464	1610	50
1731	1488	1715	6
1732	1410	1627	48
1733	1411	1693	44
1734	1391	1776	56
1735	1370	1594	11
1736	1361	1626	54
1737	1334	1754	28
1738	1313	1783	54
1739	1274	1560	14
1740	1178	1813	77
1741	1140	1814	51
1742	1080	1693	32
1743	1042	1706	83
1744	1004	1636	92
1745	927	1618	17
1746	928	1667	36
1747	869	1743	85
1748	871	1842	93
1749	830	1765	98
1750	811	1642	21
1751	782	1630	86
1752	752	1611	14
1753	713	1570	24
1754	716	1842	23
1755	676	1751	54
1756	676	1821	33
1757	628	1762	25
1758	611	1716	8
1759	634	1596	21
1760	598	1607	32
1761	560	1646	76
1762	560	1685	100
1763	521	1784	3
1764	1756	1869	25
1765	1717	1869	86
1766	1680	1870	94
1767	1642	1871	32
1768	1602	1871	76
1769	1564	1871	26
1770	1526	1870	96
1771	1487	1871	8
1772	1448	1873	87
1773	1409	1871	26
1774	1369	1872	89
1775	1333	1872	79
1776	1294	1872	38
1777	1253	1873	100
1778	1218	1872	20
1779	1176	1870	53
1780	1139	1869	7
1781	1100	1872	2
1782	1061	1871	72
1783	1024	1869	51
1784	983	1871	48
1785	945	1870	41
1786	904	1870	98
1787	869	1870	26
1788	829	1870	99
1789	789	1872	13
1790	751	1867	53
1791	713	1872	9
1792	674	1868	33
1793	637	1869	95
1794	596	1871	67
1795	557	1872	65
1796	1642	1902	82
1797	1563	1899	75
1798	1456	1928	36
1799	1256	1899	48
1800	1234	1936	40
1801	1144	1909	50
1802	1102	1910	54
1803	1060	1909	4
1804	984	1898	10
1805	948	1909	38
1806	883	1927	1
1807	848	1907	41
1808	769	1906	89
1809	716	1899	20
1810	674	1908	72
1811	599	1908	94
1812	1475	1984	40
1813	1428	2007	7
1814	1429	2044	4
1815	1430	2082	48
1816	1430	2122	76
1817	1429	2160	47
1818	1429	2198	77
1819	1430	2238	13
1820	1429	2277	17
1821	1428	2314	24
1822	1432	2369	32
1823	1428	2391	70
1824	1429	2427	47
1825	1425	2493	86
1826	1380	2004	99
1827	1410	2102	8
1828	1380	2239	29
1829	1409	2370	69
1830	1352	2311	47
1831	1351	2340	92
1832	1351	2410	26
1833	1313	2156	66
1834	1270	2334	56
1835	1274	2490	8
1836	1379	2550	2
1837	1343	2547	21
1838	1362	2602	47
1839	1291	2527	48
1840	1265	2560	3
1841	1286	2635	69
1842	1363	2662	79
1843	1369	2701	8
1844	1394	2722	56
1845	1371	2740	24
1846	1370	2782	20
1847	1370	2817	13
1848	1369	2857	78
1849	1409	2886	39
1850	1369	2894	71
1851	1369	2935	27
1852	1273	2933	12
1853	1272	2893	65
1854	1273	2852	83
1855	1274	2814	2
1856	1275	2780	8
1857	1272	2737	99
1858	1271	2701	81
1859	1273	2664	55
1860	1234	2963	23
1861	1272	2961	43
1862	1390	2982	71
1863	1252	3025	99
1864	1343	3049	74
1865	1372	3087	41
1866	1372	3128	61
1867	1373	3166	2
1868	1371	3201	91
1869	1372	3240	26
1870	1369	3287	87
1871	1369	3317	81
1872	1374	3358	1
1873	1328	3417	47
1874	1294	3421	54
1875	1271	3357	47
1876	1276	3318	66
1877	1274	3278	94
1878	1233	3280	41
1879	1273	3239	77
1880	1275	3199	22
1881	1273	3164	86
1882	1276	3126	93
1883	1275	3085	55
1884	1224	3184	85
1885	1194	3144	100
1886	1320	3201	91
1887	1322	3260	95
1888	1392	3504	18
1889	1423	3532	81
1890	1399	3764	60
1891	1408	3862	15
1892	1439	3890	28
1893	1370	3528	62
1894	1370	3569	71
1895	1368	3612	66
1896	1369	3646	20
1897	1371	3683	11
1898	1370	3723	65
1899	1370	3765	83
1900	1367	3801	81
1901	1368	3840	93
1902	1367	3882	6
1903	1331	3871	80
1904	1332	3792	60
1905	1312	3586	55
1906	1274	3528	15
1907	1272	3567	38
1908	1272	3606	92
1909	1272	3648	39
1910	1273	3683	6
1911	1272	3722	1
1912	1273	3764	40
1913	1274	3808	65
1914	1274	3841	54
1915	1274	3879	39
1916	1234	2182	10
1917	1248	2241	13
1918	1226	2276	66
1919	1195	2006	73
1920	1198	2043	99
1921	1199	2079	56
1922	1197	2119	21
1923	1199	2162	71
1924	1196	2200	21
1925	1198	2238	44
1926	1195	2278	63
1927	1197	2317	85
1928	1198	2357	56
1929	1196	2392	24
1930	1197	2432	1
1931	1206	2489	94
1932	1157	2003	51
1933	1157	2042	86
1934	1158	2081	99
1935	1158	2118	17
1936	1159	2162	82
1937	1156	2200	36
1938	1156	2240	46
1939	1156	2278	26
1940	1159	2315	61
1941	1157	2351	77
1942	1160	2393	72
1943	1159	2431	77
1944	1155	2472	88
1945	1161	2509	55
1946	1119	2470	2
1947	1191	2576	92
1948	1119	2573	40
1949	1194	2740	80
1950	1155	2661	95
1951	1159	2700	58
1952	1159	2738	68
1953	1160	2776	52
1954	1161	2815	83
1955	1159	2854	60
1956	1157	2892	16
1957	1163	2929	67
1958	1108	2815	12
1959	1108	2912	80
1960	1082	2758	34
1961	1062	2657	28
1962	1063	2701	32
1963	1064	2739	96
1964	1062	2776	95
1965	1063	2816	58
1966	1061	2850	83
1967	1060	2894	27
1968	1059	2933	32
1969	1176	3028	2
1970	1158	3088	33
1971	1160	3126	34
1972	1155	3166	44
1973	1158	3201	6
1974	1159	3242	14
1975	1157	3282	60
1976	1158	3320	14
1977	1158	3356	76
1978	1109	3068	22
1979	1121	3105	81
1980	1097	3206	3
1981	1064	3088	30
1982	1062	3131	23
1983	1064	3162	32
1984	1062	3203	1
1985	1061	3241	34
1986	1059	3280	67
1987	1061	3320	94
1988	1062	3357	6
1989	1213	3625	26
1990	1224	3667	69
1991	1186	3743	38
1992	1204	3783	66
1993	1157	3530	12
1994	1158	3569	59
1995	1159	3611	57
1996	1160	3645	43
1997	1153	3686	79
1998	1158	3729	25
1999	1158	3765	75
2000	1156	3801	98
2001	1157	3843	73
2002	1157	3880	99
2003	1118	3501	100
2004	1118	3794	23
2005	1118	3870	88
2006	1059	3529	24
2007	1061	3568	71
2008	1063	3607	94
2009	1062	3647	20
2010	1061	3682	94
2011	1062	3730	16
2012	1059	3763	3
2013	1061	3801	46
2014	1059	3842	74
2015	1060	3880	43
2016	954	1976	2
2017	955	2023	73
2018	1083	2026	92
2019	1073	2061	1
2020	1012	2100	27
2021	1072	2198	41
2022	981	2279	67
2023	1050	2507	44
2024	964	2624	92
2025	1005	2681	3
2026	984	2719	13
2027	1031	3009	29
2028	1004	3059	5
2029	970	3018	47
2030	1003	3426	9
2031	968	3425	92
2032	928	2006	28
2033	928	2048	73
2034	928	2081	61
2035	927	2122	6
2036	927	2159	88
2037	928	2200	34
2038	925	2241	47
2039	927	2276	90
2040	926	2317	28
2041	928	2354	79
2042	926	2391	37
2043	929	2429	90
2044	926	2469	20
2045	924	2508	68
2046	886	2003	58
2047	889	2045	69
2048	888	2083	63
2049	888	2120	81
2050	889	2159	46
2051	887	2201	20
2052	886	2241	59
2053	890	2276	84
2054	886	2315	25
2055	888	2353	77
2056	888	2392	72
2057	886	2430	65
2058	887	2468	63
2059	889	2509	11
2060	910	2588	99
2061	947	2662	77
2062	869	2633	72
2063	947	2659	36
2064	946	2700	66
2065	946	2740	31
2066	946	2777	78
2067	947	2815	16
2068	945	2856	73
2069	947	2894	81
2070	944	2932	74
2071	847	2929	64
2072	848	2891	75
2073	850	2854	26
2074	847	2813	35
2075	848	2775	6
2076	847	2736	46
2077	849	2699	56
2078	849	2665	69
2079	863	2987	84
2080	867	3019	8
2081	944	3021	70
2082	941	3088	54
2083	944	3127	40
2084	945	3160	21
2085	945	3203	20
2086	943	3242	47
2087	945	3275	50
2088	946	3321	65
2089	945	3359	70
2090	849	3087	44
2091	849	3125	48
2092	850	3162	87
2093	848	3202	42
2094	850	3242	33
2095	850	3283	28
2096	853	3319	44
2097	938	3441	13
2098	910	3440	39
2099	943	3530	75
2100	947	3570	52
2101	943	3609	83
2102	946	3647	86
2103	947	3683	70
2104	947	3725	57
2105	947	3761	32
2106	946	3803	41
2107	946	3843	18
2108	946	3883	77
2109	904	3703	94
2110	928	3742	55
2111	904	3793	93
2112	895	3834	49
2113	897	3859	28
2114	867	3522	72
2115	848	3607	61
2116	848	3647	79
2117	849	3683	99
2118	848	3727	54
2119	852	3757	71
2120	850	3800	21
2121	849	3841	26
2122	850	3878	60
2123	826	3821	31
2124	811	3858	3
2125	694	1955	36
2126	824	1976	65
2127	804	2041	91
2128	793	2081	90
2129	762	2117	61
2130	803	2142	34
2131	750	2159	43
2132	773	2180	78
2133	861	2487	22
2134	831	2503	78
2135	842	2583	80
2136	759	2718	52
2137	791	2779	40
2138	780	2967	42
2139	829	3000	56
2140	808	3237	88
2141	819	3279	55
2142	760	3319	11
2143	780	3424	95
2144	808	3444	26
2145	785	3527	16
2146	780	3572	90
2147	748	3550	98
2148	750	3708	4
2149	655	1966	27
2150	656	2011	18
2151	655	2040	44
2152	656	2082	14
2153	658	2123	82
2154	656	2160	16
2155	656	2198	34
2156	658	2239	96
2157	657	2274	77
2158	657	2314	56
2159	657	2356	7
2160	657	2390	88
2161	654	2430	18
2162	655	2469	23
2163	656	2509	56
2164	599	2004	79
2165	597	2042	29
2166	598	2081	67
2167	596	2122	30
2168	598	2161	34
2169	599	2196	37
2170	600	2239	26
2171	597	2278	32
2172	597	2317	33
2173	598	2354	97
2174	597	2393	18
2175	598	2432	59
2176	597	2516	38
2177	598	2551	96
2178	734	2663	71
2179	735	2701	80
2180	735	2741	80
2181	735	2780	67
2182	735	2814	61
2183	734	2851	4
2184	732	2896	46
2185	734	2932	88
2186	704	2834	83
2187	680	2771	7
2188	689	2693	54
2189	697	2630	31
2190	657	2881	76
2191	639	2595	57
2192	636	2631	17
2193	639	2673	36
2194	637	2708	33
2195	635	2748	66
2196	635	2787	60
2197	635	2822	28
2198	636	2863	48
2199	636	2902	55
2200	636	2944	29
2201	598	2592	76
2202	600	2629	50
2203	596	2671	8
2204	598	2707	3
2205	596	2748	70
2206	596	2787	75
2207	597	2825	77
2208	598	2863	11
2209	595	2900	38
2210	595	2943	72
2211	733	3020	15
2212	628	2998	98
2213	547	3010	67
2214	734	3087	58
2215	733	3125	16
2216	736	3164	11
2217	732	3202	6
2218	732	3237	2
2219	733	3277	50
2220	734	3320	9
2221	703	3459	64
2222	692	3587	87
2223	733	3607	49
2224	731	3644	51
2225	733	3687	68
2226	734	3723	56
2227	732	3767	4
2228	732	3804	31
2229	734	3844	95
2230	733	3880	5
2231	674	3086	52
2232	676	3122	67
2233	674	3169	18
2234	674	3199	38
2235	672	3241	22
2236	675	3279	1
2237	677	3320	13
2238	676	3359	98
2239	675	3396	77
2240	674	3436	28
2241	666	3472	49
2242	676	3531	23
2243	675	3571	90
2244	672	3609	60
2245	674	3648	68
2246	675	3684	66
2247	675	3726	44
2248	674	3764	63
2249	674	3802	63
2250	674	3844	80
2251	676	3877	77
2252	578	3144	69
2253	620	3223	88
2254	640	3271	97
2255	607	3341	58
2256	636	3439	52
2257	597	3533	9
2258	609	3940	57
2259	438	49	82
2260	417	284	85
2261	457	122	67
2262	453	162	7
2263	454	202	80
2264	456	242	26
2265	457	282	64
2266	457	320	13
2267	456	361	58
2268	484	185	9
2269	524	122	83
2270	525	166	56
2271	526	204	46
2272	523	245	100
2273	524	283	9
2274	526	323	20
2275	524	361	11
2276	559	390	76
2277	390	410	28
2278	363	47	96
2279	339	124	11
2280	340	165	48
2281	340	204	96
2282	342	243	58
2283	341	282	14
2284	341	323	86
2285	342	359	5
2286	322	48	97
2287	302	127	89
2288	300	163	78
2289	302	203	58
2290	301	244	63
2291	302	285	94
2292	305	325	18
2293	304	362	95
2294	247	382	38
2295	223	282	32
2296	212	110	51
2297	233	50	49
2298	169	41	35
2299	186	128	86
2300	186	164	13
2301	186	203	94
2302	189	246	100
2303	186	285	37
2304	186	322	65
2305	188	361	3
2306	148	358	58
2307	147	322	55
2308	147	287	68
2309	150	244	65
2310	149	207	41
2311	149	166	74
2312	149	129	71
2313	111	168	43
2314	91	51	79
2315	54	48	33
2316	33	126	84
2317	33	167	9
2318	35	118	99
2319	35	248	42
2320	33	360	11
2321	31	364	17
2322	33	368	39
2323	34	372	10
2324	33	323	37
2325	34	362	22
2326	63	360	33
2327	90	324	60
2328	534	473	79
2329	529	610	85
2330	494	504	65
2331	467	475	84
2332	437	532	78
2333	454	603	84
2334	397	524	99
2335	415	479	65
2336	366	604	17
2337	322	524	21
2338	312	465	69
2339	272	522	89
2340	273	571	62
2341	262	436	50
2342	229	452	47
2343	224	484	21
2344	119	573	64
2345	117	526	86
2346	54	574	88
2347	52	493	56
2348	64	453	99
2349	4	554	46
2350	-47	512	32
2351	4	602	49
2352	34	632	61
2353	12	666	66
2354	550	691	84
2355	525	650	19
2356	525	689	64
2357	521	729	50
2358	523	766	12
2359	523	805	84
2360	521	841	68
2361	527	884	52
2362	455	1299	62
2363	427	884	12
2364	428	843	45
2365	429	804	43
2366	428	768	8
2367	427	728	79
2368	426	685	46
2369	430	648	25
2370	370	725	86
2371	387	781	19
2372	367	823	99
2373	311	883	7
2374	311	839	42
2375	313	801	32
2376	313	767	51
2377	309	724	40
2378	311	685	96
2379	316	649	81
2380	234	650	79
2381	234	685	54
2382	234	724	8
2383	212	745	37
2384	233	764	62
2385	233	802	83
2386	235	843	63
2387	236	885	84
2388	158	670	90
2389	117	646	31
2390	118	688	47
2391	119	728	51
2392	118	767	39
2393	120	805	71
2394	119	842	23
2395	120	882	12
2396	544	1038	64
2397	522	951	86
2398	477	1046	31
2399	475	979	87
2400	449	1050	66
2401	396	976	50
2402	299	941	8
2403	243	918	38
2404	262	991	28
2405	214	951	84
2406	205	987	73
2407	225	1026	22
2408	166	979	84
2409	127	1015	61
2410	106	972	15
2411	89	1017	25
2412	23	968	76
2413	-61	801	56
2414	-57	32	57
2415	523	1103	31
2416	524	1143	75
2417	523	1183	22
2418	522	1223	43
2419	523	1256	55
2420	523	1296	51
2421	523	1337	39
2422	523	1377	64
2423	526	1415	6
2424	523	1454	8
2425	476	1084	100
2426	476	1121	11
2427	475	1162	2
2428	475	1199	28
2429	477	1241	14
2430	474	1277	25
2431	475	1316	29
2432	478	1355	18
2433	478	1394	32
2434	475	1431	4
2435	475	1473	13
2436	878	1506	39
2437	474	1549	54
2438	475	1587	72
2439	475	1625	68
2440	478	1665	71
2441	475	1706	45
2442	475	1743	94
2443	476	1781	11
2444	476	1830	21
2445	476	1912	65
2446	436	1087	30
2447	439	1123	86
2448	438	1160	57
2449	434	1202	41
2450	436	1238	60
2451	435	1281	21
2452	436	1320	58
2453	435	1357	40
2454	436	1396	64
2455	436	1435	25
2456	438	1473	79
2457	435	1502	69
2458	435	1552	91
2459	434	1587	19
2460	436	1627	5
2461	438	1665	84
2462	437	1703	98
2463	437	1744	8
2464	438	1781	2
2465	438	1822	20
2466	437	1862	41
2467	434	1900	30
2468	391	1086	97
2469	377	1192	39
2470	385	1230	88
2471	367	1268	41
2472	378	1551	16
2473	358	1841	56
2474	346	1899	12
2475	317	1122	84
2476	322	1162	56
2477	322	1200	47
2478	319	1239	56
2479	321	1277	55
2480	319	1317	50
2481	321	1353	38
2482	321	1394	83
2483	320	1430	25
2484	320	1471	69
2485	320	1550	20
2486	321	1590	9
2487	318	1625	11
2488	319	1664	52
2489	320	1704	81
2490	321	1743	26
2491	319	1784	42
2492	321	1821	7
2493	321	1859	9
2494	319	1899	4
2495	279	1061	93
2496	283	1122	78
2497	281	1161	24
2498	281	1198	24
2499	280	1240	83
2500	282	1274	82
2501	281	1318	89
2502	281	1355	20
2503	281	1395	14
2504	281	1435	79
2505	283	1473	3
2506	281	1550	54
2507	281	1584	96
2508	282	1626	95
2509	281	1667	96
2510	281	1704	53
2511	281	1743	54
2512	284	1783	27
2513	283	1822	80
2514	282	1860	15
2515	282	1900	53
2516	216	1181	46
2517	246	1373	53
2518	241	1433	7
2519	230	1471	69
2520	260	1514	50
2521	236	1541	44
2522	235	1838	84
2523	205	1063	100
2524	167	1100	22
2525	170	1131	55
2526	166	1084	58
2527	165	1202	48
2528	167	1239	98
2529	187	1260	38
2530	168	1281	88
2531	167	1315	84
2532	165	1360	10
2533	168	1391	3
2534	167	1434	20
2535	170	1471	87
2536	167	1550	16
2537	166	1587	25
2538	165	1626	35
2539	167	1665	83
2540	167	1711	32
2541	169	1743	87
2542	167	1781	25
2543	167	1820	27
2544	168	1858	24
2545	167	1901	44
2546	131	1055	61
2547	129	1094	74
2548	128	1132	31
2549	125	1172	3
2550	128	1213	16
2551	126	1250	63
2552	128	1290	27
2553	123	1327	71
2554	127	1367	66
2555	128	1405	1
2556	129	1443	46
2557	127	1485	48
2558	128	1522	49
2559	131	1560	65
2560	129	1599	6
2561	130	1638	17
2562	130	1678	73
2563	127	1713	58
2564	128	1753	77
2565	91	1058	74
2566	89	1097	58
2567	87	1131	92
2568	87	1169	7
2569	86	1211	74
2570	86	1248	8
2571	90	1292	60
2572	87	1240	1
2573	90	1369	88
2574	86	1408	55
2575	88	1445	17
2576	90	1483	61
2577	91	1520	4
2578	88	1558	92
2579	94	1606	100
2580	91	1639	38
2581	88	1676	20
2582	89	1629	83
2583	89	1758	24
2584	53	1057	58
2585	49	1094	44
2586	49	1135	39
2587	51	1175	33
2588	51	1213	19
2589	49	1251	96
2590	50	1288	24
2591	50	1328	3
2592	51	1366	42
2593	49	1404	29
2594	51	1444	84
2595	50	1483	73
2596	51	1522	55
2597	50	1558	12
2598	53	1600	83
2599	50	1637	88
2600	50	1673	59
2601	47	1712	34
2602	50	1754	24
2603	49	1795	20
2604	11	1055	79
2605	16	1095	55
2606	12	1134	79
2607	13	1173	97
2608	15	1210	58
2609	12	1249	50
2610	11	1289	17
2611	14	1328	58
2612	13	1368	29
2613	14	1406	45
2614	16	1441	2
2615	13	1482	77
2616	14	1521	78
2617	10	1561	89
2618	12	1594	8
2619	10	1637	31
2620	15	1678	57
2621	15	1714	33
2622	11	1753	44
2623	11	1793	82
2624	21	1882	34
2625	88	1327	10
2626	88	1712	65
2627	503	2002	17
2628	512	2040	23
2629	542	2099	55
2630	521	2140	5
2631	534	2179	68
2632	484	2098	38
2633	434	2062	1
2634	414	2020	35
2635	394	2137	74
2636	426	2198	55
2637	463	2277	100
2638	484	2313	54
2639	415	2292	70
2640	435	2373	91
2641	436	2437	1
2642	463	2438	43
2643	494	2458	25
2644	484	2516	70
2645	484	2552	75
2646	483	2592	53
2647	483	2630	78
2648	484	2671	53
2649	483	2707	33
2650	484	2748	8
2651	482	2784	44
2652	482	2824	84
2653	484	2863	48
2654	485	2903	91
2655	483	2939	56
2656	521	2941	6
2657	520	2899	37
2658	523	2862	86
2659	521	2823	85
2660	521	2787	39
2661	524	2745	90
2662	520	2709	75
2663	521	2669	19
2664	522	2631	2
2665	520	2593	4
2666	473	3011	98
2667	337	1933	44
2668	359	1964	23
2669	368	2001	20
2670	368	2039	19
2671	367	2079	38
2672	367	2118	95
2673	368	2160	53
2674	367	2197	78
2675	367	2238	21
2676	368	2275	74
2677	368	2313	25
2678	370	2351	100
2679	369	2392	83
2680	365	2427	1
2681	322	2080	76
2682	319	2118	80
2683	318	2156	68
2684	319	2199	67
2685	318	2233	18
2686	319	2274	93
2687	319	2315	71
2688	318	2352	74
2689	319	2394	88
2690	318	2428	26
2691	290	1972	58
2692	281	1999	34
2693	282	2042	97
2694	280	2078	34
2695	278	2115	27
2696	280	2161	37
2697	280	2195	45
2698	279	2236	100
2699	281	2278	63
2700	280	2312	24
2701	281	2355	38
2702	280	2392	95
2703	277	2427	27
2704	348	2503	68
2705	385	2524	6
2706	387	2554	99
2707	365	2582	81
2708	376	2622	61
2709	394	2750	35
2710	395	2952	92
2711	308	2526	71
2712	279	2527	72
2713	280	2563	90
2714	321	2604	59
2715	283	2600	78
2716	316	2640	52
2717	282	2640	42
2718	321	2680	69
2719	280	2679	8
2720	320	2717	13
2721	282	2717	17
2722	320	2757	62
2723	279	2755	24
2724	318	2798	51
2725	283	2794	40
2726	319	2833	74
2727	281	2832	74
2728	318	2870	85
2729	282	2869	66
2730	321	2910	66
2731	280	2910	50
2732	320	2949	38
2733	281	2949	62
2734	557	3089	25
2735	559	3125	1
2736	556	3164	29
2737	558	3201	33
2738	558	3240	50
2739	559	3279	54
2740	558	3317	27
2741	559	3356	33
2742	561	3393	29
2743	560	3437	27
2744	490	3277	40
2745	463	3085	88
2746	462	3122	89
2747	464	3163	31
2748	463	3200	58
2749	461	3235	40
2750	464	3278	15
2751	462	3316	38
2752	464	3355	57
2753	463	3395	15
2754	464	3434	4
2755	558	3532	59
2756	559	3568	8
2757	559	3604	11
2758	562	3645	1
2759	558	3685	5
2760	561	3724	20
2761	558	3766	82
2762	559	3800	19
2763	560	3839	67
2764	561	3879	57
2765	520	3760	92
2766	509	3800	66
2767	511	3840	82
2768	509	3879	93
2769	460	3489	8
2770	443	3519	77
2771	452	3565	68
2772	464	3606	80
2773	463	3644	36
2774	461	3685	26
2775	462	3721	58
2776	463	3761	71
2777	462	3801	17
2778	462	3840	43
2779	462	3877	63
2780	444	3036	48
2781	357	3037	88
2782	394	3260	84
2783	397	3339	38
2784	396	3418	1
2785	384	3512	47
2786	388	3548	100
2787	374	3609	78
2788	403	3646	99
2789	424	3687	19
2790	406	3743	9
2791	405	3906	95
2792	442	3919	68
2793	344	3087	78
2794	349	3124	84
2795	346	3162	24
2796	347	3201	49
2797	348	3238	12
2798	347	3275	29
2799	346	3317	24
2800	349	3358	2
2801	347	3397	49
2802	349	3432	59
2803	349	3477	66
2804	347	3511	32
2805	348	3547	47
2806	346	3604	87
2807	346	3643	73
2808	347	3687	23
2809	348	3724	64
2810	346	3762	64
2811	348	3798	89
2812	344	3839	92
2813	347	3876	83
2814	324	3413	11
2815	307	3501	76
2816	296	3558	96
2817	327	3629	43
2818	296	3743	61
2819	270	3124	49
2820	272	3161	94
2821	269	3197	62
2822	272	3238	42
2823	270	3279	17
2824	271	3318	18
2825	273	3356	8
2826	250	3220	20
2827	231	3288	10
2828	221	3338	22
2829	242	3377	35
2830	263	3453	6
2831	252	3529	79
2832	212	3470	86
2833	211	3514	11
2834	272	3587	9
2835	270	3624	70
2836	268	3665	11
2837	270	3706	93
2838	270	3742	97
2839	270	3784	76
2840	270	3820	49
2841	270	3858	91
2842	271	3916	29
2843	213	3824	74
2844	194	3917	40
2845	223	2021	79
2846	222	2140	17
2847	234	2410	84
2848	231	2490	23
2849	202	2079	81
2850	203	2120	3
2851	202	2159	18
2852	203	2197	71
2853	201	2237	30
2854	204	2274	95
2855	204	2316	75
2856	202	2353	54
2857	200	2392	70
2858	204	2428	55
2859	203	2602	28
2860	204	2643	64
2861	205	2699	56
2862	205	2721	46
2863	204	2759	61
2864	204	2799	39
2865	204	2836	50
2866	203	2877	78
2867	204	2913	81
2868	204	2953	17
2869	164	2003	56
2870	165	2042	27
2871	165	2081	3
2872	164	2120	61
2873	164	2159	62
2874	165	2197	81
2875	164	2233	62
2876	164	2274	81
2877	166	2315	18
2878	165	2351	37
2879	164	2392	57
2880	164	2430	87
2881	165	2487	71
2882	164	2523	75
2883	166	2567	75
2884	165	2602	88
2885	166	2643	31
2886	163	2683	12
2887	165	2721	68
2888	165	2759	16
2889	164	2799	31
2890	163	2837	50
2891	166	2869	64
2892	166	2911	3
2893	164	2954	27
2894	128	2080	8
2895	127	2140	48
2896	127	2180	79
2897	125	2219	35
2898	125	2258	79
2899	127	2296	86
2900	125	2158	58
2901	128	2373	76
2902	127	2416	98
2903	126	2448	17
2904	128	2489	63
2905	127	2528	11
2906	127	2564	1
2907	126	2607	8
2908	127	2642	15
2909	126	2683	63
2910	126	2720	59
2911	128	2760	24
2912	127	2796	54
2913	124	2834	63
2914	127	2874	92
2915	129	2914	97
2916	78	1990	7
2917	88	2137	63
2918	90	2177	26
2919	87	2218	25
2920	87	2258	5
2921	90	2298	63
2922	91	2343	37
2923	90	2373	78
2924	92	2420	42
2925	89	2449	56
2926	87	2489	41
2927	86	2524	81
2928	90	2565	83
2929	88	2604	32
2930	89	2643	66
2931	87	2679	11
2932	89	2718	89
2933	89	2757	7
2934	90	2806	49
2935	88	2835	47
2936	87	2872	83
2937	88	2911	52
2938	50	2137	100
2939	50	2176	17
2940	51	2216	87
2941	49	2257	99
2942	50	2294	92
2943	49	2334	73
2944	49	2370	45
2945	48	2408	48
2946	50	2449	7
2947	50	2489	68
2948	50	2525	5
2949	49	2564	79
2950	50	2603	85
2951	50	2643	6
2952	49	2681	46
2953	50	2717	78
2954	50	2757	11
2955	51	2796	84
2956	49	2834	99
2957	49	2874	39
2958	-23	1994	44
2959	10	2137	99
2960	12	2178	23
2961	11	2217	51
2962	11	2256	87
2963	11	2292	33
2964	11	2333	72
2965	13	2378	67
2966	10	2411	37
2967	9	2448	17
2968	10	2484	81
2969	9	2524	60
2970	11	2563	95
2971	10	2601	41
2972	10	2640	47
2973	11	2682	32
2974	9	2718	92
2975	10	2754	59
2976	10	2801	81
2977	10	2834	19
2978	11	2872	71
2979	126	2334	55
2980	173	3143	98
2981	174	3184	56
2982	155	3123	19
2983	154	3162	3
2984	156	3203	58
2985	154	3241	24
2986	154	3278	36
2987	154	3314	72
2988	156	3355	93
2989	153	3397	28
2990	136	3468	98
2991	135	3510	71
2992	155	3551	96
2993	156	3591	71
2994	155	3627	96
2995	155	3665	12
2996	154	3707	46
2997	152	3744	23
2998	156	3791	69
2999	155	3822	18
3000	157	3861	69
3001	115	3547	91
3002	114	3585	65
3003	114	3600	76
3004	113	3610	24
3005	113	3624	60
3006	112	3663	98
3007	112	3699	99
3008	112	3739	68
3009	112	3779	42
3010	116	3819	37
3011	113	3858	39
3012	114	3898	78
3013	105	3102	21
3014	103	3159	79
3015	107	3256	35
3016	105	3295	88
3017	105	3375	26
3018	66	3215	45
3019	64	3374	79
3020	75	3462	59
3021	36	3460	96
3022	75	3546	70
3023	37	3547	29
3024	76	3624	56
3025	35	3622	12
3026	77	3702	48
3027	37	3701	47
3028	77	3778	22
3029	37	3780	34
3030	78	3858	5
3031	36	3856	67
3032	-4	3873	23
3033	17	2052	1
3034	16	2962	62
3035	-66	3134	33
3036	-68	3905	22
3037	38	3941	65
end {BasicAreas}
