begin {Parameters}
Number of BasicAreas
3038
Number of Districts
900
District Capacity
216
Basic Area Type
Point
Metric
l2
end {Parameters}

#Parameter	ExtId	XPos	YPos	Activity
begin {BasicAreas}
0	2830	40	81
1	2830	77	49
2	2830	114	58
3	2831	155	24
4	2830	194	97
5	2831	231	6
6	2831	269	75
7	2831	309	70
8	2830	347	63
9	2830	384	100
10	2792	35	20
11	2792	75	84
12	2790	115	68
13	2792	153	82
14	2791	191	46
15	2791	231	17
16	2790	271	51
17	2791	306	35
18	2791	345	11
19	2792	384	14
20	2800	460	9
21	2801	499	59
22	2801	538	9
23	2800	578	70
24	2802	620	40
25	2800	654	21
26	2800	694	26
27	2802	732	65
28	2800	772	7
29	2800	810	42
30	2762	459	4
31	2761	497	76
32	2761	540	98
33	2761	578	38
34	2762	591	18
35	2763	656	16
36	2762	694	47
37	2761	731	15
38	2762	770	41
39	2761	808	22
40	2801	946	8
41	2803	1034	98
42	2723	943	68
43	2724	1029	81
44	2702	1003	39
45	2800	1098	73
46	2799	1137	22
47	2831	1158	62
48	2801	1178	1
49	2800	1216	49
50	2829	1237	7
51	2801	1254	37
52	2800	1292	14
53	2800	1331	16
54	2801	1370	41
55	2799	1409	25
56	2804	1450	6
57	2759	1098	34
58	2762	1138	61
59	2762	1178	4
60	2761	1213	1
61	2763	1255	88
62	2761	1293	1
63	2763	1330	19
64	2761	1369	52
65	2759	1411	11
66	2761	1446	81
67	2762	617	84
68	2801	1507	30
69	2800	1548	21
70	2801	1581	32
71	2801	1619	17
72	2799	1656	41
73	2800	1698	73
74	2800	1738	31
75	2800	1781	77
76	2799	1820	77
77	2800	1856	7
78	2760	1506	8
79	2760	1543	33
80	2763	1586	10
81	2761	1621	22
82	2761	1659	97
83	2761	1698	100
84	2762	1737	85
85	2761	1775	86
86	2762	1821	77
87	2762	1853	82
88	2800	2067	84
89	2798	2102	60
90	2799	2143	75
91	2801	2183	46
92	2800	2221	46
93	2801	2262	57
94	2800	2299	23
95	2800	2337	3
96	2801	2376	17
97	2800	2414	5
98	2760	2066	93
99	2760	2105	72
100	2761	2144	62
101	2761	2184	85
102	2763	2222	31
103	2760	2259	23
104	2761	2297	18
105	2760	2338	24
106	2761	2372	10
107	2800	2411	34
108	2800	2491	6
109	2772	2512	77
110	2732	2491	29
111	2788	2167	21
112	2762	2676	61
113	2732	2618	17
114	2761	2903	41
115	2761	2983	94
116	2799	3041	57
117	2800	3083	30
118	2799	3117	61
119	2799	3085	99
120	2799	3195	26
121	2798	3234	38
122	2799	3274	33
123	2798	3312	49
124	2798	3350	98
125	2797	3389	22
126	2799	3427	69
127	2800	3464	28
128	2864	3474	52
129	2865	3515	47
130	2798	3563	98
131	2798	3796	83
132	2797	3794	32
133	2698	39	99
134	2697	116	71
135	2716	191	24
136	2696	540	15
137	2704	1437	99
138	2704	1583	69
139	2703	1680	14
140	2694	2221	19
141	2704	2317	71
142	2714	2345	93
143	2733	2374	97
144	2720	3100	90
145	2721	3147	54
146	2752	3198	99
147	2712	3194	5
148	2683	3196	70
149	2642	3195	43
150	2763	3292	83
151	2761	3332	10
152	2761	3369	69
153	2760	3409	93
154	2732	3467	31
155	2701	3621	70
156	2699	3852	53
157	2781	3940	90
158	2701	3940	85
159	2623	3945	66
160	2621	-5	5
161	2744	18	42
162	2649	25	38
163	2609	48	19
164	2659	94	98
165	2658	134	57
166	2659	171	32
167	2658	208	72
168	2657	248	33
169	2660	285	35
170	2659	325	68
171	2659	368	95
172	2545	92	82
173	2543	131	48
174	2543	170	84
175	2541	212	75
176	2538	248	89
177	2544	288	98
178	2541	246	26
179	2541	362	44
180	2571	270	72
181	2571	325	21
182	2485	36	45
183	2524	54	61
184	2494	249	7
185	2590	393	36
186	2641	411	92
187	2659	441	54
188	2660	500	15
189	2660	538	38
190	2658	577	32
191	2659	618	69
192	2660	656	13
193	2661	701	20
194	2658	733	15
195	2659	772	66
196	2582	439	62
197	2592	521	94
198	2581	770	69
199	2543	497	35
200	2542	536	95
201	2543	579	47
202	2542	615	30
203	2542	657	54
204	2543	691	1
205	2543	734	64
206	2541	771	70
207	2542	808	41
208	2543	847	75
209	2540	877	68
210	2617	847	43
211	2620	916	78
212	2570	1004	47
213	2529	1003	93
214	2656	1042	60
215	2658	1082	2
216	2656	1118	90
217	2657	1159	92
218	2656	1200	9
219	2657	1236	7
220	2657	1272	24
221	2657	1314	5
222	2616	1137	50
223	2617	1195	29
224	2624	1273	66
225	2598	1314	57
226	2558	1214	29
227	2542	1040	10
228	2540	1079	27
229	2541	1121	67
230	2540	1156	59
231	2539	1195	53
232	2539	1231	40
233	2540	1272	72
234	2540	1311	12
235	2501	1342	63
236	2540	1358	51
237	2540	1398	84
238	2512	1436	30
239	2628	1435	61
240	2643	1484	82
241	2667	1524	1
242	2666	1560	29
243	2665	1601	72
244	2667	1640	52
245	2665	1679	59
246	2665	1728	59
247	2666	1755	99
248	2666	1794	89
249	2665	1836	40
250	2667	1873	66
251	2646	1486	58
252	2617	1525	57
253	2628	1715	72
254	2618	1756	91
255	2548	1524	50
256	2550	1561	14
257	2552	1600	47
258	2550	1640	82
259	2550	1677	25
260	2551	1717	37
261	2551	1756	46
262	2551	1798	18
263	2549	1832	78
264	2550	1874	70
265	2579	1893	66
266	2665	1935	30
267	2647	1991	46
268	2667	2025	13
269	2667	2064	99
270	2667	2104	24
271	2665	2139	9
272	2666	2178	36
273	2665	2220	84
274	2665	2254	34
275	2548	2258	15
276	2549	2218	50
277	2549	2180	50
278	2550	2141	51
279	2549	2103	90
280	2548	2064	96
281	2548	2025	76
282	2538	1987	46
283	2590	2333	35
284	2666	2328	1
285	2667	2394	50
286	2667	2432	22
287	2666	2470	44
288	2666	2508	92
289	2665	2550	5
290	2665	2586	64
291	2666	2626	81
292	2549	2393	37
293	2548	2431	63
294	2549	2473	82
295	2548	2512	2
296	2546	2548	73
297	2550	2591	63
298	2548	2627	99
299	2687	2716	60
300	2686	2868	41
301	2647	2711	6
302	2645	2866	26
303	2643	2906	34
304	2645	2984	16
305	2604	2905	21
306	2605	3109	100
307	2605	3136	21
308	2606	3290	73
309	2606	3333	66
310	2606	3368	60
311	2604	3410	88
312	2568	3037	59
313	2568	3079	81
314	2568	3119	30
315	2567	3157	86
316	2566	3195	76
317	2567	3234	83
318	2568	3274	23
319	2566	3310	31
320	2568	3350	56
321	2566	3386	61
322	2567	3428	4
323	2568	3466	36
324	2352	89	49
325	2348	125	85
326	2349	168	94
327	2349	208	28
328	2350	244	55
329	2349	286	21
330	2350	322	32
331	2400	333	83
332	2466	323	93
333	2406	207	100
334	2378	168	58
335	2417	130	96
336	2397	70	58
337	2468	283	37
338	2467	242	99
339	2494	245	63
340	2467	208	61
341	2462	168	40
342	2465	129	22
343	2465	90	85
344	2421	383	83
345	2377	449	19
346	2458	392	94
347	2468	467	23
348	2507	561	10
349	2351	534	52
350	2352	574	24
351	2350	614	42
352	2350	652	22
353	2352	691	95
354	2350	727	53
355	2351	768	47
356	2467	765	31
357	2466	729	44
358	2466	692	15
359	2466	649	70
360	2466	613	14
361	2466	574	16
362	2467	540	68
363	2513	572	55
364	2350	827	67
365	2418	836	14
366	2438	875	85
367	2475	833	31
368	2495	941	87
369	2388	942	4
370	2348	940	37
371	2475	1008	10
372	2466	1038	58
373	2351	1040	43
374	2350	1075	20
375	2349	1114	49
376	2347	1152	91
377	2349	1192	72
378	2349	1232	78
379	2348	1270	46
380	2348	1307	71
381	2388	1209	40
382	2408	1116	63
383	2468	1310	19
384	2466	1269	23
385	2465	1232	39
386	2484	1212	100
387	2465	1190	58
388	2465	1158	46
389	2462	1112	13
390	2466	1075	52
391	2367	1354	83
392	2380	1433	4
393	2338	1452	35
394	2415	1482	81
395	2436	1431	42
396	2425	1394	97
397	2426	1358	78
398	2465	1471	90
399	2473	1373	51
400	2321	1522	13
401	2320	1557	81
402	2320	1598	12
403	2318	1638	52
404	2320	1673	81
405	2321	1717	43
406	2322	1755	51
407	2321	1794	56
408	2321	1832	62
409	2322	1872	7
410	2349	1831	53
411	2377	1870	51
412	2378	1830	64
413	2378	1789	96
414	2378	1752	97
415	2378	1714	8
416	2377	1679	81
417	2376	1637	14
418	2378	1597	93
419	2378	1558	77
420	2380	1524	62
421	2525	1880	28
422	2493	1868	95
423	2495	1830	94
424	2493	1791	99
425	2492	1753	54
426	2493	1714	41
427	2491	1676	3
428	2492	1634	27
429	2493	1601	27
430	2494	1559	66
431	2494	1349	8
432	2378	2022	38
433	2379	2059	76
434	2377	2099	88
435	2379	2137	78
436	2377	2177	17
437	2379	2218	45
438	2379	2254	58
439	2454	2041	58
440	2474	1953	2
441	2495	2288	9
442	2493	2255	20
443	2494	2218	94
444	2491	2176	64
445	2492	2138	3
446	2493	2100	57
447	2493	2061	39
448	2495	2022	10
449	2377	2388	52
450	2378	2425	76
451	2377	2468	100
452	2376	2501	55
453	2377	2547	59
454	2379	2586	6
455	2378	2624	49
456	2378	2663	63
457	2406	2428	70
458	2437	2505	45
459	2448	2624	54
460	2495	2665	67
461	2495	2623	27
462	2495	2585	57
463	2493	2547	34
464	2493	2506	85
465	2495	2468	18
466	2494	2429	95
467	2494	2391	96
468	2379	2749	26
469	2377	2786	21
470	2377	2825	67
471	2375	2865	15
472	2378	2903	67
473	2376	2943	12
474	2377	2981	74
475	2446	2769	87
476	2436	2729	55
477	2529	2979	77
478	2515	3013	97
479	2494	2982	10
480	2491	2942	9
481	2491	2902	72
482	2492	2865	60
483	2492	2825	55
484	2493	2786	70
485	2493	2748	13
486	2531	2827	1
487	2531	2787	26
488	2530	2710	46
489	2376	3057	90
490	2376	3095	56
491	2376	3136	39
492	2378	3175	3
493	2377	3212	46
494	2377	3251	15
495	2375	3288	1
496	2377	3328	98
497	2378	3368	82
498	2376	3408	55
499	2424	3426	14
500	2454	3444	40
501	2494	3403	10
502	2495	3368	48
503	2493	3326	35
504	2492	3286	35
505	2493	3248	72
506	2493	3210	13
507	2493	3170	37
508	2492	3127	89
509	2494	3095	8
510	2495	3059	7
511	2390	3550	67
512	2385	3695	34
513	2504	3813	78
514	2268	3813	50
515	2150	91	90
516	2150	129	90
517	2149	165	95
518	2147	209	10
519	2149	244	54
520	2147	282	89
521	2149	323	11
522	2179	243	35
523	2191	66	61
524	2228	76	89
525	2227	108	89
526	2218	303	43
527	2240	341	25
528	2267	325	77
529	2268	282	32
530	2326	306	24
531	2267	243	60
532	2302	223	95
533	2265	203	52
534	2305	188	49
535	2264	167	62
536	2267	127	76
537	2265	87	24
538	2303	72	27
539	2111	428	78
540	2111	466	26
541	2187	426	45
542	2246	486	63
543	2266	464	96
544	2317	468	30
545	2229	406	91
546	2150	534	50
547	2149	573	17
548	2147	611	7
549	2144	651	47
550	2150	691	39
551	2148	728	1
552	2148	848	21
553	2128	807	80
554	2178	611	70
555	2188	642	82
556	2225	515	23
557	2225	555	91
558	2233	728	58
559	2303	767	98
560	2267	767	79
561	2266	730	49
562	2303	709	20
563	2265	689	89
564	2312	650	35
565	2266	651	24
566	2267	615	40
567	2262	571	88
568	2266	534	77
569	2130	803	56
570	2167	848	36
571	2245	843	100
572	2286	885	63
573	2167	921	78
574	2136	939	90
575	2149	1031	94
576	2148	1063	28
577	2147	1107	50
578	2149	1143	27
579	2145	1183	36
580	2146	1219	13
581	2146	1261	13
582	2148	1300	8
583	2148	1333	12
584	2146	1377	93
585	2195	1378	94
586	2193	1221	48
587	2206	1181	92
588	2186	1142	4
589	2206	1106	25
590	2224	1066	20
591	2265	1375	88
592	2265	1339	79
593	2261	1296	97
594	2263	1260	57
595	2264	1220	87
596	2291	1221	73
597	2263	1182	33
598	2281	1164	63
599	2264	1143	76
600	2263	1104	18
601	2261	1065	45
602	2261	1026	61
603	2253	1463	57
604	2173	1462	71
605	2146	1520	62
606	2145	1558	88
607	2147	1597	33
608	2146	1635	83
609	2144	1677	12
610	2147	1716	42
611	2145	1753	78
612	2144	1793	76
613	2147	1831	100
614	2146	1870	55
615	2204	1868	5
616	2206	1830	77
617	2205	1789	68
618	2206	1753	86
619	2205	1714	37
620	2202	1673	5
621	2204	1635	30
622	2204	1596	72
623	2203	1557	70
624	2203	1521	41
625	2251	1813	23
626	2240	1558	48
627	2252	1521	61
628	2308	1966	28
629	2310	1927	24
630	2261	1922	43
631	2194	1921	72
632	2134	1951	99
633	2148	2080	10
634	2146	2122	82
635	2143	2161	91
636	2144	2200	89
637	2148	2240	86
638	2146	2278	73
639	2145	2316	61
640	2145	2354	73
641	2146	2393	84
642	2146	2434	90
643	2186	2136	65
644	2244	2450	68
645	2204	2430	20
646	2203	2391	26
647	2204	2273	45
648	2205	2314	33
649	2199	2273	3
650	2204	2239	100
651	2230	2254	59
652	2205	2197	36
653	2203	2158	78
654	2205	2602	71
655	2205	2083	66
656	2241	2062	21
657	2204	2043	27
658	2203	2014	100
659	2254	2026	10
660	2328	2024	24
661	2319	2080	8
662	2319	2122	19
663	2318	2165	91
664	2287	2169	40
665	2319	2202	64
666	2290	2230	79
667	2319	2238	40
668	2319	2277	68
669	2291	2297	9
670	2320	2316	76
671	2321	2355	38
672	2319	2396	61
673	2319	2430	59
674	2348	2396	97
675	2167	2537	76
676	2164	2576	66
677	2163	2624	18
678	2136	2641	49
679	2115	2584	72
680	2107	2661	46
681	2106	2701	45
682	2107	2740	30
683	2105	2775	23
684	2106	2819	79
685	2104	2855	78
686	2105	2894	53
687	2105	2933	70
688	2106	2992	95
689	2175	3029	62
690	2222	2990	55
691	2187	2932	32
692	2183	2893	25
693	2185	2853	97
694	2209	2813	8
695	2186	2814	60
696	2182	2778	22
697	2185	2738	30
698	2184	2700	60
699	2183	2661	66
700	2212	2699	21
701	2252	2739	88
702	2300	2991	38
703	2300	2964	96
704	2301	2933	36
705	2301	2896	44
706	2298	2854	49
707	2299	2816	18
708	2297	2776	53
709	2296	2738	41
710	2299	2700	70
711	2300	2660	34
712	2337	2703	19
713	2336	2663	1
714	2338	2620	19
715	2290	2585	90
716	2106	3087	89
717	2075	3104	73
718	2108	3123	33
719	2107	3165	24
720	2105	3201	27
721	2107	3242	95
722	2106	3277	47
723	2103	3318	77
724	2106	3359	100
725	2106	3416	72
726	2185	3356	46
727	2185	3319	52
728	2184	3277	8
729	2181	3242	53
730	2184	3201	32
731	2184	3163	58
732	2183	3122	41
733	2182	3081	50
734	2222	3222	51
735	2279	3184	11
736	2328	3077	36
737	2298	3084	35
738	2299	3125	95
739	2298	3165	93
740	2296	3205	81
741	2299	3239	70
742	2295	3280	75
743	2300	3324	23
744	2299	3355	11
745	2339	3260	89
746	2327	3416	72
747	2062	3604	78
748	2106	3606	58
749	2167	3618	8
750	2106	3643	76
751	2104	3684	38
752	2105	3723	70
753	2105	3764	47
754	2103	3801	40
755	2106	3841	59
756	2106	3884	87
757	2166	3850	81
758	2096	71	76
759	2097	227	44
760	2058	86	85
761	2061	131	28
762	2060	170	95
763	2058	209	32
764	2058	248	57
765	2057	285	55
766	2058	328	51
767	1991	187	71
768	1979	325	63
769	1937	53	45
770	1942	90	18
771	1944	130	23
772	1943	167	78
773	1942	209	52
774	1941	246	1
775	1941	285	39
776	1939	325	8
777	2037	410	77
778	2010	488	89
779	2062	538	96
780	2060	574	86
781	2059	615	90
782	2059	651	26
783	2060	691	5
784	2059	732	99
785	2059	772	53
786	2050	812	67
787	1989	733	16
788	1990	576	100
789	1941	536	39
790	1942	572	92
791	1944	614	26
792	1943	654	100
793	1943	693	99
794	1943	729	87
795	1941	771	96
796	1951	896	4
797	2058	981	100
798	2070	1031	53
799	2069	1069	36
800	2067	1107	100
801	2068	1142	1
802	2068	1182	95
803	2068	1223	29
804	2068	1259	40
805	2074	1299	72
806	2107	1327	31
807	2067	1365	25
808	2028	1318	78
809	2038	1281	22
810	2021	1243	1
811	2000	1205	52
812	1951	1257	41
813	1950	1223	68
814	1951	1183	70
815	1951	1146	26
816	1950	1111	10
817	1950	1068	69
818	1954	1028	88
819	1954	972	13
820	1951	893	54
821	1971	1087	62
822	2009	1032	99
823	1893	1348	27
824	1912	1409	46
825	1941	1427	99
826	2009	1433	34
827	2000	1387	82
828	2028	1526	18
829	2029	1561	13
830	2029	1599	89
831	2029	1638	46
832	2029	1680	55
833	2028	1719	20
834	2029	1755	70
835	2028	1795	56
836	2028	1833	40
837	2029	1872	77
838	2076	1813	95
839	2097	1853	35
840	2048	1950	11
841	2018	1930	95
842	1971	1521	37
843	1971	1560	74
844	1971	1600	100
845	1970	1643	53
846	1969	1677	49
847	1971	1717	43
848	1970	1754	23
849	1969	1795	36
850	1967	1351	91
851	1969	1871	43
852	2065	2026	73
853	2107	2095	3
854	2085	2141	52
855	2095	2229	59
856	2112	2317	44
857	2009	2024	75
858	2030	2084	97
859	2029	2123	18
860	2029	2162	47
861	2028	2202	57
862	2028	2239	5
863	2029	2275	12
864	2027	2317	24
865	2027	2354	97
866	2027	2393	78
867	2028	2433	38
868	1971	2082	17
869	1970	2120	87
870	1970	2161	34
871	1972	2201	64
872	1970	2239	93
873	1969	2278	20
874	1971	2317	89
875	1970	2355	18
876	1970	2392	42
877	1969	2433	62
878	1970	2469	79
879	1949	2553	73
880	2009	2576	10
881	2009	2622	10
882	2029	2665	95
883	1982	2663	52
884	1986	2707	18
885	1988	2743	77
886	1988	2777	17
887	1989	2818	3
888	1988	2857	71
889	1988	2893	92
890	1988	2934	99
891	1912	2664	88
892	1912	2703	39
893	1911	2738	96
894	1911	2779	55
895	1913	2817	28
896	1911	2858	60
897	1912	2895	17
898	1910	2932	25
899	2026	2992	8
900	1929	3049	19
901	1990	3088	55
902	1990	3125	75
903	1989	3165	51
904	1988	3203	55
905	1990	3244	6
906	1986	3280	12
907	1989	3317	32
908	1989	3357	87
909	1989	3419	74
910	2036	3318	92
911	2045	3389	12
912	1911	3416	68
913	1909	3357	98
914	1911	3318	21
915	1911	3278	85
916	1911	3240	19
917	1911	3201	8
918	1910	3165	7
919	1912	3124	17
920	1912	3086	90
921	1930	3049	1
922	2028	2992	61
923	1988	3606	40
924	1988	3646	83
925	1989	3685	99
926	1986	3724	80
927	1986	3766	24
928	1987	3803	34
929	1986	3841	11
930	1984	3880	72
931	2015	3802	86
932	2036	3841	30
933	2015	3881	68
934	1949	3605	52
935	1949	3647	10
936	1949	3811	24
937	1949	3888	45
938	1890	3540	91
939	1911	3570	60
940	1911	3608	59
941	1910	3649	73
942	1910	3686	31
943	1911	3726	32
944	1911	3760	48
945	1911	3802	60
946	1911	3841	13
947	1911	3880	78
948	1893	3820	18
949	1870	3782	81
950	1884	90	50
951	1886	245	74
952	1896	365	53
953	1846	91	3
954	1848	132	35
955	1846	168	42
956	1848	211	38
957	1848	249	65
958	1848	286	95
959	1850	327	10
960	1789	73	10
961	1781	128	100
962	1809	182	18
963	1819	214	56
964	1770	360	74
965	1761	449	79
966	1808	453	18
967	1837	438	63
968	1903	516	47
969	1857	540	80
970	1855	576	10
971	1855	615	1
972	1854	652	86
973	1886	697	44
974	1859	694	21
975	1856	734	45
976	1825	731	22
977	1856	770	41
978	1913	770	50
979	1894	829	91
980	1845	826	90
981	1847	904	52
982	1863	981	85
983	1866	1020	82
984	1866	1055	100
985	1866	1099	17
986	1865	1137	1
987	1868	1174	94
988	1866	1215	4
989	1866	1251	26
990	1866	1292	2
991	1863	1329	4
992	1864	1369	4
993	1862	1402	19
994	1836	1214	21
995	1749	979	58
996	1749	1018	16
997	1750	1059	79
998	1749	1098	1
999	1749	1138	80
1000	1748	1175	25
1001	1748	1213	71
1002	1750	1250	48
1003	1749	1293	17
1004	1717	1291	73
1005	1749	1330	70
1006	1750	1371	1
1007	1751	1409	75
1008	1697	1389	18
1009	1920	1563	100
1010	1933	1642	73
1011	1892	1636	80
1012	1913	1787	83
1013	1854	1523	76
1014	1856	1562	1
1015	1855	1600	96
1016	1853	1641	96
1017	1855	1678	12
1018	1855	1717	2
1019	1856	1756	83
1020	1855	1794	17
1021	1852	1834	87
1022	1853	1952	74
1023	1930	2024	67
1024	1929	2236	20
1025	1942	2277	52
1026	1921	2314	38
1027	1923	2382	28
1028	1932	2430	54
1029	1884	2451	25
1030	1853	2023	48
1031	1855	2083	67
1032	1856	2123	48
1033	1854	2160	31
1034	1854	2201	46
1035	1855	2236	59
1036	1853	2277	55
1037	1856	2317	40
1038	1855	2356	56
1039	1855	2394	54
1040	1852	2431	52
1041	1911	2528	50
1042	1871	2526	54
1043	1854	2645	25
1044	1851	2990	17
1045	1832	3298	45
1046	1832	3339	66
1047	1692	32	50
1048	1732	91	55
1049	1733	127	43
1050	1710	233	47
1051	1735	170	95
1052	1731	209	53
1053	1731	251	52
1054	1731	288	42
1055	1731	325	36
1056	1681	213	22
1057	1682	249	8
1058	1645	91	89
1059	1645	129	90
1060	1643	167	30
1061	1642	208	72
1062	1643	249	48
1063	1643	285	9
1064	1641	322	26
1065	1732	449	23
1066	1652	450	80
1067	1736	537	6
1068	1741	575	48
1069	1741	614	73
1070	1741	658	18
1071	1710	655	21
1072	1740	692	97
1073	1741	730	22
1074	1742	766	93
1075	1651	534	66
1076	1652	575	85
1077	1652	614	84
1078	1651	653	59
1079	1653	692	47
1080	1654	730	19
1081	1651	770	14
1082	1650	856	76
1083	1785	2005	4
1084	1788	2045	61
1085	1787	2085	24
1086	1788	2120	8
1087	1788	2160	57
1088	1786	2200	91
1089	1786	2238	38
1090	1787	2274	21
1091	1787	2316	63
1092	1758	2317	87
1093	1788	2355	80
1094	1757	2374	9
1095	1789	2368	70
1096	1785	2431	97
1097	1777	2471	27
1098	1727	1947	17
1099	1730	1986	32
1100	1706	2082	32
1101	1709	2429	58
1102	1668	2003	67
1103	1668	2044	66
1104	1668	2083	79
1105	1669	2121	28
1106	1669	2161	21
1107	1670	2200	66
1108	1670	2237	49
1109	1669	2274	84
1110	1669	2317	45
1111	1669	2356	71
1112	1669	2391	83
1113	1666	2430	82
1114	1797	2529	88
1115	1745	2568	44
1116	1680	2515	60
1117	1630	2530	7
1118	1796	2665	93
1119	1795	2703	19
1120	1798	2742	98
1121	1797	2778	87
1122	1796	2816	51
1123	1797	2857	29
1124	1795	2892	10
1125	1797	2934	10
1126	1736	2719	78
1127	1739	2779	87
1128	1728	2859	48
1129	1729	2913	76
1130	1736	2963	27
1131	1697	2664	67
1132	1699	2702	31
1133	1701	2742	82
1134	1699	2778	26
1135	1699	2816	12
1136	1699	2856	48
1137	1698	2894	37
1138	1695	2937	3
1139	1795	3088	87
1140	1795	3129	15
1141	1797	3163	74
1142	1797	3203	64
1143	1796	3243	45
1144	1795	3277	63
1145	1795	3320	22
1146	1796	3358	16
1147	1717	3020	77
1148	1739	3184	73
1149	1696	3041	10
1150	1699	3069	29
1151	1700	3109	22
1152	1700	3143	3
1153	1699	3183	74
1154	1701	3223	55
1155	1699	3260	91
1156	1678	3280	85
1157	1700	3302	90
1158	1701	3339	56
1159	1698	3379	70
1160	1697	3418	24
1161	1794	3571	86
1162	1795	3609	3
1163	1796	3647	1
1164	1795	3686	6
1165	1795	3726	37
1166	1795	3764	4
1167	1794	3802	62
1168	1795	3840	7
1169	1796	3881	96
1170	1697	3568	94
1171	1698	3605	12
1172	1698	3649	22
1173	1698	3685	81
1174	1699	3723	3
1175	1696	3765	7
1176	1699	3798	100
1177	1697	3847	59
1178	1695	3877	56
1179	1705	3918	89
1180	1443	88	99
1181	1442	127	72
1182	1440	167	27
1183	1441	204	38
1184	1442	242	86
1185	1442	282	11
1186	1440	321	72
1187	1482	302	80
1188	1480	262	74
1189	1481	223	46
1190	1477	68	23
1191	1529	86	44
1192	1528	126	91
1193	1531	167	24
1194	1526	204	44
1195	1530	245	84
1196	1528	283	55
1197	1530	323	48
1198	1548	366	21
1199	1564	331	30
1200	1415	458	17
1201	1402	574	74
1202	1412	610	19
1203	1453	455	52
1204	1452	492	51
1205	1452	534	33
1206	1453	572	67
1207	1451	612	99
1208	1451	652	84
1209	1454	687	100
1210	1453	731	99
1211	1451	765	26
1212	1452	805	71
1213	1452	844	70
1214	1452	880	16
1215	1542	891	87
1216	1537	809	87
1217	1540	767	23
1218	1542	727	7
1219	1615	765	86
1220	1576	708	44
1221	1539	689	9
1222	1533	647	3
1223	1540	610	73
1224	1539	573	3
1225	1538	534	42
1226	1518	455	36
1227	1412	1054	25
1228	1432	1073	16
1229	1452	1056	7
1230	1449	1093	40
1231	1450	1132	38
1232	1449	1172	88
1233	1454	1210	22
1234	1452	1252	30
1235	1452	1289	77
1236	1451	1324	84
1237	1450	1366	63
1238	1452	1406	36
1239	1509	1206	43
1240	1529	1291	33
1241	1570	1055	42
1242	1570	1092	70
1243	1567	1131	29
1244	1567	1171	30
1245	1566	1209	11
1246	1567	1251	68
1247	1566	1290	93
1248	1567	1322	63
1249	1565	1370	90
1250	1567	1405	28
1251	1586	1232	59
1252	1605	1190	63
1253	1663	1171	44
1254	1660	1089	35
1255	1663	1056	100
1256	1598	1995	71
1257	1490	2080	9
1258	1490	2121	36
1259	1487	2157	60
1260	1487	2198	100
1261	1489	2235	40
1262	1487	2274	10
1263	1489	2314	15
1264	1487	2351	94
1265	1492	2393	77
1266	1488	2429	75
1267	1517	2196	81
1268	1557	2215	47
1269	1556	2078	67
1270	1602	2079	41
1271	1604	2118	65
1272	1604	2074	18
1273	1605	2199	96
1274	1601	2237	85
1275	1604	2272	94
1276	1603	2316	89
1277	1604	2355	7
1278	1604	2391	2
1279	1603	2427	60
1280	1477	2491	28
1281	1458	2546	71
1282	1468	2613	66
1283	1494	2552	41
1284	1548	2553	7
1285	1594	2544	81
1286	1605	2494	3
1287	1488	2659	43
1288	1486	2703	27
1289	1488	2735	44
1290	1488	2776	96
1291	1457	2775	18
1292	1489	2813	19
1293	1488	2855	10
1294	1457	2890	91
1295	1488	2893	6
1296	1487	2932	26
1297	1544	2775	26
1298	1547	2699	69
1299	1535	2668	89
1300	1583	2660	34
1301	1585	2701	44
1302	1585	2738	24
1303	1584	2777	6
1304	1586	2815	31
1305	1581	2852	22
1306	1586	2894	63
1307	1583	2933	45
1308	1485	3010	31
1309	1439	3046	71
1310	1448	3124	87
1311	1488	3085	100
1312	1493	3124	84
1313	1489	3162	78
1314	1485	3201	82
1315	1492	3244	34
1316	1487	3279	60
1317	1490	3316	20
1318	1488	3357	45
1319	1583	3065	93
1320	1624	3107	91
1321	1588	3102	88
1322	1585	3146	27
1323	1583	3182	17
1324	1601	3205	30
1325	1584	3223	10
1326	1584	3258	23
1327	1584	3300	89
1328	1586	3341	28
1329	1582	3373	74
1330	1584	3417	21
1331	1613	3420	14
1332	1632	3435	47
1333	1640	3473	26
1334	1671	3463	75
1335	1499	3493	14
1336	1487	3528	20
1337	1488	3570	69
1338	1486	3596	17
1339	1487	3643	2
1340	1487	3685	80
1341	1487	3722	14
1342	1488	3763	35
1343	1487	3800	32
1344	1488	3841	91
1345	1488	3878	44
1346	1547	3703	68
1347	1543	3742	99
1348	1582	3572	7
1349	1583	3604	96
1350	1584	3648	3
1351	1584	3686	22
1352	1580	3722	71
1353	1584	3764	28
1354	1583	3801	78
1355	1584	3842	6
1356	1586	3878	56
1357	1624	3861	6
1358	1633	3901	93
1359	1661	3889	61
1360	1622	3648	4
1361	1631	3607	44
1362	1651	3568	71
1363	1187	114	30
1364	1225	83	57
1365	1253	91	18
1366	1283	86	62
1367	1251	128	82
1368	1249	163	22
1369	1252	206	68
1370	1230	225	23
1371	1250	245	5
1372	1287	243	96
1373	1254	283	17
1374	1254	324	42
1375	1292	324	58
1376	1319	48	91
1377	1329	83	84
1378	1327	126	80
1379	1329	166	57
1380	1329	204	7
1381	1330	244	41
1382	1329	284	38
1383	1329	321	41
1384	1396	68	100
1385	1417	128	73
1386	1415	167	89
1387	1405	211	57
1388	1366	265	60
1389	1376	333	94
1390	1415	327	69
1391	1260	533	22
1392	1260	571	78
1393	1258	610	8
1394	1259	648	54
1395	1257	689	38
1396	1259	727	9
1397	1259	765	51
1398	1258	804	70
1399	1258	864	72
1400	1297	611	96
1401	1298	574	36
1402	1298	531	21
1403	1339	453	26
1404	1337	493	79
1405	1334	533	96
1406	1335	573	15
1407	1336	612	81
1408	1336	650	21
1409	1336	689	95
1410	1337	733	69
1411	1336	768	86
1412	1335	803	87
1413	1335	844	28
1414	1333	885	58
1415	1384	806	72
1416	1279	990	29
1417	1279	1062	78
1418	1236	1135	31
1419	1239	1174	1
1420	1238	1210	12
1421	1239	1250	5
1422	1239	1288	65
1423	1239	1329	84
1424	1238	1364	95
1425	1238	1408	27
1426	1208	1406	7
1427	1238	1444	30
1428	1277	1193	85
1429	1315	1152	29
1430	1296	1319	95
1431	1357	1068	65
1432	1356	1130	22
1433	1356	1172	4
1434	1401	976	82
1435	1395	1192	25
1436	1359	1214	34
1437	1375	1231	97
1438	1357	1251	7
1439	1354	1288	84
1440	1353	1326	6
1441	1357	1368	96
1442	1356	1406	16
1443	1051	88	27
1444	1047	125	54
1445	1049	170	25
1446	1044	206	50
1447	1046	246	77
1448	1048	280	66
1449	1046	322	19
1450	1099	334	9
1451	1106	127	32
1452	1096	95	87
1453	1136	86	7
1454	1134	128	43
1455	1132	162	35
1456	1134	204	22
1457	1135	247	8
1458	1135	280	26
1459	1136	322	26
1460	1153	387	7
1461	1182	339	25
1462	1232	395	17
1463	1036	456	77
1464	1090	425	68
1465	1162	465	25
1466	1233	507	7
1467	1047	534	90
1468	1049	572	72
1469	1045	608	6
1470	1046	650	21
1471	1046	689	29
1472	1046	730	89
1473	1044	763	87
1474	1048	805	68
1475	1047	847	12
1476	1047	887	45
1477	1105	805	2
1478	1092	764	79
1479	1074	727	34
1480	1087	613	75
1481	1086	533	25
1482	1128	633	87
1483	1142	529	33
1484	1144	573	98
1485	1142	610	1
1486	1143	650	12
1487	1146	690	71
1488	1142	729	83
1489	1141	768	12
1490	1142	804	70
1491	1185	592	70
1492	1221	648	2
1493	1218	861	11
1494	1183	863	23
1495	1094	900	72
1496	1085	928	26
1497	1029	942	66
1498	1027	998	59
1499	1144	1009	69
1500	1174	996	41
1501	1202	1000	75
1502	1174	942	70
1503	998	1066	14
1504	998	1104	70
1505	995	1145	89
1506	999	1181	35
1507	997	1222	97
1508	996	1261	73
1509	997	1298	34
1510	998	1339	60
1511	996	1393	57
1512	1055	1431	40
1513	1093	1452	39
1514	1095	1424	60
1515	1055	1400	80
1516	1054	1363	27
1517	1083	1384	55
1518	1094	1355	24
1519	1053	1325	32
1520	1053	1284	22
1521	1056	1249	18
1522	1058	1210	100
1523	1057	1172	66
1524	1058	1136	34
1525	1059	1092	90
1526	1048	1056	18
1527	1078	1154	86
1528	1102	1171	40
1529	1171	1055	16
1530	1173	1093	68
1531	1172	1135	33
1532	1137	1134	93
1533	1174	1179	87
1534	1172	1212	18
1535	1170	1251	52
1536	1152	1270	73
1537	1172	1292	70
1538	1172	1330	22
1539	1171	1368	2
1540	1170	1408	91
1541	784	30	26
1542	806	107	23
1543	842	85	72
1544	844	130	2
1545	843	166	90
1546	844	206	89
1547	843	245	44
1548	845	282	100
1549	843	322	3
1550	843	361	50
1551	882	166	66
1552	884	88	39
1553	930	85	87
1554	933	127	68
1555	932	163	46
1556	931	205	39
1557	931	246	70
1558	904	264	22
1559	929	286	98
1560	933	321	47
1561	930	370	9
1562	991	165	56
1563	826	440	52
1564	965	459	56
1565	581	79	62
1566	642	90	41
1567	642	128	64
1568	637	164	75
1569	642	208	52
1570	641	248	32
1571	641	285	35
1572	642	323	86
1573	640	361	88
1574	671	360	6
1575	681	164	81
1576	680	84	23
1577	710	437	89
1578	730	359	98
1579	732	321	55
1580	767	323	76
1581	726	287	51
1582	727	244	71
1583	726	117	1
1584	729	166	23
1585	729	130	66
1586	728	86	93
1587	805	594	98
1588	782	653	30
1589	842	631	28
1590	855	706	30
1591	872	799	70
1592	845	826	34
1593	843	864	72
1594	890	848	79
1595	889	883	48
1596	950	919	95
1597	932	883	57
1598	929	846	90
1599	930	804	76
1600	925	765	6
1601	933	726	42
1602	928	689	99
1603	958	690	99
1604	932	651	54
1605	929	612	60
1606	931	570	66
1607	929	535	61
1608	1001	514	53
1609	573	325	37
1610	611	474	38
1611	610	503	31
1612	601	575	91
1613	654	571	71
1614	640	648	82
1615	642	688	100
1616	638	728	16
1617	640	766	51
1618	641	805	25
1619	640	842	38
1620	641	883	50
1621	689	890	39
1622	689	843	23
1623	688	804	29
1624	729	863	49
1625	727	628	7
1626	896	1027	22
1627	881	971	75
1628	823	961	44
1629	746	958	60
1630	602	953	38
1631	599	1009	97
1632	828	1065	92
1633	803	1085	93
1634	824	1104	20
1635	825	1144	56
1636	823	1181	95
1637	823	1222	85
1638	825	1261	70
1639	821	1298	100
1640	822	1356	99
1641	843	1399	13
1642	882	1336	63
1643	881	1296	58
1644	882	1263	50
1645	880	1215	2
1646	880	1178	93
1647	882	1143	45
1648	882	1102	84
1649	879	1065	27
1650	750	1088	5
1651	753	1216	41
1652	754	1258	86
1653	773	1307	12
1654	747	1358	57
1655	710	1301	86
1656	709	1261	56
1657	707	1223	6
1658	706	1181	1
1659	707	1146	7
1660	704	1102	45
1661	708	1067	93
1662	638	1105	1
1663	639	1145	75
1664	641	1179	72
1665	637	1222	83
1666	638	1256	55
1667	639	1298	97
1668	640	1337	82
1669	640	1375	7
1670	641	1415	67
1671	602	1394	62
1672	638	1455	22
1673	1796	1505	85
1674	1756	1494	14
1675	1717	1484	38
1676	1679	1484	63
1677	1631	1473	17
1678	1533	1492	62
1679	1051	1481	19
1680	1002	1482	82
1681	811	1481	93
1682	1758	1524	80
1683	1719	1525	77
1684	1678	1524	96
1685	1640	1525	94
1686	1601	1522	71
1687	1563	1524	27
1688	1523	1524	11
1689	1485	1521	78
1690	1448	1524	28
1691	1408	1523	86
1692	1370	1524	45
1693	1332	1523	47
1694	1292	1524	6
1695	1252	1523	34
1696	1215	1523	46
1697	1175	1522	36
1698	1140	1523	59
1699	1097	1524	65
1700	1060	1522	89
1701	1022	1522	7
1702	982	1521	85
1703	947	1522	51
1704	905	1521	36
1705	865	1522	2
1706	829	1522	74
1707	790	1523	9
1708	752	1520	12
1709	713	1520	23
1710	675	1521	21
1711	634	1522	85
1712	597	1521	87
1713	557	1521	66
1714	1757	1647	20
1715	1759	1687	4
1716	1739	1773	12
1717	1720	1598	29
1718	1699	1744	18
1719	1679	1696	10
1720	1660	1559	59
1721	1640	1658	14
1722	1622	1820	11
1723	1606	1548	70
1724	1563	1551	97
1725	1574	1596	47
1726	1574	1763	98
1727	1548	1832	74
1728	1488	1562	35
1729	1451	1561	27
1730	1464	1610	57
1731	1488	1715	70
1732	1410	1627	34
1733	1411	1693	96
1734	1391	1776	67
1735	1370	1594	51
1736	1361	1626	15
1737	1334	1754	68
1738	1313	1783	13
1739	1274	1560	61
1740	1178	1813	52
1741	1140	1814	64
1742	1080	1693	56
1743	1042	1706	16
1744	1004	1636	93
1745	927	1618	81
1746	928	1667	26
1747	869	1743	76
1748	871	1842	32
1749	830	1765	98
1750	811	1642	98
1751	782	1630	73
1752	752	1611	99
1753	713	1570	26
1754	716	1842	57
1755	676	1751	16
1756	676	1821	23
1757	628	1762	87
1758	611	1716	65
1759	634	1596	7
1760	598	1607	45
1761	560	1646	52
1762	560	1685	97
1763	521	1784	10
1764	1756	1869	4
1765	1717	1869	55
1766	1680	1870	2
1767	1642	1871	86
1768	1602	1871	18
1769	1564	1871	33
1770	1526	1870	72
1771	1487	1871	47
1772	1448	1873	43
1773	1409	1871	17
1774	1369	1872	97
1775	1333	1872	61
1776	1294	1872	22
1777	1253	1873	59
1778	1218	1872	34
1779	1176	1870	39
1780	1139	1869	98
1781	1100	1872	49
1782	1061	1871	87
1783	1024	1869	62
1784	983	1871	51
1785	945	1870	43
1786	904	1870	34
1787	869	1870	8
1788	829	1870	85
1789	789	1872	95
1790	751	1867	46
1791	713	1872	17
1792	674	1868	10
1793	637	1869	88
1794	596	1871	27
1795	557	1872	47
1796	1642	1902	91
1797	1563	1899	99
1798	1456	1928	26
1799	1256	1899	24
1800	1234	1936	61
1801	1144	1909	36
1802	1102	1910	51
1803	1060	1909	43
1804	984	1898	49
1805	948	1909	25
1806	883	1927	21
1807	848	1907	74
1808	769	1906	49
1809	716	1899	35
1810	674	1908	71
1811	599	1908	67
1812	1475	1984	21
1813	1428	2007	97
1814	1429	2044	80
1815	1430	2082	98
1816	1430	2122	23
1817	1429	2160	77
1818	1429	2198	44
1819	1430	2238	50
1820	1429	2277	18
1821	1428	2314	30
1822	1432	2369	90
1823	1428	2391	32
1824	1429	2427	13
1825	1425	2493	67
1826	1380	2004	26
1827	1410	2102	95
1828	1380	2239	28
1829	1409	2370	45
1830	1352	2311	55
1831	1351	2340	41
1832	1351	2410	12
1833	1313	2156	30
1834	1270	2334	13
1835	1274	2490	89
1836	1379	2550	74
1837	1343	2547	1
1838	1362	2602	15
1839	1291	2527	24
1840	1265	2560	70
1841	1286	2635	66
1842	1363	2662	98
1843	1369	2701	54
1844	1394	2722	53
1845	1371	2740	26
1846	1370	2782	50
1847	1370	2817	82
1848	1369	2857	83
1849	1409	2886	91
1850	1369	2894	81
1851	1369	2935	46
1852	1273	2933	94
1853	1272	2893	56
1854	1273	2852	61
1855	1274	2814	91
1856	1275	2780	62
1857	1272	2737	99
1858	1271	2701	34
1859	1273	2664	67
1860	1234	2963	49
1861	1272	2961	76
1862	1390	2982	52
1863	1252	3025	24
1864	1343	3049	99
1865	1372	3087	89
1866	1372	3128	55
1867	1373	3166	13
1868	1371	3201	27
1869	1372	3240	24
1870	1369	3287	88
1871	1369	3317	88
1872	1374	3358	37
1873	1328	3417	91
1874	1294	3421	39
1875	1271	3357	93
1876	1276	3318	14
1877	1274	3278	53
1878	1233	3280	16
1879	1273	3239	52
1880	1275	3199	16
1881	1273	3164	33
1882	1276	3126	74
1883	1275	3085	20
1884	1224	3184	25
1885	1194	3144	38
1886	1320	3201	71
1887	1322	3260	76
1888	1392	3504	21
1889	1423	3532	87
1890	1399	3764	25
1891	1408	3862	67
1892	1439	3890	32
1893	1370	3528	76
1894	1370	3569	94
1895	1368	3612	67
1896	1369	3646	3
1897	1371	3683	37
1898	1370	3723	1
1899	1370	3765	39
1900	1367	3801	55
1901	1368	3840	10
1902	1367	3882	88
1903	1331	3871	48
1904	1332	3792	90
1905	1312	3586	66
1906	1274	3528	45
1907	1272	3567	68
1908	1272	3606	100
1909	1272	3648	97
1910	1273	3683	79
1911	1272	3722	93
1912	1273	3764	96
1913	1274	3808	68
1914	1274	3841	78
1915	1274	3879	92
1916	1234	2182	59
1917	1248	2241	71
1918	1226	2276	75
1919	1195	2006	10
1920	1198	2043	75
1921	1199	2079	8
1922	1197	2119	33
1923	1199	2162	60
1924	1196	2200	20
1925	1198	2238	66
1926	1195	2278	36
1927	1197	2317	45
1928	1198	2357	59
1929	1196	2392	13
1930	1197	2432	74
1931	1206	2489	83
1932	1157	2003	42
1933	1157	2042	40
1934	1158	2081	78
1935	1158	2118	1
1936	1159	2162	26
1937	1156	2200	100
1938	1156	2240	69
1939	1156	2278	56
1940	1159	2315	12
1941	1157	2351	10
1942	1160	2393	51
1943	1159	2431	65
1944	1155	2472	89
1945	1161	2509	15
1946	1119	2470	14
1947	1191	2576	74
1948	1119	2573	53
1949	1194	2740	92
1950	1155	2661	46
1951	1159	2700	24
1952	1159	2738	62
1953	1160	2776	68
1954	1161	2815	91
1955	1159	2854	32
1956	1157	2892	1
1957	1163	2929	65
1958	1108	2815	52
1959	1108	2912	1
1960	1082	2758	91
1961	1062	2657	77
1962	1063	2701	27
1963	1064	2739	53
1964	1062	2776	80
1965	1063	2816	98
1966	1061	2850	40
1967	1060	2894	51
1968	1059	2933	95
1969	1176	3028	52
1970	1158	3088	23
1971	1160	3126	23
1972	1155	3166	16
1973	1158	3201	81
1974	1159	3242	28
1975	1157	3282	36
1976	1158	3320	46
1977	1158	3356	7
1978	1109	3068	66
1979	1121	3105	70
1980	1097	3206	34
1981	1064	3088	96
1982	1062	3131	67
1983	1064	3162	28
1984	1062	3203	80
1985	1061	3241	15
1986	1059	3280	27
1987	1061	3320	100
1988	1062	3357	100
1989	1213	3625	94
1990	1224	3667	56
1991	1186	3743	29
1992	1204	3783	79
1993	1157	3530	74
1994	1158	3569	40
1995	1159	3611	81
1996	1160	3645	33
1997	1153	3686	99
1998	1158	3729	95
1999	1158	3765	46
2000	1156	3801	3
2001	1157	3843	67
2002	1157	3880	86
2003	1118	3501	66
2004	1118	3794	94
2005	1118	3870	98
2006	1059	3529	81
2007	1061	3568	18
2008	1063	3607	7
2009	1062	3647	95
2010	1061	3682	50
2011	1062	3730	44
2012	1059	3763	98
2013	1061	3801	56
2014	1059	3842	39
2015	1060	3880	8
2016	954	1976	76
2017	955	2023	84
2018	1083	2026	100
2019	1073	2061	4
2020	1012	2100	75
2021	1072	2198	44
2022	981	2279	12
2023	1050	2507	27
2024	964	2624	59
2025	1005	2681	96
2026	984	2719	60
2027	1031	3009	62
2028	1004	3059	34
2029	970	3018	31
2030	1003	3426	50
2031	968	3425	6
2032	928	2006	14
2033	928	2048	4
2034	928	2081	99
2035	927	2122	73
2036	927	2159	93
2037	928	2200	84
2038	925	2241	67
2039	927	2276	99
2040	926	2317	69
2041	928	2354	83
2042	926	2391	41
2043	929	2429	87
2044	926	2469	85
2045	924	2508	71
2046	886	2003	38
2047	889	2045	89
2048	888	2083	58
2049	888	2120	31
2050	889	2159	35
2051	887	2201	80
2052	886	2241	32
2053	890	2276	36
2054	886	2315	33
2055	888	2353	4
2056	888	2392	56
2057	886	2430	21
2058	887	2468	64
2059	889	2509	18
2060	910	2588	90
2061	947	2662	11
2062	869	2633	23
2063	947	2659	66
2064	946	2700	6
2065	946	2740	76
2066	946	2777	66
2067	947	2815	87
2068	945	2856	66
2069	947	2894	95
2070	944	2932	54
2071	847	2929	43
2072	848	2891	83
2073	850	2854	28
2074	847	2813	16
2075	848	2775	81
2076	847	2736	35
2077	849	2699	77
2078	849	2665	24
2079	863	2987	44
2080	867	3019	87
2081	944	3021	93
2082	941	3088	15
2083	944	3127	19
2084	945	3160	74
2085	945	3203	29
2086	943	3242	43
2087	945	3275	81
2088	946	3321	44
2089	945	3359	15
2090	849	3087	92
2091	849	3125	91
2092	850	3162	45
2093	848	3202	94
2094	850	3242	79
2095	850	3283	100
2096	853	3319	88
2097	938	3441	14
2098	910	3440	22
2099	943	3530	54
2100	947	3570	3
2101	943	3609	24
2102	946	3647	53
2103	947	3683	89
2104	947	3725	20
2105	947	3761	98
2106	946	3803	79
2107	946	3843	100
2108	946	3883	65
2109	904	3703	15
2110	928	3742	68
2111	904	3793	51
2112	895	3834	78
2113	897	3859	25
2114	867	3522	94
2115	848	3607	75
2116	848	3647	81
2117	849	3683	15
2118	848	3727	14
2119	852	3757	16
2120	850	3800	29
2121	849	3841	58
2122	850	3878	79
2123	826	3821	23
2124	811	3858	51
2125	694	1955	68
2126	824	1976	98
2127	804	2041	59
2128	793	2081	85
2129	762	2117	98
2130	803	2142	32
2131	750	2159	69
2132	773	2180	6
2133	861	2487	30
2134	831	2503	29
2135	842	2583	87
2136	759	2718	78
2137	791	2779	52
2138	780	2967	97
2139	829	3000	14
2140	808	3237	25
2141	819	3279	88
2142	760	3319	91
2143	780	3424	99
2144	808	3444	34
2145	785	3527	100
2146	780	3572	50
2147	748	3550	27
2148	750	3708	1
2149	655	1966	87
2150	656	2011	30
2151	655	2040	14
2152	656	2082	62
2153	658	2123	13
2154	656	2160	27
2155	656	2198	8
2156	658	2239	28
2157	657	2274	22
2158	657	2314	71
2159	657	2356	2
2160	657	2390	48
2161	654	2430	61
2162	655	2469	24
2163	656	2509	24
2164	599	2004	74
2165	597	2042	6
2166	598	2081	90
2167	596	2122	96
2168	598	2161	41
2169	599	2196	62
2170	600	2239	71
2171	597	2278	17
2172	597	2317	41
2173	598	2354	37
2174	597	2393	57
2175	598	2432	88
2176	597	2516	17
2177	598	2551	77
2178	734	2663	91
2179	735	2701	46
2180	735	2741	59
2181	735	2780	41
2182	735	2814	22
2183	734	2851	23
2184	732	2896	92
2185	734	2932	33
2186	704	2834	65
2187	680	2771	40
2188	689	2693	73
2189	697	2630	48
2190	657	2881	39
2191	639	2595	3
2192	636	2631	45
2193	639	2673	19
2194	637	2708	26
2195	635	2748	38
2196	635	2787	15
2197	635	2822	15
2198	636	2863	23
2199	636	2902	83
2200	636	2944	43
2201	598	2592	21
2202	600	2629	29
2203	596	2671	95
2204	598	2707	44
2205	596	2748	1
2206	596	2787	45
2207	597	2825	58
2208	598	2863	75
2209	595	2900	97
2210	595	2943	63
2211	733	3020	98
2212	628	2998	45
2213	547	3010	35
2214	734	3087	2
2215	733	3125	31
2216	736	3164	49
2217	732	3202	49
2218	732	3237	88
2219	733	3277	65
2220	734	3320	16
2221	703	3459	69
2222	692	3587	54
2223	733	3607	36
2224	731	3644	4
2225	733	3687	38
2226	734	3723	57
2227	732	3767	21
2228	732	3804	77
2229	734	3844	17
2230	733	3880	98
2231	674	3086	26
2232	676	3122	82
2233	674	3169	72
2234	674	3199	62
2235	672	3241	62
2236	675	3279	35
2237	677	3320	57
2238	676	3359	84
2239	675	3396	93
2240	674	3436	78
2241	666	3472	87
2242	676	3531	32
2243	675	3571	38
2244	672	3609	93
2245	674	3648	68
2246	675	3684	64
2247	675	3726	70
2248	674	3764	55
2249	674	3802	13
2250	674	3844	18
2251	676	3877	96
2252	578	3144	95
2253	620	3223	77
2254	640	3271	83
2255	607	3341	27
2256	636	3439	38
2257	597	3533	73
2258	609	3940	70
2259	438	49	43
2260	417	284	44
2261	457	122	45
2262	453	162	96
2263	454	202	11
2264	456	242	72
2265	457	282	7
2266	457	320	27
2267	456	361	55
2268	484	185	20
2269	524	122	48
2270	525	166	46
2271	526	204	53
2272	523	245	83
2273	524	283	23
2274	526	323	66
2275	524	361	81
2276	559	390	42
2277	390	410	37
2278	363	47	46
2279	339	124	48
2280	340	165	53
2281	340	204	30
2282	342	243	12
2283	341	282	34
2284	341	323	21
2285	342	359	1
2286	322	48	71
2287	302	127	6
2288	300	163	18
2289	302	203	57
2290	301	244	16
2291	302	285	34
2292	305	325	73
2293	304	362	63
2294	247	382	48
2295	223	282	67
2296	212	110	83
2297	233	50	7
2298	169	41	76
2299	186	128	42
2300	186	164	13
2301	186	203	51
2302	189	246	82
2303	186	285	42
2304	186	322	7
2305	188	361	34
2306	148	358	67
2307	147	322	4
2308	147	287	64
2309	150	244	40
2310	149	207	1
2311	149	166	17
2312	149	129	75
2313	111	168	51
2314	91	51	54
2315	54	48	73
2316	33	126	74
2317	33	167	100
2318	35	118	14
2319	35	248	79
2320	33	360	67
2321	31	364	80
2322	33	368	41
2323	34	372	48
2324	33	323	27
2325	34	362	34
2326	63	360	96
2327	90	324	3
2328	534	473	78
2329	529	610	32
2330	494	504	60
2331	467	475	11
2332	437	532	97
2333	454	603	77
2334	397	524	29
2335	415	479	36
2336	366	604	17
2337	322	524	67
2338	312	465	25
2339	272	522	44
2340	273	571	12
2341	262	436	45
2342	229	452	28
2343	224	484	68
2344	119	573	9
2345	117	526	49
2346	54	574	23
2347	52	493	34
2348	64	453	75
2349	4	554	3
2350	-47	512	83
2351	4	602	64
2352	34	632	67
2353	12	666	14
2354	550	691	87
2355	525	650	34
2356	525	689	70
2357	521	729	26
2358	523	766	29
2359	523	805	29
2360	521	841	2
2361	527	884	65
2362	455	1299	92
2363	427	884	15
2364	428	843	60
2365	429	804	38
2366	428	768	67
2367	427	728	90
2368	426	685	5
2369	430	648	87
2370	370	725	33
2371	387	781	27
2372	367	823	68
2373	311	883	83
2374	311	839	40
2375	313	801	7
2376	313	767	63
2377	309	724	79
2378	311	685	100
2379	316	649	29
2380	234	650	82
2381	234	685	41
2382	234	724	67
2383	212	745	86
2384	233	764	86
2385	233	802	46
2386	235	843	94
2387	236	885	33
2388	158	670	78
2389	117	646	8
2390	118	688	50
2391	119	728	38
2392	118	767	25
2393	120	805	34
2394	119	842	48
2395	120	882	27
2396	544	1038	66
2397	522	951	83
2398	477	1046	88
2399	475	979	70
2400	449	1050	84
2401	396	976	73
2402	299	941	46
2403	243	918	6
2404	262	991	26
2405	214	951	22
2406	205	987	65
2407	225	1026	45
2408	166	979	2
2409	127	1015	81
2410	106	972	61
2411	89	1017	34
2412	23	968	25
2413	-61	801	10
2414	-57	32	34
2415	523	1103	81
2416	524	1143	46
2417	523	1183	16
2418	522	1223	68
2419	523	1256	11
2420	523	1296	59
2421	523	1337	47
2422	523	1377	45
2423	526	1415	98
2424	523	1454	73
2425	476	1084	24
2426	476	1121	36
2427	475	1162	86
2428	475	1199	79
2429	477	1241	91
2430	474	1277	35
2431	475	1316	83
2432	478	1355	20
2433	478	1394	58
2434	475	1431	85
2435	475	1473	29
2436	878	1506	17
2437	474	1549	35
2438	475	1587	43
2439	475	1625	1
2440	478	1665	45
2441	475	1706	80
2442	475	1743	41
2443	476	1781	45
2444	476	1830	75
2445	476	1912	11
2446	436	1087	64
2447	439	1123	61
2448	438	1160	29
2449	434	1202	85
2450	436	1238	39
2451	435	1281	61
2452	436	1320	30
2453	435	1357	47
2454	436	1396	7
2455	436	1435	85
2456	438	1473	61
2457	435	1502	66
2458	435	1552	91
2459	434	1587	87
2460	436	1627	40
2461	438	1665	15
2462	437	1703	29
2463	437	1744	8
2464	438	1781	71
2465	438	1822	61
2466	437	1862	62
2467	434	1900	100
2468	391	1086	73
2469	377	1192	22
2470	385	1230	25
2471	367	1268	45
2472	378	1551	32
2473	358	1841	20
2474	346	1899	77
2475	317	1122	53
2476	322	1162	4
2477	322	1200	76
2478	319	1239	52
2479	321	1277	46
2480	319	1317	33
2481	321	1353	60
2482	321	1394	7
2483	320	1430	3
2484	320	1471	14
2485	320	1550	45
2486	321	1590	83
2487	318	1625	83
2488	319	1664	21
2489	320	1704	81
2490	321	1743	82
2491	319	1784	82
2492	321	1821	56
2493	321	1859	2
2494	319	1899	69
2495	279	1061	75
2496	283	1122	16
2497	281	1161	14
2498	281	1198	93
2499	280	1240	87
2500	282	1274	38
2501	281	1318	21
2502	281	1355	48
2503	281	1395	11
2504	281	1435	95
2505	283	1473	92
2506	281	1550	37
2507	281	1584	12
2508	282	1626	93
2509	281	1667	4
2510	281	1704	39
2511	281	1743	68
2512	284	1783	16
2513	283	1822	70
2514	282	1860	66
2515	282	1900	13
2516	216	1181	2
2517	246	1373	13
2518	241	1433	95
2519	230	1471	88
2520	260	1514	13
2521	236	1541	36
2522	235	1838	40
2523	205	1063	55
2524	167	1100	11
2525	170	1131	36
2526	166	1084	72
2527	165	1202	50
2528	167	1239	55
2529	187	1260	38
2530	168	1281	17
2531	167	1315	78
2532	165	1360	89
2533	168	1391	75
2534	167	1434	24
2535	170	1471	21
2536	167	1550	50
2537	166	1587	40
2538	165	1626	48
2539	167	1665	65
2540	167	1711	24
2541	169	1743	99
2542	167	1781	80
2543	167	1820	31
2544	168	1858	89
2545	167	1901	58
2546	131	1055	6
2547	129	1094	31
2548	128	1132	61
2549	125	1172	58
2550	128	1213	48
2551	126	1250	72
2552	128	1290	50
2553	123	1327	83
2554	127	1367	27
2555	128	1405	9
2556	129	1443	57
2557	127	1485	6
2558	128	1522	66
2559	131	1560	10
2560	129	1599	44
2561	130	1638	37
2562	130	1678	43
2563	127	1713	61
2564	128	1753	45
2565	91	1058	85
2566	89	1097	48
2567	87	1131	97
2568	87	1169	74
2569	86	1211	61
2570	86	1248	71
2571	90	1292	79
2572	87	1240	91
2573	90	1369	30
2574	86	1408	45
2575	88	1445	51
2576	90	1483	53
2577	91	1520	53
2578	88	1558	16
2579	94	1606	85
2580	91	1639	92
2581	88	1676	52
2582	89	1629	94
2583	89	1758	15
2584	53	1057	30
2585	49	1094	95
2586	49	1135	65
2587	51	1175	14
2588	51	1213	22
2589	49	1251	96
2590	50	1288	27
2591	50	1328	12
2592	51	1366	59
2593	49	1404	30
2594	51	1444	39
2595	50	1483	76
2596	51	1522	61
2597	50	1558	29
2598	53	1600	29
2599	50	1637	76
2600	50	1673	58
2601	47	1712	34
2602	50	1754	94
2603	49	1795	52
2604	11	1055	85
2605	16	1095	32
2606	12	1134	80
2607	13	1173	88
2608	15	1210	94
2609	12	1249	2
2610	11	1289	79
2611	14	1328	67
2612	13	1368	40
2613	14	1406	4
2614	16	1441	28
2615	13	1482	72
2616	14	1521	79
2617	10	1561	60
2618	12	1594	42
2619	10	1637	93
2620	15	1678	3
2621	15	1714	29
2622	11	1753	10
2623	11	1793	14
2624	21	1882	1
2625	88	1327	57
2626	88	1712	72
2627	503	2002	27
2628	512	2040	100
2629	542	2099	15
2630	521	2140	87
2631	534	2179	34
2632	484	2098	89
2633	434	2062	23
2634	414	2020	72
2635	394	2137	39
2636	426	2198	42
2637	463	2277	14
2638	484	2313	49
2639	415	2292	73
2640	435	2373	90
2641	436	2437	69
2642	463	2438	12
2643	494	2458	24
2644	484	2516	18
2645	484	2552	57
2646	483	2592	99
2647	483	2630	77
2648	484	2671	8
2649	483	2707	16
2650	484	2748	48
2651	482	2784	97
2652	482	2824	2
2653	484	2863	57
2654	485	2903	16
2655	483	2939	93
2656	521	2941	57
2657	520	2899	75
2658	523	2862	39
2659	521	2823	42
2660	521	2787	27
2661	524	2745	54
2662	520	2709	57
2663	521	2669	28
2664	522	2631	6
2665	520	2593	78
2666	473	3011	55
2667	337	1933	19
2668	359	1964	66
2669	368	2001	11
2670	368	2039	61
2671	367	2079	20
2672	367	2118	72
2673	368	2160	3
2674	367	2197	59
2675	367	2238	34
2676	368	2275	77
2677	368	2313	56
2678	370	2351	95
2679	369	2392	73
2680	365	2427	17
2681	322	2080	90
2682	319	2118	93
2683	318	2156	71
2684	319	2199	61
2685	318	2233	41
2686	319	2274	97
2687	319	2315	61
2688	318	2352	3
2689	319	2394	23
2690	318	2428	100
2691	290	1972	76
2692	281	1999	15
2693	282	2042	54
2694	280	2078	20
2695	278	2115	20
2696	280	2161	2
2697	280	2195	96
2698	279	2236	88
2699	281	2278	69
2700	280	2312	70
2701	281	2355	67
2702	280	2392	40
2703	277	2427	47
2704	348	2503	96
2705	385	2524	72
2706	387	2554	64
2707	365	2582	96
2708	376	2622	77
2709	394	2750	44
2710	395	2952	92
2711	308	2526	75
2712	279	2527	95
2713	280	2563	55
2714	321	2604	57
2715	283	2600	52
2716	316	2640	59
2717	282	2640	68
2718	321	2680	80
2719	280	2679	78
2720	320	2717	39
2721	282	2717	29
2722	320	2757	46
2723	279	2755	11
2724	318	2798	41
2725	283	2794	96
2726	319	2833	8
2727	281	2832	47
2728	318	2870	94
2729	282	2869	95
2730	321	2910	18
2731	280	2910	54
2732	320	2949	1
2733	281	2949	87
2734	557	3089	54
2735	559	3125	52
2736	556	3164	70
2737	558	3201	90
2738	558	3240	30
2739	559	3279	37
2740	558	3317	14
2741	559	3356	33
2742	561	3393	37
2743	560	3437	13
2744	490	3277	84
2745	463	3085	6
2746	462	3122	18
2747	464	3163	70
2748	463	3200	17
2749	461	3235	99
2750	464	3278	42
2751	462	3316	76
2752	464	3355	49
2753	463	3395	2
2754	464	3434	98
2755	558	3532	53
2756	559	3568	20
2757	559	3604	59
2758	562	3645	60
2759	558	3685	61
2760	561	3724	87
2761	558	3766	78
2762	559	3800	83
2763	560	3839	32
2764	561	3879	47
2765	520	3760	82
2766	509	3800	19
2767	511	3840	37
2768	509	3879	27
2769	460	3489	64
2770	443	3519	94
2771	452	3565	79
2772	464	3606	89
2773	463	3644	4
2774	461	3685	98
2775	462	3721	89
2776	463	3761	86
2777	462	3801	16
2778	462	3840	46
2779	462	3877	46
2780	444	3036	89
2781	357	3037	25
2782	394	3260	7
2783	397	3339	67
2784	396	3418	78
2785	384	3512	2
2786	388	3548	72
2787	374	3609	36
2788	403	3646	40
2789	424	3687	24
2790	406	3743	34
2791	405	3906	17
2792	442	3919	8
2793	344	3087	30
2794	349	3124	56
2795	346	3162	24
2796	347	3201	100
2797	348	3238	61
2798	347	3275	66
2799	346	3317	52
2800	349	3358	17
2801	347	3397	75
2802	349	3432	55
2803	349	3477	32
2804	347	3511	8
2805	348	3547	73
2806	346	3604	57
2807	346	3643	17
2808	347	3687	52
2809	348	3724	83
2810	346	3762	77
2811	348	3798	28
2812	344	3839	73
2813	347	3876	74
2814	324	3413	78
2815	307	3501	35
2816	296	3558	88
2817	327	3629	8
2818	296	3743	51
2819	270	3124	18
2820	272	3161	93
2821	269	3197	6
2822	272	3238	63
2823	270	3279	85
2824	271	3318	5
2825	273	3356	22
2826	250	3220	5
2827	231	3288	74
2828	221	3338	60
2829	242	3377	3
2830	263	3453	71
2831	252	3529	19
2832	212	3470	50
2833	211	3514	29
2834	272	3587	10
2835	270	3624	69
2836	268	3665	17
2837	270	3706	87
2838	270	3742	68
2839	270	3784	51
2840	270	3820	94
2841	270	3858	87
2842	271	3916	81
2843	213	3824	61
2844	194	3917	100
2845	223	2021	75
2846	222	2140	4
2847	234	2410	76
2848	231	2490	65
2849	202	2079	48
2850	203	2120	12
2851	202	2159	17
2852	203	2197	43
2853	201	2237	54
2854	204	2274	66
2855	204	2316	8
2856	202	2353	14
2857	200	2392	75
2858	204	2428	93
2859	203	2602	18
2860	204	2643	63
2861	205	2699	53
2862	205	2721	92
2863	204	2759	7
2864	204	2799	89
2865	204	2836	50
2866	203	2877	19
2867	204	2913	55
2868	204	2953	67
2869	164	2003	62
2870	165	2042	76
2871	165	2081	56
2872	164	2120	8
2873	164	2159	23
2874	165	2197	84
2875	164	2233	7
2876	164	2274	46
2877	166	2315	92
2878	165	2351	85
2879	164	2392	61
2880	164	2430	85
2881	165	2487	39
2882	164	2523	31
2883	166	2567	11
2884	165	2602	63
2885	166	2643	51
2886	163	2683	37
2887	165	2721	38
2888	165	2759	95
2889	164	2799	28
2890	163	2837	49
2891	166	2869	20
2892	166	2911	86
2893	164	2954	90
2894	128	2080	99
2895	127	2140	24
2896	127	2180	18
2897	125	2219	41
2898	125	2258	38
2899	127	2296	48
2900	125	2158	46
2901	128	2373	51
2902	127	2416	96
2903	126	2448	40
2904	128	2489	51
2905	127	2528	71
2906	127	2564	47
2907	126	2607	95
2908	127	2642	87
2909	126	2683	52
2910	126	2720	96
2911	128	2760	72
2912	127	2796	42
2913	124	2834	76
2914	127	2874	12
2915	129	2914	5
2916	78	1990	92
2917	88	2137	49
2918	90	2177	89
2919	87	2218	70
2920	87	2258	97
2921	90	2298	6
2922	91	2343	65
2923	90	2373	4
2924	92	2420	40
2925	89	2449	95
2926	87	2489	77
2927	86	2524	91
2928	90	2565	14
2929	88	2604	26
2930	89	2643	54
2931	87	2679	97
2932	89	2718	50
2933	89	2757	37
2934	90	2806	66
2935	88	2835	87
2936	87	2872	93
2937	88	2911	68
2938	50	2137	61
2939	50	2176	8
2940	51	2216	39
2941	49	2257	55
2942	50	2294	63
2943	49	2334	63
2944	49	2370	21
2945	48	2408	43
2946	50	2449	58
2947	50	2489	27
2948	50	2525	10
2949	49	2564	69
2950	50	2603	10
2951	50	2643	78
2952	49	2681	87
2953	50	2717	48
2954	50	2757	96
2955	51	2796	18
2956	49	2834	45
2957	49	2874	19
2958	-23	1994	89
2959	10	2137	66
2960	12	2178	3
2961	11	2217	82
2962	11	2256	52
2963	11	2292	46
2964	11	2333	76
2965	13	2378	8
2966	10	2411	96
2967	9	2448	57
2968	10	2484	100
2969	9	2524	93
2970	11	2563	79
2971	10	2601	96
2972	10	2640	59
2973	11	2682	33
2974	9	2718	87
2975	10	2754	4
2976	10	2801	31
2977	10	2834	74
2978	11	2872	66
2979	126	2334	1
2980	173	3143	69
2981	174	3184	62
2982	155	3123	71
2983	154	3162	8
2984	156	3203	57
2985	154	3241	46
2986	154	3278	95
2987	154	3314	70
2988	156	3355	25
2989	153	3397	42
2990	136	3468	80
2991	135	3510	22
2992	155	3551	3
2993	156	3591	32
2994	155	3627	44
2995	155	3665	63
2996	154	3707	31
2997	152	3744	85
2998	156	3791	14
2999	155	3822	18
3000	157	3861	59
3001	115	3547	83
3002	114	3585	53
3003	114	3600	94
3004	113	3610	6
3005	113	3624	20
3006	112	3663	91
3007	112	3699	1
3008	112	3739	31
3009	112	3779	54
3010	116	3819	67
3011	113	3858	7
3012	114	3898	61
3013	105	3102	85
3014	103	3159	89
3015	107	3256	18
3016	105	3295	87
3017	105	3375	45
3018	66	3215	78
3019	64	3374	28
3020	75	3462	76
3021	36	3460	49
3022	75	3546	42
3023	37	3547	39
3024	76	3624	89
3025	35	3622	89
3026	77	3702	42
3027	37	3701	44
3028	77	3778	91
3029	37	3780	24
3030	78	3858	62
3031	36	3856	82
3032	-4	3873	43
3033	17	2052	21
3034	16	2962	63
3035	-66	3134	34
3036	-68	3905	44
3037	38	3941	17
end {BasicAreas}
