begin {Parameters}
Number of BasicAreas
3038
Number of Districts
800
District Capacity
238
Basic Area Type
Point
Metric
l2
end {Parameters}

#Parameter	ExtId	XPos	YPos	Activity
begin {BasicAreas}
0	2830	40	65
1	2830	77	44
2	2830	114	66
3	2831	155	74
4	2830	194	56
5	2831	231	82
6	2831	269	55
7	2831	309	44
8	2830	347	76
9	2830	384	84
10	2792	35	48
11	2792	75	6
12	2790	115	93
13	2792	153	8
14	2791	191	30
15	2791	231	43
16	2790	271	10
17	2791	306	78
18	2791	345	5
19	2792	384	69
20	2800	460	17
21	2801	499	68
22	2801	538	45
23	2800	578	27
24	2802	620	29
25	2800	654	28
26	2800	694	75
27	2802	732	22
28	2800	772	24
29	2800	810	92
30	2762	459	70
31	2761	497	53
32	2761	540	46
33	2761	578	83
34	2762	591	13
35	2763	656	16
36	2762	694	49
37	2761	731	40
38	2762	770	68
39	2761	808	46
40	2801	946	63
41	2803	1034	18
42	2723	943	89
43	2724	1029	91
44	2702	1003	96
45	2800	1098	80
46	2799	1137	73
47	2831	1158	63
48	2801	1178	45
49	2800	1216	94
50	2829	1237	91
51	2801	1254	68
52	2800	1292	72
53	2800	1331	28
54	2801	1370	34
55	2799	1409	57
56	2804	1450	65
57	2759	1098	86
58	2762	1138	55
59	2762	1178	82
60	2761	1213	65
61	2763	1255	31
62	2761	1293	69
63	2763	1330	72
64	2761	1369	20
65	2759	1411	47
66	2761	1446	16
67	2762	617	62
68	2801	1507	10
69	2800	1548	83
70	2801	1581	36
71	2801	1619	62
72	2799	1656	58
73	2800	1698	11
74	2800	1738	22
75	2800	1781	56
76	2799	1820	14
77	2800	1856	77
78	2760	1506	77
79	2760	1543	91
80	2763	1586	56
81	2761	1621	8
82	2761	1659	5
83	2761	1698	29
84	2762	1737	68
85	2761	1775	40
86	2762	1821	28
87	2762	1853	85
88	2800	2067	64
89	2798	2102	28
90	2799	2143	21
91	2801	2183	67
92	2800	2221	41
93	2801	2262	53
94	2800	2299	61
95	2800	2337	19
96	2801	2376	56
97	2800	2414	20
98	2760	2066	92
99	2760	2105	2
100	2761	2144	34
101	2761	2184	94
102	2763	2222	48
103	2760	2259	4
104	2761	2297	15
105	2760	2338	64
106	2761	2372	48
107	2800	2411	35
108	2800	2491	18
109	2772	2512	69
110	2732	2491	43
111	2788	2167	47
112	2762	2676	98
113	2732	2618	71
114	2761	2903	20
115	2761	2983	6
116	2799	3041	92
117	2800	3083	64
118	2799	3117	45
119	2799	3085	54
120	2799	3195	50
121	2798	3234	6
122	2799	3274	18
123	2798	3312	81
124	2798	3350	71
125	2797	3389	17
126	2799	3427	62
127	2800	3464	62
128	2864	3474	57
129	2865	3515	59
130	2798	3563	33
131	2798	3796	41
132	2797	3794	44
133	2698	39	74
134	2697	116	56
135	2716	191	8
136	2696	540	28
137	2704	1437	76
138	2704	1583	54
139	2703	1680	70
140	2694	2221	72
141	2704	2317	40
142	2714	2345	98
143	2733	2374	15
144	2720	3100	24
145	2721	3147	72
146	2752	3198	52
147	2712	3194	17
148	2683	3196	60
149	2642	3195	77
150	2763	3292	1
151	2761	3332	66
152	2761	3369	88
153	2760	3409	3
154	2732	3467	38
155	2701	3621	72
156	2699	3852	59
157	2781	3940	68
158	2701	3940	18
159	2623	3945	29
160	2621	-5	99
161	2744	18	84
162	2649	25	46
163	2609	48	22
164	2659	94	77
165	2658	134	42
166	2659	171	72
167	2658	208	73
168	2657	248	96
169	2660	285	84
170	2659	325	38
171	2659	368	79
172	2545	92	24
173	2543	131	25
174	2543	170	4
175	2541	212	35
176	2538	248	67
177	2544	288	66
178	2541	246	33
179	2541	362	32
180	2571	270	72
181	2571	325	75
182	2485	36	10
183	2524	54	80
184	2494	249	8
185	2590	393	35
186	2641	411	53
187	2659	441	28
188	2660	500	1
189	2660	538	97
190	2658	577	35
191	2659	618	8
192	2660	656	98
193	2661	701	86
194	2658	733	52
195	2659	772	3
196	2582	439	30
197	2592	521	66
198	2581	770	7
199	2543	497	89
200	2542	536	87
201	2543	579	87
202	2542	615	77
203	2542	657	88
204	2543	691	82
205	2543	734	76
206	2541	771	47
207	2542	808	75
208	2543	847	92
209	2540	877	78
210	2617	847	6
211	2620	916	25
212	2570	1004	53
213	2529	1003	32
214	2656	1042	14
215	2658	1082	83
216	2656	1118	88
217	2657	1159	91
218	2656	1200	14
219	2657	1236	49
220	2657	1272	13
221	2657	1314	21
222	2616	1137	50
223	2617	1195	47
224	2624	1273	74
225	2598	1314	53
226	2558	1214	87
227	2542	1040	79
228	2540	1079	56
229	2541	1121	71
230	2540	1156	70
231	2539	1195	71
232	2539	1231	14
233	2540	1272	89
234	2540	1311	31
235	2501	1342	70
236	2540	1358	6
237	2540	1398	66
238	2512	1436	15
239	2628	1435	27
240	2643	1484	74
241	2667	1524	99
242	2666	1560	28
243	2665	1601	81
244	2667	1640	14
245	2665	1679	15
246	2665	1728	86
247	2666	1755	53
248	2666	1794	71
249	2665	1836	90
250	2667	1873	86
251	2646	1486	43
252	2617	1525	100
253	2628	1715	99
254	2618	1756	66
255	2548	1524	50
256	2550	1561	19
257	2552	1600	46
258	2550	1640	30
259	2550	1677	22
260	2551	1717	26
261	2551	1756	93
262	2551	1798	33
263	2549	1832	62
264	2550	1874	55
265	2579	1893	63
266	2665	1935	39
267	2647	1991	69
268	2667	2025	45
269	2667	2064	18
270	2667	2104	25
271	2665	2139	47
272	2666	2178	89
273	2665	2220	85
274	2665	2254	7
275	2548	2258	96
276	2549	2218	23
277	2549	2180	37
278	2550	2141	29
279	2549	2103	97
280	2548	2064	73
281	2548	2025	20
282	2538	1987	49
283	2590	2333	61
284	2666	2328	56
285	2667	2394	47
286	2667	2432	80
287	2666	2470	53
288	2666	2508	98
289	2665	2550	56
290	2665	2586	78
291	2666	2626	83
292	2549	2393	68
293	2548	2431	55
294	2549	2473	63
295	2548	2512	96
296	2546	2548	32
297	2550	2591	80
298	2548	2627	86
299	2687	2716	10
300	2686	2868	38
301	2647	2711	37
302	2645	2866	25
303	2643	2906	10
304	2645	2984	21
305	2604	2905	65
306	2605	3109	90
307	2605	3136	74
308	2606	3290	68
309	2606	3333	96
310	2606	3368	44
311	2604	3410	10
312	2568	3037	18
313	2568	3079	6
314	2568	3119	94
315	2567	3157	97
316	2566	3195	31
317	2567	3234	66
318	2568	3274	56
319	2566	3310	43
320	2568	3350	46
321	2566	3386	12
322	2567	3428	71
323	2568	3466	20
324	2352	89	34
325	2348	125	97
326	2349	168	93
327	2349	208	67
328	2350	244	100
329	2349	286	13
330	2350	322	4
331	2400	333	23
332	2466	323	9
333	2406	207	14
334	2378	168	23
335	2417	130	90
336	2397	70	27
337	2468	283	67
338	2467	242	46
339	2494	245	28
340	2467	208	61
341	2462	168	44
342	2465	129	27
343	2465	90	17
344	2421	383	99
345	2377	449	36
346	2458	392	94
347	2468	467	54
348	2507	561	60
349	2351	534	36
350	2352	574	18
351	2350	614	42
352	2350	652	71
353	2352	691	73
354	2350	727	32
355	2351	768	68
356	2467	765	60
357	2466	729	80
358	2466	692	19
359	2466	649	96
360	2466	613	91
361	2466	574	69
362	2467	540	40
363	2513	572	49
364	2350	827	42
365	2418	836	26
366	2438	875	26
367	2475	833	50
368	2495	941	97
369	2388	942	17
370	2348	940	19
371	2475	1008	12
372	2466	1038	3
373	2351	1040	44
374	2350	1075	74
375	2349	1114	3
376	2347	1152	15
377	2349	1192	69
378	2349	1232	5
379	2348	1270	43
380	2348	1307	4
381	2388	1209	59
382	2408	1116	21
383	2468	1310	92
384	2466	1269	53
385	2465	1232	35
386	2484	1212	62
387	2465	1190	70
388	2465	1158	43
389	2462	1112	43
390	2466	1075	64
391	2367	1354	64
392	2380	1433	5
393	2338	1452	57
394	2415	1482	55
395	2436	1431	40
396	2425	1394	73
397	2426	1358	64
398	2465	1471	40
399	2473	1373	81
400	2321	1522	1
401	2320	1557	14
402	2320	1598	69
403	2318	1638	26
404	2320	1673	12
405	2321	1717	84
406	2322	1755	40
407	2321	1794	42
408	2321	1832	37
409	2322	1872	29
410	2349	1831	22
411	2377	1870	21
412	2378	1830	9
413	2378	1789	22
414	2378	1752	18
415	2378	1714	31
416	2377	1679	77
417	2376	1637	95
418	2378	1597	45
419	2378	1558	48
420	2380	1524	30
421	2525	1880	50
422	2493	1868	53
423	2495	1830	73
424	2493	1791	19
425	2492	1753	20
426	2493	1714	53
427	2491	1676	88
428	2492	1634	27
429	2493	1601	40
430	2494	1559	98
431	2494	1349	65
432	2378	2022	6
433	2379	2059	19
434	2377	2099	99
435	2379	2137	80
436	2377	2177	34
437	2379	2218	33
438	2379	2254	14
439	2454	2041	3
440	2474	1953	75
441	2495	2288	13
442	2493	2255	62
443	2494	2218	21
444	2491	2176	13
445	2492	2138	58
446	2493	2100	92
447	2493	2061	53
448	2495	2022	97
449	2377	2388	53
450	2378	2425	77
451	2377	2468	96
452	2376	2501	93
453	2377	2547	10
454	2379	2586	6
455	2378	2624	24
456	2378	2663	75
457	2406	2428	3
458	2437	2505	21
459	2448	2624	28
460	2495	2665	18
461	2495	2623	15
462	2495	2585	99
463	2493	2547	12
464	2493	2506	25
465	2495	2468	35
466	2494	2429	30
467	2494	2391	89
468	2379	2749	100
469	2377	2786	78
470	2377	2825	79
471	2375	2865	14
472	2378	2903	45
473	2376	2943	12
474	2377	2981	17
475	2446	2769	13
476	2436	2729	7
477	2529	2979	89
478	2515	3013	57
479	2494	2982	48
480	2491	2942	79
481	2491	2902	40
482	2492	2865	65
483	2492	2825	19
484	2493	2786	24
485	2493	2748	55
486	2531	2827	70
487	2531	2787	41
488	2530	2710	59
489	2376	3057	49
490	2376	3095	28
491	2376	3136	74
492	2378	3175	48
493	2377	3212	68
494	2377	3251	69
495	2375	3288	23
496	2377	3328	68
497	2378	3368	23
498	2376	3408	61
499	2424	3426	81
500	2454	3444	30
501	2494	3403	56
502	2495	3368	85
503	2493	3326	63
504	2492	3286	97
505	2493	3248	23
506	2493	3210	26
507	2493	3170	82
508	2492	3127	71
509	2494	3095	55
510	2495	3059	54
511	2390	3550	30
512	2385	3695	22
513	2504	3813	88
514	2268	3813	66
515	2150	91	1
516	2150	129	3
517	2149	165	96
518	2147	209	26
519	2149	244	40
520	2147	282	94
521	2149	323	6
522	2179	243	54
523	2191	66	81
524	2228	76	45
525	2227	108	32
526	2218	303	69
527	2240	341	27
528	2267	325	24
529	2268	282	53
530	2326	306	73
531	2267	243	24
532	2302	223	1
533	2265	203	58
534	2305	188	10
535	2264	167	62
536	2267	127	93
537	2265	87	9
538	2303	72	46
539	2111	428	89
540	2111	466	73
541	2187	426	43
542	2246	486	58
543	2266	464	40
544	2317	468	98
545	2229	406	66
546	2150	534	51
547	2149	573	67
548	2147	611	70
549	2144	651	65
550	2150	691	86
551	2148	728	65
552	2148	848	72
553	2128	807	19
554	2178	611	58
555	2188	642	77
556	2225	515	83
557	2225	555	86
558	2233	728	18
559	2303	767	42
560	2267	767	86
561	2266	730	61
562	2303	709	58
563	2265	689	65
564	2312	650	75
565	2266	651	88
566	2267	615	62
567	2262	571	19
568	2266	534	96
569	2130	803	35
570	2167	848	77
571	2245	843	100
572	2286	885	37
573	2167	921	61
574	2136	939	39
575	2149	1031	46
576	2148	1063	84
577	2147	1107	41
578	2149	1143	69
579	2145	1183	47
580	2146	1219	14
581	2146	1261	79
582	2148	1300	22
583	2148	1333	84
584	2146	1377	30
585	2195	1378	71
586	2193	1221	49
587	2206	1181	37
588	2186	1142	99
589	2206	1106	31
590	2224	1066	69
591	2265	1375	17
592	2265	1339	49
593	2261	1296	45
594	2263	1260	24
595	2264	1220	26
596	2291	1221	74
597	2263	1182	7
598	2281	1164	47
599	2264	1143	66
600	2263	1104	74
601	2261	1065	32
602	2261	1026	99
603	2253	1463	96
604	2173	1462	76
605	2146	1520	34
606	2145	1558	30
607	2147	1597	72
608	2146	1635	30
609	2144	1677	17
610	2147	1716	52
611	2145	1753	18
612	2144	1793	50
613	2147	1831	37
614	2146	1870	37
615	2204	1868	61
616	2206	1830	2
617	2205	1789	43
618	2206	1753	47
619	2205	1714	79
620	2202	1673	50
621	2204	1635	50
622	2204	1596	38
623	2203	1557	56
624	2203	1521	49
625	2251	1813	80
626	2240	1558	90
627	2252	1521	37
628	2308	1966	37
629	2310	1927	23
630	2261	1922	99
631	2194	1921	59
632	2134	1951	67
633	2148	2080	32
634	2146	2122	39
635	2143	2161	29
636	2144	2200	25
637	2148	2240	5
638	2146	2278	95
639	2145	2316	7
640	2145	2354	26
641	2146	2393	67
642	2146	2434	8
643	2186	2136	68
644	2244	2450	46
645	2204	2430	24
646	2203	2391	32
647	2204	2273	16
648	2205	2314	2
649	2199	2273	54
650	2204	2239	56
651	2230	2254	25
652	2205	2197	15
653	2203	2158	43
654	2205	2602	5
655	2205	2083	59
656	2241	2062	27
657	2204	2043	67
658	2203	2014	25
659	2254	2026	72
660	2328	2024	28
661	2319	2080	63
662	2319	2122	18
663	2318	2165	18
664	2287	2169	23
665	2319	2202	72
666	2290	2230	42
667	2319	2238	63
668	2319	2277	4
669	2291	2297	67
670	2320	2316	30
671	2321	2355	25
672	2319	2396	95
673	2319	2430	27
674	2348	2396	96
675	2167	2537	57
676	2164	2576	94
677	2163	2624	7
678	2136	2641	6
679	2115	2584	28
680	2107	2661	9
681	2106	2701	21
682	2107	2740	55
683	2105	2775	13
684	2106	2819	94
685	2104	2855	99
686	2105	2894	77
687	2105	2933	50
688	2106	2992	61
689	2175	3029	49
690	2222	2990	41
691	2187	2932	81
692	2183	2893	100
693	2185	2853	35
694	2209	2813	34
695	2186	2814	18
696	2182	2778	27
697	2185	2738	51
698	2184	2700	91
699	2183	2661	38
700	2212	2699	93
701	2252	2739	63
702	2300	2991	90
703	2300	2964	98
704	2301	2933	37
705	2301	2896	4
706	2298	2854	21
707	2299	2816	56
708	2297	2776	39
709	2296	2738	74
710	2299	2700	52
711	2300	2660	7
712	2337	2703	79
713	2336	2663	95
714	2338	2620	73
715	2290	2585	85
716	2106	3087	75
717	2075	3104	86
718	2108	3123	95
719	2107	3165	13
720	2105	3201	69
721	2107	3242	63
722	2106	3277	33
723	2103	3318	90
724	2106	3359	91
725	2106	3416	72
726	2185	3356	73
727	2185	3319	97
728	2184	3277	33
729	2181	3242	74
730	2184	3201	27
731	2184	3163	1
732	2183	3122	92
733	2182	3081	26
734	2222	3222	63
735	2279	3184	92
736	2328	3077	56
737	2298	3084	38
738	2299	3125	31
739	2298	3165	47
740	2296	3205	15
741	2299	3239	30
742	2295	3280	62
743	2300	3324	16
744	2299	3355	36
745	2339	3260	64
746	2327	3416	18
747	2062	3604	30
748	2106	3606	3
749	2167	3618	91
750	2106	3643	94
751	2104	3684	92
752	2105	3723	42
753	2105	3764	83
754	2103	3801	10
755	2106	3841	33
756	2106	3884	31
757	2166	3850	17
758	2096	71	24
759	2097	227	50
760	2058	86	71
761	2061	131	76
762	2060	170	94
763	2058	209	14
764	2058	248	22
765	2057	285	99
766	2058	328	71
767	1991	187	62
768	1979	325	29
769	1937	53	70
770	1942	90	93
771	1944	130	85
772	1943	167	12
773	1942	209	63
774	1941	246	24
775	1941	285	82
776	1939	325	45
777	2037	410	49
778	2010	488	13
779	2062	538	8
780	2060	574	76
781	2059	615	54
782	2059	651	44
783	2060	691	54
784	2059	732	72
785	2059	772	21
786	2050	812	92
787	1989	733	55
788	1990	576	71
789	1941	536	3
790	1942	572	74
791	1944	614	32
792	1943	654	8
793	1943	693	30
794	1943	729	92
795	1941	771	44
796	1951	896	93
797	2058	981	14
798	2070	1031	92
799	2069	1069	24
800	2067	1107	66
801	2068	1142	11
802	2068	1182	52
803	2068	1223	70
804	2068	1259	9
805	2074	1299	12
806	2107	1327	57
807	2067	1365	23
808	2028	1318	77
809	2038	1281	5
810	2021	1243	95
811	2000	1205	95
812	1951	1257	84
813	1950	1223	32
814	1951	1183	71
815	1951	1146	65
816	1950	1111	27
817	1950	1068	16
818	1954	1028	14
819	1954	972	44
820	1951	893	15
821	1971	1087	77
822	2009	1032	8
823	1893	1348	25
824	1912	1409	17
825	1941	1427	75
826	2009	1433	92
827	2000	1387	98
828	2028	1526	71
829	2029	1561	20
830	2029	1599	39
831	2029	1638	86
832	2029	1680	89
833	2028	1719	38
834	2029	1755	32
835	2028	1795	77
836	2028	1833	6
837	2029	1872	1
838	2076	1813	74
839	2097	1853	49
840	2048	1950	4
841	2018	1930	89
842	1971	1521	43
843	1971	1560	72
844	1971	1600	70
845	1970	1643	32
846	1969	1677	3
847	1971	1717	76
848	1970	1754	48
849	1969	1795	16
850	1967	1351	25
851	1969	1871	96
852	2065	2026	59
853	2107	2095	39
854	2085	2141	70
855	2095	2229	67
856	2112	2317	72
857	2009	2024	51
858	2030	2084	87
859	2029	2123	66
860	2029	2162	43
861	2028	2202	85
862	2028	2239	19
863	2029	2275	15
864	2027	2317	89
865	2027	2354	62
866	2027	2393	4
867	2028	2433	24
868	1971	2082	24
869	1970	2120	38
870	1970	2161	91
871	1972	2201	65
872	1970	2239	74
873	1969	2278	92
874	1971	2317	91
875	1970	2355	61
876	1970	2392	30
877	1969	2433	46
878	1970	2469	34
879	1949	2553	70
880	2009	2576	41
881	2009	2622	30
882	2029	2665	21
883	1982	2663	83
884	1986	2707	52
885	1988	2743	74
886	1988	2777	40
887	1989	2818	27
888	1988	2857	59
889	1988	2893	67
890	1988	2934	45
891	1912	2664	74
892	1912	2703	54
893	1911	2738	91
894	1911	2779	42
895	1913	2817	41
896	1911	2858	94
897	1912	2895	27
898	1910	2932	89
899	2026	2992	37
900	1929	3049	41
901	1990	3088	85
902	1990	3125	47
903	1989	3165	100
904	1988	3203	39
905	1990	3244	71
906	1986	3280	13
907	1989	3317	99
908	1989	3357	53
909	1989	3419	83
910	2036	3318	46
911	2045	3389	21
912	1911	3416	24
913	1909	3357	73
914	1911	3318	77
915	1911	3278	89
916	1911	3240	32
917	1911	3201	49
918	1910	3165	57
919	1912	3124	97
920	1912	3086	65
921	1930	3049	98
922	2028	2992	17
923	1988	3606	32
924	1988	3646	30
925	1989	3685	41
926	1986	3724	73
927	1986	3766	14
928	1987	3803	9
929	1986	3841	82
930	1984	3880	19
931	2015	3802	22
932	2036	3841	55
933	2015	3881	83
934	1949	3605	83
935	1949	3647	8
936	1949	3811	55
937	1949	3888	53
938	1890	3540	98
939	1911	3570	25
940	1911	3608	45
941	1910	3649	39
942	1910	3686	28
943	1911	3726	27
944	1911	3760	52
945	1911	3802	58
946	1911	3841	14
947	1911	3880	38
948	1893	3820	93
949	1870	3782	17
950	1884	90	94
951	1886	245	30
952	1896	365	82
953	1846	91	21
954	1848	132	64
955	1846	168	50
956	1848	211	29
957	1848	249	20
958	1848	286	47
959	1850	327	16
960	1789	73	4
961	1781	128	7
962	1809	182	6
963	1819	214	57
964	1770	360	89
965	1761	449	62
966	1808	453	67
967	1837	438	6
968	1903	516	19
969	1857	540	66
970	1855	576	17
971	1855	615	97
972	1854	652	40
973	1886	697	25
974	1859	694	23
975	1856	734	82
976	1825	731	49
977	1856	770	68
978	1913	770	4
979	1894	829	30
980	1845	826	82
981	1847	904	49
982	1863	981	82
983	1866	1020	68
984	1866	1055	74
985	1866	1099	79
986	1865	1137	66
987	1868	1174	54
988	1866	1215	22
989	1866	1251	66
990	1866	1292	58
991	1863	1329	17
992	1864	1369	25
993	1862	1402	53
994	1836	1214	9
995	1749	979	31
996	1749	1018	51
997	1750	1059	34
998	1749	1098	35
999	1749	1138	34
1000	1748	1175	98
1001	1748	1213	71
1002	1750	1250	87
1003	1749	1293	74
1004	1717	1291	89
1005	1749	1330	37
1006	1750	1371	80
1007	1751	1409	36
1008	1697	1389	48
1009	1920	1563	84
1010	1933	1642	95
1011	1892	1636	9
1012	1913	1787	71
1013	1854	1523	66
1014	1856	1562	91
1015	1855	1600	84
1016	1853	1641	14
1017	1855	1678	53
1018	1855	1717	11
1019	1856	1756	10
1020	1855	1794	9
1021	1852	1834	3
1022	1853	1952	35
1023	1930	2024	50
1024	1929	2236	91
1025	1942	2277	100
1026	1921	2314	1
1027	1923	2382	9
1028	1932	2430	6
1029	1884	2451	30
1030	1853	2023	46
1031	1855	2083	60
1032	1856	2123	64
1033	1854	2160	32
1034	1854	2201	72
1035	1855	2236	60
1036	1853	2277	32
1037	1856	2317	88
1038	1855	2356	7
1039	1855	2394	34
1040	1852	2431	83
1041	1911	2528	57
1042	1871	2526	50
1043	1854	2645	26
1044	1851	2990	53
1045	1832	3298	7
1046	1832	3339	11
1047	1692	32	74
1048	1732	91	40
1049	1733	127	22
1050	1710	233	70
1051	1735	170	95
1052	1731	209	6
1053	1731	251	34
1054	1731	288	34
1055	1731	325	71
1056	1681	213	22
1057	1682	249	1
1058	1645	91	1
1059	1645	129	65
1060	1643	167	40
1061	1642	208	62
1062	1643	249	97
1063	1643	285	76
1064	1641	322	29
1065	1732	449	44
1066	1652	450	83
1067	1736	537	70
1068	1741	575	65
1069	1741	614	77
1070	1741	658	39
1071	1710	655	49
1072	1740	692	32
1073	1741	730	39
1074	1742	766	78
1075	1651	534	47
1076	1652	575	74
1077	1652	614	97
1078	1651	653	2
1079	1653	692	94
1080	1654	730	2
1081	1651	770	67
1082	1650	856	27
1083	1785	2005	93
1084	1788	2045	21
1085	1787	2085	83
1086	1788	2120	74
1087	1788	2160	65
1088	1786	2200	15
1089	1786	2238	75
1090	1787	2274	79
1091	1787	2316	16
1092	1758	2317	63
1093	1788	2355	31
1094	1757	2374	75
1095	1789	2368	2
1096	1785	2431	42
1097	1777	2471	7
1098	1727	1947	77
1099	1730	1986	62
1100	1706	2082	9
1101	1709	2429	21
1102	1668	2003	82
1103	1668	2044	39
1104	1668	2083	6
1105	1669	2121	15
1106	1669	2161	38
1107	1670	2200	75
1108	1670	2237	36
1109	1669	2274	7
1110	1669	2317	22
1111	1669	2356	92
1112	1669	2391	19
1113	1666	2430	3
1114	1797	2529	48
1115	1745	2568	68
1116	1680	2515	51
1117	1630	2530	59
1118	1796	2665	8
1119	1795	2703	74
1120	1798	2742	32
1121	1797	2778	6
1122	1796	2816	12
1123	1797	2857	54
1124	1795	2892	70
1125	1797	2934	88
1126	1736	2719	69
1127	1739	2779	82
1128	1728	2859	57
1129	1729	2913	18
1130	1736	2963	58
1131	1697	2664	35
1132	1699	2702	34
1133	1701	2742	51
1134	1699	2778	65
1135	1699	2816	97
1136	1699	2856	93
1137	1698	2894	72
1138	1695	2937	100
1139	1795	3088	89
1140	1795	3129	66
1141	1797	3163	33
1142	1797	3203	53
1143	1796	3243	12
1144	1795	3277	47
1145	1795	3320	46
1146	1796	3358	43
1147	1717	3020	88
1148	1739	3184	10
1149	1696	3041	90
1150	1699	3069	80
1151	1700	3109	99
1152	1700	3143	15
1153	1699	3183	51
1154	1701	3223	95
1155	1699	3260	83
1156	1678	3280	81
1157	1700	3302	66
1158	1701	3339	31
1159	1698	3379	88
1160	1697	3418	36
1161	1794	3571	12
1162	1795	3609	46
1163	1796	3647	28
1164	1795	3686	38
1165	1795	3726	87
1166	1795	3764	19
1167	1794	3802	71
1168	1795	3840	13
1169	1796	3881	67
1170	1697	3568	46
1171	1698	3605	50
1172	1698	3649	8
1173	1698	3685	16
1174	1699	3723	12
1175	1696	3765	85
1176	1699	3798	51
1177	1697	3847	81
1178	1695	3877	37
1179	1705	3918	1
1180	1443	88	8
1181	1442	127	14
1182	1440	167	69
1183	1441	204	4
1184	1442	242	39
1185	1442	282	98
1186	1440	321	2
1187	1482	302	15
1188	1480	262	36
1189	1481	223	84
1190	1477	68	73
1191	1529	86	51
1192	1528	126	78
1193	1531	167	57
1194	1526	204	36
1195	1530	245	30
1196	1528	283	36
1197	1530	323	98
1198	1548	366	2
1199	1564	331	1
1200	1415	458	67
1201	1402	574	19
1202	1412	610	8
1203	1453	455	55
1204	1452	492	99
1205	1452	534	51
1206	1453	572	46
1207	1451	612	41
1208	1451	652	61
1209	1454	687	59
1210	1453	731	34
1211	1451	765	63
1212	1452	805	73
1213	1452	844	97
1214	1452	880	84
1215	1542	891	9
1216	1537	809	52
1217	1540	767	2
1218	1542	727	86
1219	1615	765	2
1220	1576	708	31
1221	1539	689	46
1222	1533	647	74
1223	1540	610	61
1224	1539	573	51
1225	1538	534	22
1226	1518	455	77
1227	1412	1054	34
1228	1432	1073	100
1229	1452	1056	71
1230	1449	1093	39
1231	1450	1132	23
1232	1449	1172	18
1233	1454	1210	21
1234	1452	1252	64
1235	1452	1289	14
1236	1451	1324	61
1237	1450	1366	83
1238	1452	1406	96
1239	1509	1206	99
1240	1529	1291	23
1241	1570	1055	1
1242	1570	1092	21
1243	1567	1131	74
1244	1567	1171	51
1245	1566	1209	51
1246	1567	1251	61
1247	1566	1290	94
1248	1567	1322	74
1249	1565	1370	87
1250	1567	1405	51
1251	1586	1232	43
1252	1605	1190	19
1253	1663	1171	5
1254	1660	1089	7
1255	1663	1056	33
1256	1598	1995	99
1257	1490	2080	43
1258	1490	2121	24
1259	1487	2157	10
1260	1487	2198	59
1261	1489	2235	43
1262	1487	2274	14
1263	1489	2314	29
1264	1487	2351	41
1265	1492	2393	28
1266	1488	2429	4
1267	1517	2196	12
1268	1557	2215	40
1269	1556	2078	43
1270	1602	2079	38
1271	1604	2118	70
1272	1604	2074	44
1273	1605	2199	58
1274	1601	2237	95
1275	1604	2272	74
1276	1603	2316	83
1277	1604	2355	71
1278	1604	2391	4
1279	1603	2427	30
1280	1477	2491	66
1281	1458	2546	46
1282	1468	2613	8
1283	1494	2552	44
1284	1548	2553	71
1285	1594	2544	1
1286	1605	2494	80
1287	1488	2659	10
1288	1486	2703	71
1289	1488	2735	59
1290	1488	2776	51
1291	1457	2775	71
1292	1489	2813	96
1293	1488	2855	38
1294	1457	2890	78
1295	1488	2893	38
1296	1487	2932	15
1297	1544	2775	100
1298	1547	2699	100
1299	1535	2668	10
1300	1583	2660	3
1301	1585	2701	12
1302	1585	2738	39
1303	1584	2777	60
1304	1586	2815	76
1305	1581	2852	55
1306	1586	2894	3
1307	1583	2933	82
1308	1485	3010	30
1309	1439	3046	38
1310	1448	3124	8
1311	1488	3085	55
1312	1493	3124	23
1313	1489	3162	70
1314	1485	3201	54
1315	1492	3244	56
1316	1487	3279	83
1317	1490	3316	88
1318	1488	3357	24
1319	1583	3065	94
1320	1624	3107	18
1321	1588	3102	6
1322	1585	3146	44
1323	1583	3182	5
1324	1601	3205	46
1325	1584	3223	26
1326	1584	3258	44
1327	1584	3300	96
1328	1586	3341	21
1329	1582	3373	30
1330	1584	3417	6
1331	1613	3420	46
1332	1632	3435	74
1333	1640	3473	53
1334	1671	3463	100
1335	1499	3493	99
1336	1487	3528	7
1337	1488	3570	79
1338	1486	3596	71
1339	1487	3643	92
1340	1487	3685	39
1341	1487	3722	18
1342	1488	3763	70
1343	1487	3800	56
1344	1488	3841	48
1345	1488	3878	20
1346	1547	3703	65
1347	1543	3742	34
1348	1582	3572	71
1349	1583	3604	77
1350	1584	3648	8
1351	1584	3686	43
1352	1580	3722	64
1353	1584	3764	93
1354	1583	3801	35
1355	1584	3842	81
1356	1586	3878	71
1357	1624	3861	33
1358	1633	3901	56
1359	1661	3889	42
1360	1622	3648	48
1361	1631	3607	14
1362	1651	3568	16
1363	1187	114	33
1364	1225	83	61
1365	1253	91	50
1366	1283	86	53
1367	1251	128	12
1368	1249	163	66
1369	1252	206	54
1370	1230	225	69
1371	1250	245	6
1372	1287	243	82
1373	1254	283	62
1374	1254	324	81
1375	1292	324	84
1376	1319	48	83
1377	1329	83	91
1378	1327	126	61
1379	1329	166	16
1380	1329	204	7
1381	1330	244	89
1382	1329	284	60
1383	1329	321	14
1384	1396	68	41
1385	1417	128	27
1386	1415	167	70
1387	1405	211	69
1388	1366	265	18
1389	1376	333	3
1390	1415	327	21
1391	1260	533	39
1392	1260	571	25
1393	1258	610	10
1394	1259	648	78
1395	1257	689	59
1396	1259	727	1
1397	1259	765	4
1398	1258	804	90
1399	1258	864	16
1400	1297	611	51
1401	1298	574	5
1402	1298	531	53
1403	1339	453	70
1404	1337	493	51
1405	1334	533	36
1406	1335	573	98
1407	1336	612	21
1408	1336	650	8
1409	1336	689	11
1410	1337	733	45
1411	1336	768	76
1412	1335	803	52
1413	1335	844	71
1414	1333	885	3
1415	1384	806	52
1416	1279	990	49
1417	1279	1062	49
1418	1236	1135	75
1419	1239	1174	54
1420	1238	1210	60
1421	1239	1250	59
1422	1239	1288	44
1423	1239	1329	45
1424	1238	1364	83
1425	1238	1408	53
1426	1208	1406	18
1427	1238	1444	24
1428	1277	1193	12
1429	1315	1152	67
1430	1296	1319	2
1431	1357	1068	53
1432	1356	1130	32
1433	1356	1172	24
1434	1401	976	89
1435	1395	1192	6
1436	1359	1214	27
1437	1375	1231	92
1438	1357	1251	41
1439	1354	1288	65
1440	1353	1326	73
1441	1357	1368	13
1442	1356	1406	97
1443	1051	88	72
1444	1047	125	89
1445	1049	170	12
1446	1044	206	62
1447	1046	246	95
1448	1048	280	96
1449	1046	322	70
1450	1099	334	58
1451	1106	127	63
1452	1096	95	19
1453	1136	86	81
1454	1134	128	57
1455	1132	162	42
1456	1134	204	26
1457	1135	247	68
1458	1135	280	74
1459	1136	322	4
1460	1153	387	72
1461	1182	339	74
1462	1232	395	78
1463	1036	456	24
1464	1090	425	88
1465	1162	465	37
1466	1233	507	55
1467	1047	534	80
1468	1049	572	13
1469	1045	608	35
1470	1046	650	58
1471	1046	689	14
1472	1046	730	68
1473	1044	763	25
1474	1048	805	83
1475	1047	847	62
1476	1047	887	54
1477	1105	805	62
1478	1092	764	57
1479	1074	727	8
1480	1087	613	95
1481	1086	533	98
1482	1128	633	5
1483	1142	529	34
1484	1144	573	77
1485	1142	610	62
1486	1143	650	27
1487	1146	690	40
1488	1142	729	30
1489	1141	768	58
1490	1142	804	99
1491	1185	592	47
1492	1221	648	80
1493	1218	861	45
1494	1183	863	2
1495	1094	900	93
1496	1085	928	32
1497	1029	942	75
1498	1027	998	80
1499	1144	1009	98
1500	1174	996	100
1501	1202	1000	48
1502	1174	942	28
1503	998	1066	58
1504	998	1104	23
1505	995	1145	14
1506	999	1181	45
1507	997	1222	88
1508	996	1261	7
1509	997	1298	13
1510	998	1339	35
1511	996	1393	83
1512	1055	1431	29
1513	1093	1452	82
1514	1095	1424	82
1515	1055	1400	10
1516	1054	1363	37
1517	1083	1384	50
1518	1094	1355	15
1519	1053	1325	5
1520	1053	1284	75
1521	1056	1249	52
1522	1058	1210	24
1523	1057	1172	48
1524	1058	1136	88
1525	1059	1092	52
1526	1048	1056	21
1527	1078	1154	44
1528	1102	1171	18
1529	1171	1055	63
1530	1173	1093	3
1531	1172	1135	9
1532	1137	1134	2
1533	1174	1179	7
1534	1172	1212	28
1535	1170	1251	43
1536	1152	1270	72
1537	1172	1292	80
1538	1172	1330	4
1539	1171	1368	96
1540	1170	1408	96
1541	784	30	47
1542	806	107	45
1543	842	85	4
1544	844	130	54
1545	843	166	97
1546	844	206	38
1547	843	245	79
1548	845	282	23
1549	843	322	7
1550	843	361	77
1551	882	166	34
1552	884	88	18
1553	930	85	20
1554	933	127	67
1555	932	163	77
1556	931	205	41
1557	931	246	85
1558	904	264	80
1559	929	286	93
1560	933	321	4
1561	930	370	67
1562	991	165	45
1563	826	440	41
1564	965	459	23
1565	581	79	65
1566	642	90	66
1567	642	128	11
1568	637	164	87
1569	642	208	24
1570	641	248	31
1571	641	285	79
1572	642	323	26
1573	640	361	95
1574	671	360	63
1575	681	164	47
1576	680	84	30
1577	710	437	28
1578	730	359	64
1579	732	321	72
1580	767	323	79
1581	726	287	84
1582	727	244	5
1583	726	117	47
1584	729	166	14
1585	729	130	30
1586	728	86	49
1587	805	594	45
1588	782	653	1
1589	842	631	17
1590	855	706	22
1591	872	799	44
1592	845	826	52
1593	843	864	83
1594	890	848	74
1595	889	883	63
1596	950	919	49
1597	932	883	66
1598	929	846	9
1599	930	804	95
1600	925	765	78
1601	933	726	13
1602	928	689	12
1603	958	690	69
1604	932	651	19
1605	929	612	39
1606	931	570	29
1607	929	535	80
1608	1001	514	26
1609	573	325	87
1610	611	474	5
1611	610	503	63
1612	601	575	10
1613	654	571	78
1614	640	648	14
1615	642	688	57
1616	638	728	27
1617	640	766	16
1618	641	805	13
1619	640	842	7
1620	641	883	22
1621	689	890	38
1622	689	843	53
1623	688	804	65
1624	729	863	68
1625	727	628	10
1626	896	1027	37
1627	881	971	85
1628	823	961	62
1629	746	958	96
1630	602	953	62
1631	599	1009	87
1632	828	1065	95
1633	803	1085	19
1634	824	1104	73
1635	825	1144	10
1636	823	1181	25
1637	823	1222	47
1638	825	1261	14
1639	821	1298	67
1640	822	1356	12
1641	843	1399	88
1642	882	1336	13
1643	881	1296	35
1644	882	1263	71
1645	880	1215	39
1646	880	1178	89
1647	882	1143	2
1648	882	1102	93
1649	879	1065	49
1650	750	1088	13
1651	753	1216	97
1652	754	1258	11
1653	773	1307	60
1654	747	1358	7
1655	710	1301	12
1656	709	1261	92
1657	707	1223	48
1658	706	1181	96
1659	707	1146	60
1660	704	1102	28
1661	708	1067	70
1662	638	1105	85
1663	639	1145	75
1664	641	1179	92
1665	637	1222	79
1666	638	1256	58
1667	639	1298	54
1668	640	1337	11
1669	640	1375	35
1670	641	1415	51
1671	602	1394	60
1672	638	1455	98
1673	1796	1505	85
1674	1756	1494	24
1675	1717	1484	79
1676	1679	1484	6
1677	1631	1473	71
1678	1533	1492	41
1679	1051	1481	15
1680	1002	1482	84
1681	811	1481	34
1682	1758	1524	82
1683	1719	1525	17
1684	1678	1524	64
1685	1640	1525	5
1686	1601	1522	17
1687	1563	1524	37
1688	1523	1524	34
1689	1485	1521	98
1690	1448	1524	92
1691	1408	1523	88
1692	1370	1524	5
1693	1332	1523	45
1694	1292	1524	41
1695	1252	1523	67
1696	1215	1523	31
1697	1175	1522	97
1698	1140	1523	60
1699	1097	1524	29
1700	1060	1522	2
1701	1022	1522	41
1702	982	1521	39
1703	947	1522	42
1704	905	1521	67
1705	865	1522	94
1706	829	1522	17
1707	790	1523	64
1708	752	1520	51
1709	713	1520	57
1710	675	1521	79
1711	634	1522	88
1712	597	1521	17
1713	557	1521	78
1714	1757	1647	100
1715	1759	1687	21
1716	1739	1773	2
1717	1720	1598	88
1718	1699	1744	78
1719	1679	1696	84
1720	1660	1559	16
1721	1640	1658	28
1722	1622	1820	80
1723	1606	1548	72
1724	1563	1551	4
1725	1574	1596	100
1726	1574	1763	87
1727	1548	1832	71
1728	1488	1562	7
1729	1451	1561	48
1730	1464	1610	83
1731	1488	1715	7
1732	1410	1627	76
1733	1411	1693	14
1734	1391	1776	72
1735	1370	1594	19
1736	1361	1626	39
1737	1334	1754	34
1738	1313	1783	89
1739	1274	1560	35
1740	1178	1813	26
1741	1140	1814	1
1742	1080	1693	11
1743	1042	1706	68
1744	1004	1636	38
1745	927	1618	50
1746	928	1667	30
1747	869	1743	99
1748	871	1842	95
1749	830	1765	2
1750	811	1642	51
1751	782	1630	88
1752	752	1611	24
1753	713	1570	72
1754	716	1842	62
1755	676	1751	98
1756	676	1821	90
1757	628	1762	96
1758	611	1716	11
1759	634	1596	15
1760	598	1607	61
1761	560	1646	36
1762	560	1685	79
1763	521	1784	68
1764	1756	1869	3
1765	1717	1869	96
1766	1680	1870	39
1767	1642	1871	90
1768	1602	1871	38
1769	1564	1871	25
1770	1526	1870	15
1771	1487	1871	10
1772	1448	1873	43
1773	1409	1871	60
1774	1369	1872	5
1775	1333	1872	37
1776	1294	1872	73
1777	1253	1873	96
1778	1218	1872	45
1779	1176	1870	20
1780	1139	1869	73
1781	1100	1872	30
1782	1061	1871	60
1783	1024	1869	79
1784	983	1871	88
1785	945	1870	4
1786	904	1870	87
1787	869	1870	21
1788	829	1870	85
1789	789	1872	47
1790	751	1867	64
1791	713	1872	91
1792	674	1868	99
1793	637	1869	6
1794	596	1871	75
1795	557	1872	67
1796	1642	1902	69
1797	1563	1899	6
1798	1456	1928	31
1799	1256	1899	46
1800	1234	1936	33
1801	1144	1909	56
1802	1102	1910	85
1803	1060	1909	54
1804	984	1898	67
1805	948	1909	69
1806	883	1927	28
1807	848	1907	62
1808	769	1906	49
1809	716	1899	24
1810	674	1908	1
1811	599	1908	96
1812	1475	1984	55
1813	1428	2007	65
1814	1429	2044	88
1815	1430	2082	79
1816	1430	2122	75
1817	1429	2160	96
1818	1429	2198	83
1819	1430	2238	45
1820	1429	2277	35
1821	1428	2314	53
1822	1432	2369	96
1823	1428	2391	10
1824	1429	2427	3
1825	1425	2493	65
1826	1380	2004	21
1827	1410	2102	6
1828	1380	2239	56
1829	1409	2370	85
1830	1352	2311	66
1831	1351	2340	73
1832	1351	2410	55
1833	1313	2156	15
1834	1270	2334	33
1835	1274	2490	7
1836	1379	2550	21
1837	1343	2547	21
1838	1362	2602	9
1839	1291	2527	71
1840	1265	2560	99
1841	1286	2635	41
1842	1363	2662	97
1843	1369	2701	47
1844	1394	2722	45
1845	1371	2740	25
1846	1370	2782	56
1847	1370	2817	2
1848	1369	2857	26
1849	1409	2886	83
1850	1369	2894	93
1851	1369	2935	77
1852	1273	2933	35
1853	1272	2893	93
1854	1273	2852	16
1855	1274	2814	86
1856	1275	2780	24
1857	1272	2737	58
1858	1271	2701	38
1859	1273	2664	60
1860	1234	2963	96
1861	1272	2961	25
1862	1390	2982	25
1863	1252	3025	49
1864	1343	3049	48
1865	1372	3087	56
1866	1372	3128	75
1867	1373	3166	81
1868	1371	3201	81
1869	1372	3240	55
1870	1369	3287	12
1871	1369	3317	19
1872	1374	3358	29
1873	1328	3417	59
1874	1294	3421	18
1875	1271	3357	38
1876	1276	3318	71
1877	1274	3278	10
1878	1233	3280	8
1879	1273	3239	54
1880	1275	3199	47
1881	1273	3164	42
1882	1276	3126	6
1883	1275	3085	7
1884	1224	3184	9
1885	1194	3144	67
1886	1320	3201	35
1887	1322	3260	18
1888	1392	3504	22
1889	1423	3532	28
1890	1399	3764	33
1891	1408	3862	44
1892	1439	3890	11
1893	1370	3528	64
1894	1370	3569	88
1895	1368	3612	43
1896	1369	3646	92
1897	1371	3683	74
1898	1370	3723	9
1899	1370	3765	4
1900	1367	3801	43
1901	1368	3840	32
1902	1367	3882	56
1903	1331	3871	88
1904	1332	3792	49
1905	1312	3586	91
1906	1274	3528	24
1907	1272	3567	39
1908	1272	3606	50
1909	1272	3648	35
1910	1273	3683	24
1911	1272	3722	36
1912	1273	3764	56
1913	1274	3808	48
1914	1274	3841	94
1915	1274	3879	61
1916	1234	2182	97
1917	1248	2241	28
1918	1226	2276	59
1919	1195	2006	65
1920	1198	2043	57
1921	1199	2079	23
1922	1197	2119	92
1923	1199	2162	88
1924	1196	2200	11
1925	1198	2238	32
1926	1195	2278	30
1927	1197	2317	52
1928	1198	2357	71
1929	1196	2392	58
1930	1197	2432	77
1931	1206	2489	40
1932	1157	2003	63
1933	1157	2042	59
1934	1158	2081	98
1935	1158	2118	85
1936	1159	2162	41
1937	1156	2200	84
1938	1156	2240	91
1939	1156	2278	99
1940	1159	2315	52
1941	1157	2351	36
1942	1160	2393	75
1943	1159	2431	9
1944	1155	2472	76
1945	1161	2509	73
1946	1119	2470	36
1947	1191	2576	81
1948	1119	2573	100
1949	1194	2740	43
1950	1155	2661	89
1951	1159	2700	17
1952	1159	2738	33
1953	1160	2776	88
1954	1161	2815	80
1955	1159	2854	94
1956	1157	2892	62
1957	1163	2929	37
1958	1108	2815	57
1959	1108	2912	98
1960	1082	2758	9
1961	1062	2657	2
1962	1063	2701	67
1963	1064	2739	1
1964	1062	2776	50
1965	1063	2816	64
1966	1061	2850	90
1967	1060	2894	41
1968	1059	2933	59
1969	1176	3028	83
1970	1158	3088	42
1971	1160	3126	77
1972	1155	3166	39
1973	1158	3201	34
1974	1159	3242	34
1975	1157	3282	23
1976	1158	3320	31
1977	1158	3356	98
1978	1109	3068	65
1979	1121	3105	77
1980	1097	3206	100
1981	1064	3088	33
1982	1062	3131	93
1983	1064	3162	16
1984	1062	3203	91
1985	1061	3241	7
1986	1059	3280	76
1987	1061	3320	75
1988	1062	3357	86
1989	1213	3625	42
1990	1224	3667	38
1991	1186	3743	30
1992	1204	3783	3
1993	1157	3530	66
1994	1158	3569	85
1995	1159	3611	39
1996	1160	3645	98
1997	1153	3686	60
1998	1158	3729	43
1999	1158	3765	49
2000	1156	3801	31
2001	1157	3843	71
2002	1157	3880	46
2003	1118	3501	7
2004	1118	3794	58
2005	1118	3870	96
2006	1059	3529	69
2007	1061	3568	55
2008	1063	3607	85
2009	1062	3647	98
2010	1061	3682	57
2011	1062	3730	10
2012	1059	3763	75
2013	1061	3801	33
2014	1059	3842	98
2015	1060	3880	4
2016	954	1976	74
2017	955	2023	59
2018	1083	2026	5
2019	1073	2061	56
2020	1012	2100	58
2021	1072	2198	91
2022	981	2279	40
2023	1050	2507	88
2024	964	2624	52
2025	1005	2681	13
2026	984	2719	13
2027	1031	3009	50
2028	1004	3059	29
2029	970	3018	42
2030	1003	3426	39
2031	968	3425	30
2032	928	2006	19
2033	928	2048	97
2034	928	2081	18
2035	927	2122	100
2036	927	2159	82
2037	928	2200	47
2038	925	2241	43
2039	927	2276	45
2040	926	2317	11
2041	928	2354	54
2042	926	2391	35
2043	929	2429	81
2044	926	2469	20
2045	924	2508	99
2046	886	2003	65
2047	889	2045	43
2048	888	2083	66
2049	888	2120	28
2050	889	2159	43
2051	887	2201	31
2052	886	2241	43
2053	890	2276	49
2054	886	2315	25
2055	888	2353	72
2056	888	2392	96
2057	886	2430	3
2058	887	2468	16
2059	889	2509	70
2060	910	2588	51
2061	947	2662	59
2062	869	2633	15
2063	947	2659	58
2064	946	2700	61
2065	946	2740	12
2066	946	2777	23
2067	947	2815	8
2068	945	2856	65
2069	947	2894	90
2070	944	2932	85
2071	847	2929	21
2072	848	2891	15
2073	850	2854	45
2074	847	2813	4
2075	848	2775	28
2076	847	2736	55
2077	849	2699	4
2078	849	2665	17
2079	863	2987	26
2080	867	3019	91
2081	944	3021	99
2082	941	3088	42
2083	944	3127	9
2084	945	3160	27
2085	945	3203	32
2086	943	3242	22
2087	945	3275	10
2088	946	3321	79
2089	945	3359	69
2090	849	3087	37
2091	849	3125	14
2092	850	3162	58
2093	848	3202	74
2094	850	3242	14
2095	850	3283	6
2096	853	3319	31
2097	938	3441	100
2098	910	3440	37
2099	943	3530	26
2100	947	3570	25
2101	943	3609	50
2102	946	3647	22
2103	947	3683	39
2104	947	3725	79
2105	947	3761	83
2106	946	3803	48
2107	946	3843	40
2108	946	3883	21
2109	904	3703	40
2110	928	3742	76
2111	904	3793	69
2112	895	3834	41
2113	897	3859	91
2114	867	3522	33
2115	848	3607	74
2116	848	3647	20
2117	849	3683	2
2118	848	3727	18
2119	852	3757	54
2120	850	3800	18
2121	849	3841	42
2122	850	3878	1
2123	826	3821	40
2124	811	3858	3
2125	694	1955	4
2126	824	1976	34
2127	804	2041	2
2128	793	2081	43
2129	762	2117	82
2130	803	2142	84
2131	750	2159	60
2132	773	2180	64
2133	861	2487	1
2134	831	2503	8
2135	842	2583	51
2136	759	2718	22
2137	791	2779	21
2138	780	2967	99
2139	829	3000	45
2140	808	3237	44
2141	819	3279	45
2142	760	3319	24
2143	780	3424	80
2144	808	3444	17
2145	785	3527	56
2146	780	3572	65
2147	748	3550	86
2148	750	3708	85
2149	655	1966	14
2150	656	2011	70
2151	655	2040	48
2152	656	2082	67
2153	658	2123	87
2154	656	2160	12
2155	656	2198	14
2156	658	2239	91
2157	657	2274	16
2158	657	2314	44
2159	657	2356	70
2160	657	2390	16
2161	654	2430	9
2162	655	2469	99
2163	656	2509	56
2164	599	2004	72
2165	597	2042	2
2166	598	2081	61
2167	596	2122	61
2168	598	2161	100
2169	599	2196	39
2170	600	2239	32
2171	597	2278	79
2172	597	2317	78
2173	598	2354	82
2174	597	2393	9
2175	598	2432	31
2176	597	2516	89
2177	598	2551	15
2178	734	2663	65
2179	735	2701	13
2180	735	2741	6
2181	735	2780	97
2182	735	2814	94
2183	734	2851	32
2184	732	2896	88
2185	734	2932	39
2186	704	2834	22
2187	680	2771	10
2188	689	2693	53
2189	697	2630	26
2190	657	2881	71
2191	639	2595	58
2192	636	2631	7
2193	639	2673	38
2194	637	2708	67
2195	635	2748	8
2196	635	2787	64
2197	635	2822	31
2198	636	2863	98
2199	636	2902	72
2200	636	2944	9
2201	598	2592	88
2202	600	2629	8
2203	596	2671	22
2204	598	2707	62
2205	596	2748	25
2206	596	2787	41
2207	597	2825	82
2208	598	2863	3
2209	595	2900	92
2210	595	2943	75
2211	733	3020	35
2212	628	2998	91
2213	547	3010	41
2214	734	3087	38
2215	733	3125	1
2216	736	3164	44
2217	732	3202	31
2218	732	3237	62
2219	733	3277	14
2220	734	3320	37
2221	703	3459	39
2222	692	3587	9
2223	733	3607	74
2224	731	3644	10
2225	733	3687	56
2226	734	3723	20
2227	732	3767	78
2228	732	3804	9
2229	734	3844	80
2230	733	3880	98
2231	674	3086	78
2232	676	3122	54
2233	674	3169	88
2234	674	3199	62
2235	672	3241	66
2236	675	3279	88
2237	677	3320	2
2238	676	3359	62
2239	675	3396	53
2240	674	3436	39
2241	666	3472	74
2242	676	3531	13
2243	675	3571	72
2244	672	3609	5
2245	674	3648	14
2246	675	3684	45
2247	675	3726	13
2248	674	3764	75
2249	674	3802	98
2250	674	3844	45
2251	676	3877	20
2252	578	3144	83
2253	620	3223	75
2254	640	3271	12
2255	607	3341	86
2256	636	3439	63
2257	597	3533	88
2258	609	3940	33
2259	438	49	12
2260	417	284	93
2261	457	122	62
2262	453	162	38
2263	454	202	98
2264	456	242	70
2265	457	282	56
2266	457	320	84
2267	456	361	75
2268	484	185	9
2269	524	122	61
2270	525	166	77
2271	526	204	92
2272	523	245	83
2273	524	283	85
2274	526	323	47
2275	524	361	20
2276	559	390	62
2277	390	410	3
2278	363	47	24
2279	339	124	51
2280	340	165	53
2281	340	204	12
2282	342	243	26
2283	341	282	98
2284	341	323	20
2285	342	359	4
2286	322	48	68
2287	302	127	86
2288	300	163	37
2289	302	203	25
2290	301	244	67
2291	302	285	92
2292	305	325	66
2293	304	362	8
2294	247	382	90
2295	223	282	11
2296	212	110	5
2297	233	50	15
2298	169	41	36
2299	186	128	56
2300	186	164	95
2301	186	203	63
2302	189	246	85
2303	186	285	39
2304	186	322	28
2305	188	361	50
2306	148	358	95
2307	147	322	55
2308	147	287	72
2309	150	244	80
2310	149	207	15
2311	149	166	22
2312	149	129	63
2313	111	168	10
2314	91	51	83
2315	54	48	61
2316	33	126	26
2317	33	167	49
2318	35	118	95
2319	35	248	94
2320	33	360	76
2321	31	364	91
2322	33	368	58
2323	34	372	15
2324	33	323	59
2325	34	362	63
2326	63	360	57
2327	90	324	23
2328	534	473	75
2329	529	610	17
2330	494	504	30
2331	467	475	63
2332	437	532	40
2333	454	603	24
2334	397	524	87
2335	415	479	94
2336	366	604	71
2337	322	524	96
2338	312	465	15
2339	272	522	56
2340	273	571	94
2341	262	436	70
2342	229	452	49
2343	224	484	96
2344	119	573	56
2345	117	526	31
2346	54	574	29
2347	52	493	65
2348	64	453	11
2349	4	554	15
2350	-47	512	3
2351	4	602	90
2352	34	632	64
2353	12	666	47
2354	550	691	57
2355	525	650	17
2356	525	689	96
2357	521	729	62
2358	523	766	40
2359	523	805	64
2360	521	841	36
2361	527	884	55
2362	455	1299	27
2363	427	884	55
2364	428	843	59
2365	429	804	43
2366	428	768	11
2367	427	728	12
2368	426	685	83
2369	430	648	84
2370	370	725	83
2371	387	781	85
2372	367	823	80
2373	311	883	12
2374	311	839	95
2375	313	801	99
2376	313	767	56
2377	309	724	80
2378	311	685	67
2379	316	649	10
2380	234	650	98
2381	234	685	29
2382	234	724	4
2383	212	745	9
2384	233	764	90
2385	233	802	21
2386	235	843	97
2387	236	885	78
2388	158	670	53
2389	117	646	17
2390	118	688	3
2391	119	728	92
2392	118	767	81
2393	120	805	17
2394	119	842	99
2395	120	882	35
2396	544	1038	24
2397	522	951	68
2398	477	1046	49
2399	475	979	47
2400	449	1050	36
2401	396	976	73
2402	299	941	89
2403	243	918	8
2404	262	991	67
2405	214	951	31
2406	205	987	13
2407	225	1026	52
2408	166	979	27
2409	127	1015	100
2410	106	972	75
2411	89	1017	68
2412	23	968	3
2413	-61	801	96
2414	-57	32	40
2415	523	1103	85
2416	524	1143	80
2417	523	1183	39
2418	522	1223	58
2419	523	1256	22
2420	523	1296	67
2421	523	1337	33
2422	523	1377	74
2423	526	1415	89
2424	523	1454	76
2425	476	1084	94
2426	476	1121	66
2427	475	1162	49
2428	475	1199	59
2429	477	1241	100
2430	474	1277	56
2431	475	1316	10
2432	478	1355	78
2433	478	1394	27
2434	475	1431	67
2435	475	1473	71
2436	878	1506	49
2437	474	1549	70
2438	475	1587	30
2439	475	1625	36
2440	478	1665	37
2441	475	1706	64
2442	475	1743	14
2443	476	1781	91
2444	476	1830	63
2445	476	1912	46
2446	436	1087	13
2447	439	1123	40
2448	438	1160	68
2449	434	1202	68
2450	436	1238	63
2451	435	1281	13
2452	436	1320	21
2453	435	1357	25
2454	436	1396	8
2455	436	1435	32
2456	438	1473	59
2457	435	1502	46
2458	435	1552	28
2459	434	1587	19
2460	436	1627	81
2461	438	1665	26
2462	437	1703	17
2463	437	1744	68
2464	438	1781	93
2465	438	1822	43
2466	437	1862	66
2467	434	1900	24
2468	391	1086	44
2469	377	1192	90
2470	385	1230	67
2471	367	1268	53
2472	378	1551	26
2473	358	1841	51
2474	346	1899	24
2475	317	1122	71
2476	322	1162	68
2477	322	1200	23
2478	319	1239	23
2479	321	1277	92
2480	319	1317	89
2481	321	1353	1
2482	321	1394	53
2483	320	1430	59
2484	320	1471	94
2485	320	1550	98
2486	321	1590	94
2487	318	1625	89
2488	319	1664	73
2489	320	1704	34
2490	321	1743	96
2491	319	1784	43
2492	321	1821	56
2493	321	1859	15
2494	319	1899	83
2495	279	1061	86
2496	283	1122	38
2497	281	1161	85
2498	281	1198	49
2499	280	1240	33
2500	282	1274	19
2501	281	1318	2
2502	281	1355	12
2503	281	1395	72
2504	281	1435	75
2505	283	1473	2
2506	281	1550	57
2507	281	1584	12
2508	282	1626	36
2509	281	1667	17
2510	281	1704	72
2511	281	1743	47
2512	284	1783	55
2513	283	1822	40
2514	282	1860	12
2515	282	1900	80
2516	216	1181	52
2517	246	1373	72
2518	241	1433	16
2519	230	1471	88
2520	260	1514	67
2521	236	1541	49
2522	235	1838	98
2523	205	1063	27
2524	167	1100	46
2525	170	1131	86
2526	166	1084	68
2527	165	1202	21
2528	167	1239	76
2529	187	1260	52
2530	168	1281	25
2531	167	1315	68
2532	165	1360	70
2533	168	1391	2
2534	167	1434	80
2535	170	1471	81
2536	167	1550	67
2537	166	1587	64
2538	165	1626	12
2539	167	1665	26
2540	167	1711	66
2541	169	1743	15
2542	167	1781	18
2543	167	1820	11
2544	168	1858	79
2545	167	1901	17
2546	131	1055	76
2547	129	1094	32
2548	128	1132	15
2549	125	1172	17
2550	128	1213	57
2551	126	1250	18
2552	128	1290	59
2553	123	1327	24
2554	127	1367	76
2555	128	1405	56
2556	129	1443	62
2557	127	1485	79
2558	128	1522	14
2559	131	1560	83
2560	129	1599	39
2561	130	1638	44
2562	130	1678	18
2563	127	1713	78
2564	128	1753	77
2565	91	1058	71
2566	89	1097	52
2567	87	1131	64
2568	87	1169	90
2569	86	1211	81
2570	86	1248	73
2571	90	1292	33
2572	87	1240	50
2573	90	1369	75
2574	86	1408	86
2575	88	1445	74
2576	90	1483	47
2577	91	1520	31
2578	88	1558	88
2579	94	1606	54
2580	91	1639	57
2581	88	1676	55
2582	89	1629	26
2583	89	1758	57
2584	53	1057	11
2585	49	1094	54
2586	49	1135	16
2587	51	1175	54
2588	51	1213	40
2589	49	1251	83
2590	50	1288	25
2591	50	1328	17
2592	51	1366	67
2593	49	1404	62
2594	51	1444	96
2595	50	1483	87
2596	51	1522	45
2597	50	1558	73
2598	53	1600	4
2599	50	1637	33
2600	50	1673	72
2601	47	1712	70
2602	50	1754	98
2603	49	1795	64
2604	11	1055	100
2605	16	1095	81
2606	12	1134	99
2607	13	1173	25
2608	15	1210	85
2609	12	1249	50
2610	11	1289	77
2611	14	1328	24
2612	13	1368	12
2613	14	1406	30
2614	16	1441	34
2615	13	1482	45
2616	14	1521	81
2617	10	1561	36
2618	12	1594	19
2619	10	1637	93
2620	15	1678	5
2621	15	1714	6
2622	11	1753	75
2623	11	1793	88
2624	21	1882	36
2625	88	1327	41
2626	88	1712	78
2627	503	2002	63
2628	512	2040	97
2629	542	2099	22
2630	521	2140	76
2631	534	2179	56
2632	484	2098	81
2633	434	2062	42
2634	414	2020	97
2635	394	2137	61
2636	426	2198	53
2637	463	2277	65
2638	484	2313	42
2639	415	2292	44
2640	435	2373	56
2641	436	2437	79
2642	463	2438	14
2643	494	2458	65
2644	484	2516	62
2645	484	2552	29
2646	483	2592	19
2647	483	2630	48
2648	484	2671	11
2649	483	2707	100
2650	484	2748	32
2651	482	2784	49
2652	482	2824	99
2653	484	2863	39
2654	485	2903	30
2655	483	2939	22
2656	521	2941	99
2657	520	2899	17
2658	523	2862	25
2659	521	2823	14
2660	521	2787	80
2661	524	2745	21
2662	520	2709	71
2663	521	2669	61
2664	522	2631	22
2665	520	2593	82
2666	473	3011	55
2667	337	1933	38
2668	359	1964	31
2669	368	2001	12
2670	368	2039	63
2671	367	2079	3
2672	367	2118	96
2673	368	2160	86
2674	367	2197	57
2675	367	2238	72
2676	368	2275	85
2677	368	2313	96
2678	370	2351	15
2679	369	2392	57
2680	365	2427	5
2681	322	2080	85
2682	319	2118	84
2683	318	2156	10
2684	319	2199	60
2685	318	2233	90
2686	319	2274	86
2687	319	2315	4
2688	318	2352	75
2689	319	2394	95
2690	318	2428	16
2691	290	1972	28
2692	281	1999	96
2693	282	2042	87
2694	280	2078	26
2695	278	2115	36
2696	280	2161	38
2697	280	2195	73
2698	279	2236	75
2699	281	2278	21
2700	280	2312	12
2701	281	2355	22
2702	280	2392	10
2703	277	2427	2
2704	348	2503	45
2705	385	2524	9
2706	387	2554	68
2707	365	2582	87
2708	376	2622	9
2709	394	2750	92
2710	395	2952	91
2711	308	2526	24
2712	279	2527	77
2713	280	2563	53
2714	321	2604	15
2715	283	2600	72
2716	316	2640	43
2717	282	2640	20
2718	321	2680	5
2719	280	2679	14
2720	320	2717	24
2721	282	2717	15
2722	320	2757	9
2723	279	2755	97
2724	318	2798	73
2725	283	2794	54
2726	319	2833	68
2727	281	2832	61
2728	318	2870	9
2729	282	2869	99
2730	321	2910	39
2731	280	2910	12
2732	320	2949	63
2733	281	2949	14
2734	557	3089	22
2735	559	3125	97
2736	556	3164	16
2737	558	3201	23
2738	558	3240	31
2739	559	3279	60
2740	558	3317	20
2741	559	3356	92
2742	561	3393	6
2743	560	3437	25
2744	490	3277	77
2745	463	3085	40
2746	462	3122	17
2747	464	3163	43
2748	463	3200	92
2749	461	3235	40
2750	464	3278	45
2751	462	3316	88
2752	464	3355	78
2753	463	3395	80
2754	464	3434	6
2755	558	3532	29
2756	559	3568	85
2757	559	3604	78
2758	562	3645	95
2759	558	3685	43
2760	561	3724	59
2761	558	3766	14
2762	559	3800	41
2763	560	3839	57
2764	561	3879	8
2765	520	3760	92
2766	509	3800	76
2767	511	3840	40
2768	509	3879	60
2769	460	3489	65
2770	443	3519	40
2771	452	3565	16
2772	464	3606	23
2773	463	3644	61
2774	461	3685	89
2775	462	3721	63
2776	463	3761	95
2777	462	3801	51
2778	462	3840	53
2779	462	3877	71
2780	444	3036	7
2781	357	3037	78
2782	394	3260	26
2783	397	3339	58
2784	396	3418	73
2785	384	3512	66
2786	388	3548	59
2787	374	3609	68
2788	403	3646	2
2789	424	3687	26
2790	406	3743	97
2791	405	3906	84
2792	442	3919	76
2793	344	3087	3
2794	349	3124	57
2795	346	3162	38
2796	347	3201	56
2797	348	3238	45
2798	347	3275	72
2799	346	3317	7
2800	349	3358	33
2801	347	3397	77
2802	349	3432	1
2803	349	3477	91
2804	347	3511	83
2805	348	3547	78
2806	346	3604	96
2807	346	3643	100
2808	347	3687	61
2809	348	3724	21
2810	346	3762	76
2811	348	3798	80
2812	344	3839	77
2813	347	3876	51
2814	324	3413	2
2815	307	3501	79
2816	296	3558	85
2817	327	3629	46
2818	296	3743	66
2819	270	3124	38
2820	272	3161	47
2821	269	3197	90
2822	272	3238	94
2823	270	3279	38
2824	271	3318	29
2825	273	3356	20
2826	250	3220	8
2827	231	3288	56
2828	221	3338	74
2829	242	3377	76
2830	263	3453	77
2831	252	3529	34
2832	212	3470	63
2833	211	3514	3
2834	272	3587	38
2835	270	3624	30
2836	268	3665	15
2837	270	3706	72
2838	270	3742	78
2839	270	3784	26
2840	270	3820	74
2841	270	3858	23
2842	271	3916	14
2843	213	3824	6
2844	194	3917	45
2845	223	2021	87
2846	222	2140	51
2847	234	2410	1
2848	231	2490	63
2849	202	2079	99
2850	203	2120	73
2851	202	2159	38
2852	203	2197	32
2853	201	2237	75
2854	204	2274	39
2855	204	2316	95
2856	202	2353	85
2857	200	2392	88
2858	204	2428	98
2859	203	2602	15
2860	204	2643	81
2861	205	2699	10
2862	205	2721	56
2863	204	2759	84
2864	204	2799	82
2865	204	2836	82
2866	203	2877	85
2867	204	2913	19
2868	204	2953	59
2869	164	2003	26
2870	165	2042	88
2871	165	2081	87
2872	164	2120	39
2873	164	2159	28
2874	165	2197	42
2875	164	2233	92
2876	164	2274	11
2877	166	2315	69
2878	165	2351	22
2879	164	2392	99
2880	164	2430	58
2881	165	2487	66
2882	164	2523	69
2883	166	2567	46
2884	165	2602	57
2885	166	2643	4
2886	163	2683	48
2887	165	2721	61
2888	165	2759	19
2889	164	2799	64
2890	163	2837	43
2891	166	2869	31
2892	166	2911	23
2893	164	2954	54
2894	128	2080	100
2895	127	2140	11
2896	127	2180	30
2897	125	2219	62
2898	125	2258	56
2899	127	2296	55
2900	125	2158	43
2901	128	2373	41
2902	127	2416	38
2903	126	2448	25
2904	128	2489	34
2905	127	2528	44
2906	127	2564	49
2907	126	2607	92
2908	127	2642	27
2909	126	2683	29
2910	126	2720	54
2911	128	2760	40
2912	127	2796	94
2913	124	2834	26
2914	127	2874	61
2915	129	2914	77
2916	78	1990	10
2917	88	2137	22
2918	90	2177	33
2919	87	2218	10
2920	87	2258	78
2921	90	2298	71
2922	91	2343	70
2923	90	2373	60
2924	92	2420	63
2925	89	2449	33
2926	87	2489	3
2927	86	2524	30
2928	90	2565	52
2929	88	2604	20
2930	89	2643	47
2931	87	2679	10
2932	89	2718	16
2933	89	2757	31
2934	90	2806	8
2935	88	2835	5
2936	87	2872	9
2937	88	2911	80
2938	50	2137	39
2939	50	2176	32
2940	51	2216	69
2941	49	2257	52
2942	50	2294	21
2943	49	2334	18
2944	49	2370	35
2945	48	2408	91
2946	50	2449	2
2947	50	2489	58
2948	50	2525	36
2949	49	2564	52
2950	50	2603	2
2951	50	2643	68
2952	49	2681	79
2953	50	2717	2
2954	50	2757	24
2955	51	2796	38
2956	49	2834	90
2957	49	2874	58
2958	-23	1994	51
2959	10	2137	80
2960	12	2178	95
2961	11	2217	3
2962	11	2256	68
2963	11	2292	100
2964	11	2333	17
2965	13	2378	35
2966	10	2411	1
2967	9	2448	88
2968	10	2484	51
2969	9	2524	43
2970	11	2563	95
2971	10	2601	22
2972	10	2640	37
2973	11	2682	41
2974	9	2718	93
2975	10	2754	87
2976	10	2801	50
2977	10	2834	42
2978	11	2872	56
2979	126	2334	94
2980	173	3143	66
2981	174	3184	39
2982	155	3123	94
2983	154	3162	60
2984	156	3203	47
2985	154	3241	16
2986	154	3278	29
2987	154	3314	41
2988	156	3355	10
2989	153	3397	21
2990	136	3468	93
2991	135	3510	95
2992	155	3551	47
2993	156	3591	92
2994	155	3627	73
2995	155	3665	17
2996	154	3707	37
2997	152	3744	35
2998	156	3791	58
2999	155	3822	24
3000	157	3861	52
3001	115	3547	78
3002	114	3585	46
3003	114	3600	40
3004	113	3610	16
3005	113	3624	81
3006	112	3663	66
3007	112	3699	61
3008	112	3739	77
3009	112	3779	95
3010	116	3819	70
3011	113	3858	98
3012	114	3898	87
3013	105	3102	10
3014	103	3159	13
3015	107	3256	66
3016	105	3295	79
3017	105	3375	73
3018	66	3215	21
3019	64	3374	21
3020	75	3462	89
3021	36	3460	3
3022	75	3546	12
3023	37	3547	33
3024	76	3624	100
3025	35	3622	66
3026	77	3702	67
3027	37	3701	61
3028	77	3778	94
3029	37	3780	71
3030	78	3858	79
3031	36	3856	26
3032	-4	3873	44
3033	17	2052	28
3034	16	2962	4
3035	-66	3134	11
3036	-68	3905	13
3037	38	3941	43
end {BasicAreas}
