begin {Parameters}
Number of BasicAreas
3282
Number of Districts 
5
Basic Area Type
Point
Metric
l2
end {Parameters}

#Parameter	ExtId	XPos	YPos	Activity
begin {BasicAreas}
0	409154	435528	1
1	409151	435683	1
2	409277	435420	1
3	409260	435538	1
4	409240	435695	1
5	409213	435897	1
6	409199	435982	1
7	409178	436078	1
8	409174	436171	1
9	409147	436256	1
10	409469	435389	1
11	409378	435463	1
12	409378	435563	1
13	409351	435734	1
14	409328	435891	1
15	409275	435982	1
16	409289	436065	1
17	409272	436188	1
18	409208	436263	1
19	409754	435326	1
20	409609	435201	1
21	409565	435307	1
22	409577	435510	1
23	409515	435614	1
24	409478	435707	1
25	409442	435810	1
26	409442	435913	1
27	409408	436075	1
28	409344	436201	1
29	409398	436213	1
30	409638	435143	1
31	409683	435349	1
32	409670	435514	1
33	409620	435615	1
34	409688	435618	1
35	409624	435752	1
36	409570	435942	1
37	409541	436090	1
38	409512	436236	1
39	409216	435826	1
40	409158	435820	1
41	408777	434870	1
42	408731	434657	1
43	408808	434639	1
44	408840	435022	1
45	408932	434976	1
46	408897	434650	1
47	409050	434674	1
48	409033	434769	1
49	408906	434723	1
50	409262	434873	1
51	409090	434982	1
52	409020	435056	1
53	409262	435017	1
54	409210	435093	1
55	409109	435153	1
56	409192	435244	1
57	409298	435127	1
58	409302	435225	1
59	409264	435295	1
60	409372	434355	1
61	409426	434622	1
62	409452	434831	1
63	409553	435074	1
64	409434	435030	1
65	409479	434592	1
66	409517	434818	1
67	409539	434954	1
68	409038	435235	1
69	409167	435416	1
70	408778	434739	1
71	409411	434362	1
72	409822	435466	1
73	409811	435545	1
74	409765	435617	1
75	409812	435857	1
76	409792	435978	1
77	409837	436155	1
78	409711	436281	1
79	409969	435509	1
80	409944	435714	1
81	410041	435866	1
82	409946	436015	1
83	410015	436193	1
84	410067	435592	1
85	410073	436039	1
86	410113	436329	1
87	410204	436314	1
88	409645	436119	1
89	410120	436189	1
90	409875	435755	1
91	410180	436398	1
92	410244	436276	1
93	410224	436222	1
94	410435	436784	1
95	409573	436533	1
96	409575	436677	1
97	409553	436813	1
98	409546	436882	1
99	409701	436391	1
100	409691	436539	1
101	409680	436697	1
102	409667	436825	1
103	409657	436892	1
104	409858	436418	1
105	409795	436554	1
106	409788	436708	1
107	409768	436873	1
108	409900	436600	1
109	409863	436728	1
110	409923	436735	1
111	409874	436894	1
112	410006	436607	1
113	410003	436738	1
114	410006	436804	1
115	409960	436901	1
116	410014	436903	1
117	409816	437011	1
118	409851	437111	1
119	409908	437121	1
120	409887	437205	1
121	410120	436627	1
122	410099	436799	1
123	410072	436904	1
124	410234	436518	1
125	410205	436634	1
126	410213	436728	1
127	410212	436795	1
128	410320	436562	1
129	410324	436701	1
130	410107	437014	1
131	410201	436904	1
132	410140	436494	1
133	409026	436332	1
134	408906	436537	1
135	408865	436634	1
136	408849	436707	1
137	408791	436841	1
138	409016	436511	1
139	408946	436666	1
140	408921	436738	1
141	408872	436787	1
142	408903	436834	1
143	409160	436346	1
144	409102	436513	1
145	409007	436747	1
146	408951	436887	1
147	409261	436338	1
148	409213	436540	1
149	409150	436607	1
150	409114	436740	1
151	409065	436786	1
152	409057	436848	1
153	409174	436708	1
154	409136	436838	1
155	409322	436406	1
156	409255	436694	1
157	409213	436836	1
158	409372	436561	1
159	409286	436828	1
160	409355	436788	1
161	409482	436380	1
162	409456	436520	1
163	409442	436668	1
164	409429	436834	1
165	408514	436845	1
166	408597	436868	1
167	408644	436892	1
168	408796	436835	1
169	408540	437065	1
170	408583	437237	1
171	408527	437366	1
172	408594	437376	1
173	408888	436863	1
174	408565	437599	1
175	408545	437681	1
176	408527	437748	1
177	408951	436887	1
178	408820	438043	1
179	408509	437808	1
180	408452	437609	1
181	408513	437851	1
182	408340	438041	1
183	408150	438072	1
184	407912	438096	1
185	407770	438137	1
186	408324	438173	1
187	408060	438155	1
188	408017	438207	1
189	407883	438198	1
190	407836	438241	1
191	407786	438283	1
192	407767	438346	1
193	408217	438296	1
194	408136	438201	1
195	407954	438266	1
196	407909	438315	1
197	407846	438353	1
198	408092	438385	1
199	408020	438318	1
200	408058	438464	1
201	407955	438381	1
202	407860	438537	1
203	407737	438481	1
204	407982	438504	1
205	407983	438592	1
206	407795	438678	1
207	408083	438264	1
208	408546	438018	1
209	408463	438154	1
210	408432	438244	1
211	408295	438398	1
212	408211	438476	1
213	408169	438535	1
214	408112	438676	1
215	408028	438785	1
216	408564	438192	1
217	408528	438278	1
218	408412	438348	1
219	408384	438489	1
220	408290	438520	1
221	408246	438597	1
222	408219	438664	1
223	408143	438799	1
224	408702	438068	1
225	408651	438218	1
226	408506	438379	1
227	408465	438468	1
228	408379	438566	1
229	408402	438657	1
230	408260	438842	1
231	408217	438907	1
232	408739	438160	1
233	408705	438253	1
234	408975	438259	1
235	408579	438400	1
236	408538	438474	1
237	408814	438176	1
238	408866	438305	1
239	408772	438396	1
240	408658	438413	1
241	408610	438524	1
242	408876	438203	1
243	408932	438221	1
244	408922	438900	1
245	409062	438787	1
246	409017	438732	1
247	409054	438639	1
248	408170	438725	1
249	408240	438763	1
250	408899	438696	1
251	408840	438740	1
252	408792	438773	1
253	407946	438805	1
254	408024	438904	1
255	407893	438867	1
256	407967	438952	1
257	407880	438944	1
258	408819	438910	1
259	408760	438831	1
260	408729	438872	1
261	408706	438917	1
262	408749	438964	1
263	408236	438544	1
264	408290	438580	1
265	407181	440792	1
266	407060	440910	1
267	406926	440956	1
268	406968	440905	1
269	407053	440800	1
270	406796	440985	1
271	406867	440744	1
272	406812	440767	1
273	406764	440803	1
274	406705	440805	1
275	406695	440684	1
276	406746	440656	1
277	406791	440618	1
278	406830	440566	1
279	406867	440620	1
280	406894	440527	1
281	406922	440582	1
282	406915	440713	1
283	406761	440922	1
284	407004	441033	1
285	407181	440792	1
286	406585	439635	1
287	406684	439710	1
288	406733	439779	1
289	406799	439923	1
290	406791	440618	1
291	406830	440566	1
292	406867	440620	1
293	406894	440527	1
294	406922	440582	1
295	406708	439579	1
296	406627	439494	1
297	406602	439552	1
298	406510	439468	1
299	406324	439425	1
300	407457	439737	1
301	404644	434739	1
302	404588	434800	1
303	404592	434695	1
304	404555	434632	1
305	404512	434735	1
306	404525	434565	1
307	404458	434640	1
308	404488	434505	1
309	404474	434439	1
310	404422	434382	1
311	404313	434289	1
312	404278	434236	1
313	404238	434194	1
314	404162	434275	1
315	404191	434156	1
316	404110	434232	1
317	404148	434107	1
318	404071	434197	1
319	404112	434062	1
320	404032	434152	1
321	404064	434028	1
322	403988	434104	1
323	404148	433945	1
324	403944	434064	1
325	404099	433906	1
326	404024	433980	1
327	403987	433938	1
328	403892	434029	1
329	403941	433895	1
330	403853	433982	1
331	403900	433858	1
332	403810	433945	1
333	403853	433813	1
334	403763	433906	1
335	403810	433769	1
336	404595	434465	1
337	404185	433984	1
338	404233	434029	1
339	404594	434899	1
340	404490	434907	1
341	404254	434522	1
342	404177	434547	1
343	404259	434673	1
344	404099	434449	1
345	404198	434705	1
346	404122	434584	1
347	404001	434548	1
348	404044	434495	1
349	403903	434415	1
350	403936	434355	1
351	403802	434359	1
352	403964	434296	1
353	403820	434302	1
354	403847	434248	1
355	403653	434187	1
356	403631	434256	1
357	403618	434319	1
358	403779	434428	1
359	403845	434457	1
360	404403	435013	1
361	404417	434962	1
362	404269	434871	1
363	404343	434647	1
364	404708	434594	1
365	404359	434325	1
366	403443	433558	1
367	403726	433683	1
368	403709	434401	1
369	403610	434375	1
370	403807	433610	1
371	403847	433647	1
372	403898	433699	1
373	403953	433746	1
374	403659	433664	1
375	403605	433665	1
376	403547	433661	1
377	403491	433662	1
378	403436	433658	1
379	403384	433648	1
380	403329	433652	1
381	403278	433650	1
382	403276	433747	1
383	403334	433742	1
384	403386	433757	1
385	403438	433761	1
386	403492	433766	1
387	403546	433767	1
388	403602	433768	1
389	403655	433784	1
390	403302	434035	1
391	403372	434024	1
392	403463	434007	1
393	403552	434006	1
394	403458	434126	1
395	403375	434118	1
396	403300	434135	1
397	403324	434259	1
398	403386	434249	1
399	403644	434126	1
400	403389	434366	1
401	403458	434346	1
402	403588	434072	1
403	402488	433898	1
404	409662	434465	1
405	409591	434570	1
406	409610	434773	1
407	409638	434867	1
408	409684	434946	1
409	409830	435210	1
410	409738	434678	1
411	409700	434754	1
412	409732	434890	1
413	409718	435043	1
414	409810	435094	1
415	409892	435208	1
416	409968	435327	1
417	409770	434593	1
418	409819	434672	1
419	409812	434774	1
420	409823	434877	1
421	409798	434991	1
422	409939	435089	1
423	409972	435164	1
424	409923	434767	1
425	409920	434854	1
426	409892	434941	1
427	409971	435014	1
428	410079	435087	1
429	410064	435263	1
430	409833	434956	1
431	410157	435130	1
432	409962	434875	1
433	410042	434928	1
434	410123	434968	1
435	410197	435045	1
436	410307	434939	1
437	410389	434885	1
438	409789	434303	1
439	409837	434359	1
440	409917	434411	1
441	410012	434462	1
442	409942	434312	1
443	410090	434450	1
444	410238	434566	1
445	409965	434199	1
446	410014	434305	1
447	410109	434397	1
448	410169	434467	1
449	410037	434213	1
450	410088	434282	1
451	410153	434343	1
452	410115	434226	1
453	410249	434330	1
454	410282	434470	1
455	409547	434042	1
456	409467	434047	1
457	409681	433912	1
458	409762	433858	1
459	409718	433959	1
460	409591	434082	1
461	409796	434120	1
462	409591	434222	1
463	409583	433734	1
464	409634	433883	1
465	409715	434552	1
466	409832	434522	1
467	409987	434568	1
468	410230	434688	1
469	410071	434703	1
470	410047	434778	1
471	410113	434847	1
472	409434	434132	1
473	409490	434182	1
474	410179	435225	1
475	410209	435297	1
476	410244	435175	1
477	410298	435298	1
478	410294	435141	1
479	410347	435267	1
480	410359	435086	1
481	410430	435251	1
482	410429	435043	1
483	410511	435237	1
484	410492	434950	1
485	410545	435076	1
486	410604	435208	1
487	410637	435315	1
488	410556	434954	1
489	410607	435053	1
490	410650	435170	1
491	410618	434776	1
492	410656	435029	1
493	410705	435132	1
494	410721	435245	1
495	410684	435340	1
496	410660	434732	1
497	410737	434792	1
498	410744	435073	1
499	410808	435074	1
500	410830	435132	1
501	410707	434687	1
502	410780	434673	1
503	410780	434836	1
504	410826	434878	1
505	410894	434903	1
506	410939	434936	1
507	410964	434773	1
508	411148	435075	1
509	411144	435014	1
510	411176	434965	1
511	411173	434890	1
512	411326	435084	1
513	411451	435109	1
514	411506	435137	1
515	411551	435166	1
516	410816	435249	1
517	410481	434658	1
518	411176	435474	1
519	411217	435493	1
520	411272	435509	1
521	411342	435526	1
522	411459	435554	1
523	410651	434905	1
524	410783	434971	1
525	410920	435029	1
526	411057	435110	1
527	411034	435304	1
528	410556	434848	1
529	410853	434804	1
530	410958	434862	1
531	411069	434818	1
532	411250	435070	1
533	411327	434980	1
534	411037	434936	1
535	411269	435392	1
536	411398	435412	1
537	411474	435516	1
538	411561	435330	1
539	410220	435613	1
540	410169	435417	1
541	410228	435388	1
542	410252	435543	1
543	410289	435663	1
544	410348	436049	1
545	410301	435384	1
546	410325	435510	1
547	410345	435646	1
548	410373	435785	1
549	410394	435919	1
550	410417	436035	1
551	410439	436137	1
552	410466	436253	1
553	410395	436240	1
554	410482	436373	1
555	410371	435374	1
556	410394	435496	1
557	410416	435631	1
558	410437	435739	1
559	410468	435817	1
560	410498	435901	1
561	410488	436025	1
562	410507	436128	1
563	410529	436244	1
564	410547	436346	1
565	410430	435369	1
566	410453	435478	1
567	410479	435620	1
568	410502	435734	1
569	410551	436010	1
570	410570	436117	1
571	410591	436231	1
572	410606	436337	1
573	410556	435600	1
574	410559	435512	1
575	410580	435727	1
576	410597	435874	1
577	410623	435997	1
578	410646	436100	1
579	410663	436219	1
580	410681	436312	1
581	410593	435427	1
582	410622	435569	1
583	410647	435717	1
584	410675	435867	1
585	410695	435964	1
586	410704	436034	1
587	410718	436100	1
588	410735	436203	1
589	410684	435564	1
590	410709	435710	1
591	410735	435854	1
592	410763	435977	1
593	410778	436090	1
594	410797	436186	1
595	410746	435470	1
596	410735	435556	1
597	410771	435700	1
598	410789	435850	1
599	410812	435963	1
600	410837	436079	1
601	410771	435417	1
602	410805	435484	1
603	410834	435710	1
604	410847	435782	1
605	410883	436197	1
606	410888	435542	1
607	410885	435668	1
608	410895	435848	1
609	410901	435964	1
610	410946	435666	1
611	410955	435841	1
612	410961	435942	1
613	411004	435920	1
614	411002	435664	1
615	411062	435695	1
616	411123	435729	1
617	411051	435572	1
618	411299	435581	1
619	411149	435575	1
620	411090	435533	1
621	410744	436290	1
622	412752	433291	1
623	411495	434827	1
624	411659	434617	1
625	411529	434565	1
626	411551	434496	1
627	411599	434531	1
628	411601	434320	1
629	411653	434342	1
630	411728	434237	1
631	411931	433657	1
632	412116	433724	1
633	412195	433835	1
634	412400	433787	1
635	412550	433670	1
636	412673	433549	1
637	412778	433456	1
638	412687	433395	1
639	412644	433351	1
640	412587	433325	1
641	412533	433283	1
642	412493	433410	1
643	412465	433468	1
644	412606	433482	1
645	412574	433533	1
646	412437	433525	1
647	412408	433588	1
648	412344	433627	1
649	412300	433668	1
650	412273	433724	1
651	412255	433788	1
652	412177	433702	1
653	412278	433533	1
654	412324	433474	1
655	412349	433415	1
656	412368	433353	1
657	412481	433241	1
658	412392	433244	1
659	412298	433208	1
660	412237	433186	1
661	412152	433293	1
662	412201	433331	1
663	412142	433375	1
664	412217	433512	1
665	412142	433645	1
666	412139	433524	1
667	412084	433491	1
668	412007	433476	1
669	412725	433099	1
670	412461	432521	1
671	412457	432656	1
672	412392	432606	1
673	412342	432663	1
674	412471	432856	1
675	412414	432818	1
676	412358	432858	1
677	412423	432918	1
678	412357	432952	1
679	413133	433037	1
680	412971	433139	1
681	412524	432535	1
682	412524	432656	1
683	412594	432622	1
684	411308	434721	1
685	412532	432940	1
686	412565	432888	1
687	412616	432844	1
688	412696	432996	1
689	412696	432935	1
690	412696	432876	1
691	412783	432993	1
692	412775	432933	1
693	412803	432867	1
694	412953	432942	1
695	412928	432894	1
696	412914	432829	1
697	413054	432907	1
698	413046	432852	1
699	413049	432793	1
700	413172	432879	1
701	413153	432825	1
702	413013	432750	1
703	412948	432748	1
704	412892	432753	1
705	412842	432731	1
706	412785	432720	1
707	412741	432692	1
708	412692	432657	1
709	412789	432572	1
710	412929	432642	1
711	413097	432722	1
712	412667	432800	1
713	412966	430286	1
714	412893	430353	1
715	412784	430322	1
716	412966	430286	1
717	412893	430353	1
718	412784	430322	1
719	411680	434067	1
720	411867	434209	1
721	411816	434086	1
722	411983	434152	1
723	411790	433955	1
724	411876	433973	1
725	411960	434041	1
726	412039	434051	1
727	411974	433898	1
728	411886	433816	1
729	411934	433660	1
730	412080	434195	1
731	412103	434016	1
732	412023	433809	1
733	407191	434531	1
734	407178	434623	1
735	407319	434153	1
736	407332	434352	1
737	407398	434564	1
738	407288	434536	1
739	407558	433845	1
740	407409	434019	1
741	407399	434317	1
742	407439	434507	1
743	407390	434777	1
744	407500	434876	1
745	407664	434924	1
746	407846	434923	1
747	408069	434921	1
748	408381	434917	1
749	407378	434689	1
750	407490	434776	1
751	407493	434671	1
752	407587	434751	1
753	407615	434816	1
754	407625	434703	1
755	407709	434771	1
756	407870	434680	1
757	407917	434722	1
758	407888	434792	1
759	407928	434839	1
760	408122	434634	1
761	408327	434678	1
762	408210	434740	1
763	408192	434803	1
764	408292	434842	1
765	408235	434622	1
766	407633	434642	1
767	407856	434609	1
768	408089	434539	1
769	407544	433937	1
770	407474	434116	1
771	407473	434377	1
772	407644	434553	1
773	407818	434542	1
774	407649	434014	1
775	407638	434125	1
776	407617	434203	1
777	407547	434366	1
778	407703	434483	1
779	407858	434164	1
780	407767	434214	1
781	407703	434268	1
782	407666	434347	1
783	407698	434420	1
784	407821	434427	1
785	407955	434517	1
786	407873	434382	1
787	407952	434326	1
788	408034	434390	1
789	406697	434525	1
790	406791	434621	1
791	406771	434500	1
792	406804	434553	1
793	406876	434600	1
794	406933	434564	1
795	407246	434266	1
796	407275	433938	1
797	407413	433750	1
798	407351	433708	1
799	407300	433763	1
800	407192	433963	1
801	407158	434149	1
802	407170	434329	1
803	407096	434374	1
804	407084	434156	1
805	407101	434011	1
806	407011	434136	1
807	407005	434344	1
808	406906	434328	1
809	406926	434172	1
810	406840	434204	1
811	406398	434266	1
812	407200	433724	1
813	406270	432926	1
814	406306	433150	1
815	406378	433592	1
816	406345	432934	1
817	406394	433260	1
818	406450	433586	1
819	406413	432921	1
820	406470	433273	1
821	406511	433530	1
822	406483	432914	1
823	406590	433101	1
824	406620	433359	1
825	406620	432880	1
826	406683	433301	1
827	406782	433480	1
828	406846	433440	1
829	406878	433231	1
830	406950	433229	1
831	406977	433349	1
832	407026	433216	1
833	407041	433312	1
834	406719	433674	1
835	406632	433706	1
836	406574	433769	1
837	406514	433813	1
838	406444	433832	1
839	407117	433070	1
840	407176	432840	1
841	407207	433040	1
842	407324	432970	1
843	407471	433005	1
844	407334	432867	1
845	407310	432798	1
846	407239	432783	1
847	407427	432735	1
848	407463	432780	1
849	407598	432809	1
850	407566	432998	1
851	407422	433137	1
852	407812	432875	1
853	406999	431674	1
854	406901	433359	1
855	407070	432574	1
856	407151	432560	1
857	407260	432606	1
858	407150	433400	1
859	406963	432525	1
860	407032	432433	1
861	407132	432400	1
862	406930	432294	1
863	407015	432336	1
864	407032	432283	1
865	407129	432321	1
866	407037	432207	1
867	407135	432261	1
868	407210	432269	1
869	406892	432096	1
870	406961	432003	1
871	406989	432052	1
872	407081	431985	1
873	407010	432104	1
874	407106	432033	1
875	407157	432090	1
876	406870	431902	1
877	406949	431904	1
878	407019	431793	1
879	407128	431846	1
880	407100	431763	1
881	407404	432400	1
882	407474	432383	1
883	407543	432379	1
884	407626	432377	1
885	407420	432266	1
886	407541	432241	1
887	407423	432178	1
888	407567	432148	1
889	407395	432100	1
890	407558	432083	1
891	407392	432033	1
892	407550	432002	1
893	407371	431954	1
894	407521	431923	1
895	407339	431861	1
896	407499	431834	1
897	407324	431760	1
898	407488	431737	1
899	407288	431684	1
900	407497	431658	1
901	407412	432667	1
902	407397	432617	1
903	407385	432544	1
904	407578	432626	1
905	407570	432549	1
906	407550	432474	1
907	407740	432204	1
908	407204	431781	1
909	407002	435313	1
910	406714	434707	1
911	406702	434774	1
912	406690	434858	1
913	406682	434935	1
914	406666	435023	1
915	406576	434678	1
916	406567	434733	1
917	406559	434816	1
918	406555	434900	1
919	406542	434972	1
920	406478	435086	1
921	406781	435120	1
922	406802	435198	1
923	406818	435276	1
924	406831	435344	1
925	406848	435463	1
926	406854	435551	1
927	406619	435149	1
928	406640	435230	1
929	406650	435311	1
930	406671	435381	1
931	406427	435203	1
932	406445	435286	1
933	406464	435374	1
934	406888	435660	1
935	407312	432428	1
936	407273	432122	1
937	407300	432331	1
938	407237	431915	1
939	407323	431525	1
940	406848	434993	1
941	406854	434684	1
942	406987	434514	1
943	407156	434565	1
944	407127	434524	1
945	406746	434273	1
946	407694	433514	1
947	407839	433681	1
948	407782	433454	1
949	407933	433628	1
950	407873	433397	1
951	408016	433564	1
952	407960	433292	1
953	408046	433484	1
954	408121	433547	1
955	408165	433621	1
956	408178	433148	1
957	408159	433341	1
958	408203	433446	1
959	408432	433440	1
960	408259	433586	1
961	408310	433632	1
962	408260	433162	1
963	408366	433145	1
964	408377	433205	1
965	408298	433266	1
966	408348	433257	1
967	408338	433394	1
968	408346	433540	1
969	408410	433567	1
970	408455	433224	1
971	408522	433432	1
972	408602	433425	1
973	408657	433477	1
974	408591	433542	1
975	408608	433603	1
976	408712	433528	1
977	408745	433586	1
978	407670	433678	1
979	407608	433396	1
980	407671	433294	1
981	408536	433245	1
982	407788	433274	1
983	407617	433224	1
984	407887	433059	1
985	407553	433546	1
986	407483	433605	1
987	407507	433490	1
988	407432	433551	1
989	407625	433791	1
990	407543	433689	1
991	407391	433476	1
992	408456	433355	1
993	408094	433305	1
994	407931	433784	1
995	408245	434407	1
996	408272	434454	1
997	408392	434637	1
998	408428	434379	1
999	408428	434498	1
1000	408489	434590	1
1001	408531	434581	1
1002	408570	434746	1
1003	408508	434788	1
1004	408305	433698	1
1005	408346	433756	1
1006	408369	433823	1
1007	408391	433914	1
1008	408474	433992	1
1009	408470	434125	1
1010	408505	434233	1
1011	408519	434341	1
1012	408578	434478	1
1013	408600	434315	1
1014	408651	434460	1
1015	408431	433673	1
1016	408487	433708	1
1017	408506	433774	1
1018	408535	433862	1
1019	408574	433948	1
1020	408618	434062	1
1021	408662	434157	1
1022	408703	434274	1
1023	408746	434417	1
1024	408616	433704	1
1025	408650	433823	1
1026	408679	433693	1
1027	408717	433801	1
1028	408820	433623	1
1029	408771	433692	1
1030	408809	433751	1
1031	408872	433690	1
1032	408386	434010	1
1033	408215	434274	1
1034	408231	434104	1
1035	408012	434144	1
1036	408206	434028	1
1037	407977	434067	1
1038	408179	433952	1
1039	407943	434001	1
1040	408150	433880	1
1041	407911	433922	1
1042	408138	433801	1
1043	407713	433877	1
1044	409061	433610	1
1045	408962	433786	1
1046	408869	434012	1
1047	409223	433668	1
1048	409096	433937	1
1049	408977	434240	1
1050	408900	434293	1
1051	408816	434275	1
1052	409406	433531	1
1053	409369	433716	1
1054	409288	433872	1
1055	409131	434030	1
1056	409122	434124	1
1057	409045	434202	1
1058	409037	434325	1
1059	408897	434547	1
1060	409401	433812	1
1061	409366	433893	1
1062	409230	434159	1
1063	409192	434265	1
1064	409287	434206	1
1065	409275	434314	1
1066	409104	434347	1
1067	409009	434454	1
1068	409073	434471	1
1069	409148	434442	1
1070	409242	434616	1
1071	408992	434574	1
1072	409064	434594	1
1073	409123	434596	1
1074	409487	433830	1
1075	409267	434380	1
1076	409354	433967	1
1077	409428	433991	1
1078	409214	433933	1
1079	409567	433883	1
1080	409118	434226	1
1081	409107	434290	1
1082	409347	434043	1
1083	409668	433316	1
1084	409596	433463	1
1085	409588	433265	1
1086	409513	433369	1
1087	409506	433216	1
1088	409441	433314	1
1089	409447	433178	1
1090	409374	433236	1
1091	409384	433134	1
1092	409464	432841	1
1093	409381	432915	1
1094	409271	433151	1
1095	409326	433080	1
1096	409244	433051	1
1097	409565	432645	1
1098	409478	432720	1
1099	409413	432787	1
1100	409283	432917	1
1101	409187	432993	1
1102	409700	432347	1
1103	409654	432392	1
1104	409614	432488	1
1105	409523	432583	1
1106	409419	432667	1
1107	409346	432748	1
1108	409263	432839	1
1109	409141	432946	1
1110	409600	432299	1
1111	409584	432347	1
1112	409560	432443	1
1113	409464	432538	1
1114	409370	432622	1
1115	409292	432696	1
1116	409193	432799	1
1117	409094	432894	1
1118	409508	432395	1
1119	409418	432491	1
1120	409320	432576	1
1121	409245	432650	1
1122	409149	432748	1
1123	409039	432843	1
1124	408980	432793	1
1125	409447	432350	1
1126	409357	432442	1
1127	409273	432537	1
1128	409196	432613	1
1129	409544	432160	1
1130	409563	432244	1
1131	409397	432293	1
1132	409303	432395	1
1133	409459	432236	1
1134	409666	432258	1
1135	409999	431805	1
1136	410083	431838	1
1137	410110	431783	1
1138	410149	431733	1
1139	410182	431678	1
1140	410225	431617	1
1141	410285	431569	1
1142	410329	431514	1
1143	410376	431462	1
1144	410428	431409	1
1145	410633	431138	1
1146	410671	431070	1
1147	410737	430955	1
1148	410671	430927	1
1149	410616	431047	1
1150	410501	431109	1
1151	410466	431194	1
1152	410480	431234	1
1153	410349	431304	1
1154	410514	431136	1
1155	410533	430973	1
1156	410597	430942	1
1157	409944	431828	1
1158	410022	431881	1
1159	410242	431508	1
1160	409774	432252	1
1161	409368	432269	1
1162	409946	432050	1
1163	408324	431724	1
1164	408318	431626	1
1165	408442	431694	1
1166	408486	431433	1
1167	408651	431448	1
1168	408830	431338	1
1169	408710	431629	1
1170	408793	431283	1
1171	408793	431198	1
1172	408912	430945	1
1173	408987	430908	1
1174	408732	431156	1
1175	408813	431021	1
1176	408670	431135	1
1177	408739	431013	1
1178	408548	431273	1
1179	408683	430977	1
1180	408600	431013	1
1181	408683	430751	1
1182	408761	430739	1
1183	408844	430612	1
1184	408775	430584	1
1185	408719	430481	1
1186	408795	430306	1
1187	408737	430249	1
1188	408962	430822	1
1189	408962	430765	1
1190	408960	430697	1
1191	408987	430636	1
1192	408993	430558	1
1193	408993	430436	1
1194	408984	430374	1
1195	408984	430314	1
1196	408971	430248	1
1197	409194	430612	1
1198	409191	430545	1
1199	409188	430478	1
1200	409186	430420	1
1201	409183	430353	1
1202	409176	430291	1
1203	409168	430229	1
1204	409403	430606	1
1205	409402	430536	1
1206	409400	430480	1
1207	409999	430075	1
1208	410137	430106	1
1209	410249	430182	1
1210	410315	430222	1
1211	410010	430184	1
1212	410012	430256	1
1213	410014	430323	1
1214	410016	430387	1
1215	410021	430450	1
1216	410025	430508	1
1217	410010	430583	1
1218	410242	430407	1
1219	410021	430722	1
1220	410060	430894	1
1221	409983	431159	1
1222	410057	431214	1
1223	409610	431740	1
1224	409796	431351	1
1225	409411	431930	1
1226	409247	432094	1
1227	409082	432254	1
1228	409105	432348	1
1229	408635	431853	1
1230	408539	431763	1
1231	408576	431707	1
1232	408688	431825	1
1233	408813	431784	1
1234	408785	431722	1
1235	408732	431691	1
1236	408962	431651	1
1237	408940	431576	1
1238	408844	431579	1
1239	408520	431872	1
1240	409118	431480	1
1241	409096	431414	1
1242	409139	431280	1
1243	409097	431245	1
1244	409071	431174	1
1245	409262	431335	1
1246	409221	431285	1
1247	409410	431181	1
1248	409350	431151	1
1249	409265	431157	1
1250	409204	431126	1
1251	409164	431093	1
1252	409481	430940	1
1253	409424	430926	1
1254	409358	430932	1
1255	409402	431504	1
1256	409552	431365	1
1257	409689	430113	1
1258	409429	431296	1
1259	409739	431302	1
1260	409873	431132	1
1261	409812	431113	1
1262	409742	431113	1
1263	409671	431155	1
1264	409599	431137	1
1265	409531	431118	1
1266	409909	430915	1
1267	409838	430905	1
1268	409775	430902	1
1269	409716	430911	1
1270	409651	430910	1
1271	409577	430913	1
1272	409388	430411	1
1273	409385	430351	1
1274	409383	430289	1
1275	409377	430221	1
1276	409635	430791	1
1277	409633	430728	1
1278	409628	430661	1
1279	409622	430599	1
1280	409624	430534	1
1281	409615	430470	1
1282	409608	430412	1
1283	409604	430347	1
1284	409597	430280	1
1285	409599	430218	1
1286	409292	430932	1
1287	409235	430921	1
1288	409182	430915	1
1289	409121	430943	1
1290	409063	430931	1
1291	409130	431033	1
1292	409039	431134	1
1293	409033	431074	1
1294	408980	431053	1
1295	409840	430782	1
1296	409831	430715	1
1297	409836	430657	1
1298	409831	430586	1
1299	409831	430396	1
1300	409827	430334	1
1301	409820	430271	1
1302	409809	430198	1
1303	409498	431332	1
1304	409317	430129	1
1305	408999	430142	1
1306	409557	431455	1
1307	409674	431298	1
1308	409643	431513	1
1309	409820	430492	1
1310	409446	430725	1
1311	409297	430737	1
1312	409138	430749	1
1313	408634	431668	1
1314	408857	430425	1
1315	408817	430761	1
1316	410152	430721	1
1317	409079	431820	1
1318	408718	431501	1
1319	406499	428438	1
1320	406534	428367	1
1321	406531	428244	1
1322	406631	428370	1
1323	406634	428602	1
1324	406692	428561	1
1325	406744	428512	1
1326	406771	428767	1
1327	406829	428727	1
1328	406892	428697	1
1329	406903	428940	1
1330	406957	428899	1
1331	407020	428856	1
1332	407005	429092	1
1333	407072	429051	1
1334	407131	429020	1
1335	407033	429240	1
1336	407103	429222	1
1337	407181	429207	1
1338	407070	429396	1
1339	407164	429426	1
1340	407214	429355	1
1341	407148	429563	1
1342	407250	429541	1
1343	407209	429677	1
1344	407289	429764	1
1345	407215	429875	1
1346	407090	430001	1
1347	407053	430142	1
1348	407153	430170	1
1349	407194	430085	1
1350	407244	430022	1
1351	407344	429873	1
1352	407398	429808	1
1353	407385	429992	1
1354	407467	429966	1
1355	407153	430333	1
1356	407224	430294	1
1357	407274	430246	1
1358	407328	430203	1
1359	407448	430124	1
1360	407528	430135	1
1361	407241	430516	1
1362	407314	430468	1
1363	407386	430453	1
1364	407447	430410	1
1365	407551	430351	1
1366	407616	430323	1
1367	407334	430679	1
1368	407410	430657	1
1369	407475	430616	1
1370	407536	430585	1
1371	407623	430538	1
1372	407692	430514	1
1373	407438	430881	1
1374	407503	430844	1
1375	407577	430811	1
1376	407632	430774	1
1377	407701	430709	1
1378	407773	430707	1
1379	407519	431045	1
1380	407582	431024	1
1381	407675	431000	1
1382	407781	430900	1
1383	407625	431182	1
1384	407686	431145	1
1385	407779	431067	1
1386	406879	429973	1
1387	406779	430090	1
1388	406668	430190	1
1389	406573	430289	1
1390	407740	431321	1
1391	407690	431328	1
1392	407791	431316	1
1393	407642	431323	1
1394	407529	431289	1
1395	407160	430633	1
1396	407043	430648	1
1397	406357	428186	1
1398	406369	429604	1
1399	406666	429560	1
1400	407024	429660	1
1401	407309	429990	1
1402	407387	430153	1
1403	407471	430316	1
1404	407023	430742	1
1405	407571	430518	1
1406	406476	428622	1
1407	406421	428709	1
1408	406421	428825	1
1409	406421	428548	1
1410	406311	428745	1
1411	406248	428766	1
1412	406105	428819	1
1413	406060	428832	1
1414	406242	428866	1
1415	406092	428713	1
1416	406243	429138	1
1417	406102	429031	1
1418	406155	429211	1
1419	406183	429153	1
1420	406224	429005	1
1421	406225	428955	1
1422	406479	428714	1
1423	406176	428788	1
1424	406188	429073	1
1425	406181	429369	1
1426	406562	428827	1
1427	406921	429234	1
1428	406888	429318	1
1429	406840	429356	1
1430	406783	429374	1
1431	406721	429387	1
1432	406705	429221	1
1433	406807	429173	1
1434	406518	428593	1
1435	406372	428898	1
1436	406788	429001	1
1437	406749	429031	1
1438	406669	429162	1
1439	406646	429100	1
1440	406658	428905	1
1441	406632	428849	1
1442	406579	429001	1
1443	406519	429003	1
1444	406484	429218	1
1445	406475	429162	1
1446	406475	429047	1
1447	406351	429193	1
1448	406290	429203	1
1449	406338	429078	1
1450	406358	429028	1
1451	406370	428965	1
1452	406269	429525	1
1453	406400	429495	1
1454	406552	429469	1
1455	406648	429449	1
1456	406286	429463	1
1457	406364	429433	1
1458	406517	429409	1
1459	406609	429390	1
1460	406295	429370	1
1461	406584	429316	1
1462	406280	429311	1
1463	406425	429292	1
1464	406569	429255	1
1465	406068	428665	1
1466	406210	428628	1
1467	406184	428581	1
1468	406151	428526	1
1469	406079	428190	1
1470	406137	428290	1
1471	406112	428009	1
1472	406137	428082	1
1473	406179	428138	1
1474	406237	428231	1
1475	406360	428357	1
1476	406028	428369	1
1477	406274	428025	1
1478	406429	429359	1
1479	406203	428922	1
1480	406734	428823	1
1481	406424	429106	1
1482	406926	429096	1
1483	406865	429006	1
1484	406560	428737	1
1485	406137	430426	1
1486	406181	430470	1
1487	406241	430532	1
1488	406291	430605	1
1489	406093	430571	1
1490	406234	430723	1
1491	406050	430621	1
1492	406199	430780	1
1493	406006	430665	1
1494	406151	430817	1
1495	405960	430707	1
1496	406245	430964	1
1497	405930	430753	1
1498	406100	430879	1
1499	406218	431024	1
1500	405886	430796	1
1501	406036	430925	1
1502	406174	431065	1
1503	405838	430828	1
1504	406139	431120	1
1505	405790	430861	1
1506	405896	430958	1
1507	406011	431074	1
1508	406110	431171	1
1509	405764	430920	1
1510	406077	431224	1
1511	406061	431279	1
1512	405689	430930	1
1513	405638	430971	1
1514	405604	431031	1
1515	405694	431070	1
1516	405734	431111	1
1517	405789	431158	1
1518	405829	431202	1
1519	405862	431261	1
1520	405901	431305	1
1521	405923	431364	1
1522	405957	431415	1
1523	405989	431476	1
1524	406549	430616	1
1525	406533	430700	1
1526	406452	430686	1
1527	406574	430837	1
1528	406420	430955	1
1529	406284	430902	1
1530	406421	431131	1
1531	406201	431292	1
1532	406254	431309	1
1533	406301	431340	1
1534	406086	431545	1
1535	406097	431917	1
1536	405977	431963	1
1537	405923	432004	1
1538	405818	431830	1
1539	405890	431825	1
1540	405944	431828	1
1541	405784	431713	1
1542	405844	431600	1
1543	405913	431578	1
1544	405619	431398	1
1545	405685	431380	1
1546	405760	431384	1
1547	405471	431348	1
1548	405400	431208	1
1549	405448	431162	1
1550	405482	431121	1
1551	405106	430879	1
1552	405212	430755	1
1553	405272	430785	1
1554	405307	430827	1
1555	405360	430869	1
1556	405417	430923	1
1557	405464	430960	1
1558	406324	430380	1
1559	405506	431008	1
1560	405226	430624	1
1561	405337	430721	1
1562	405372	430439	1
1563	405304	430551	1
1564	405362	430668	1
1565	405442	430739	1
1566	405489	430779	1
1567	405578	430861	1
1568	405410	430629	1
1569	405479	430615	1
1570	405489	430451	1
1571	405522	430576	1
1572	405574	430541	1
1573	405624	430502	1
1574	405627	430646	1
1575	405670	430689	1
1576	405718	430722	1
1577	406086	431823	1
1578	406204	431603	1
1579	406143	431573	1
1580	406395	430739	1
1581	405944	431033	1
1582	406824	431736	1
1583	406870	431902	1
1584	406949	431904	1
1585	406003	431781	1
1586	405948	431678	1
1587	405993	431541	1
1588	405183	431004	1
1589	405147	430913	1
1590	405546	430798	1
1591	405148	430414	1
1592	412253	435931	1
1593	412288	435888	1
1594	412354	436001	1
1595	412374	435958	1
1596	412401	435898	1
1597	412434	435834	1
1598	412488	435790	1
1599	412644	435728	1
1600	412576	435768	1
1601	412561	435831	1
1602	412523	435888	1
1603	412488	435944	1
1604	412458	436009	1
1605	412479	436076	1
1606	412721	435760	1
1607	412684	435815	1
1608	412649	435883	1
1609	412616	435941	1
1610	412581	436007	1
1611	412556	436062	1
1612	412629	436167	1
1613	412654	436119	1
1614	412686	436054	1
1615	412716	435989	1
1616	412742	435934	1
1617	412779	435868	1
1618	412812	435796	1
1619	412924	435859	1
1620	412895	435931	1
1621	412855	435987	1
1622	412827	436052	1
1623	412787	436121	1
1624	412759	436174	1
1625	412857	436267	1
1626	412847	436222	1
1627	412902	436174	1
1628	412932	436116	1
1629	412968	436049	1
1630	413002	435984	1
1631	413028	435924	1
1632	413130	435977	1
1633	413093	436044	1
1634	413072	436111	1
1635	413030	436170	1
1636	412988	436212	1
1637	413073	436245	1
1638	413112	436204	1
1639	413163	436164	1
1640	413195	436097	1
1641	413228	436032	1
1642	413328	436089	1
1643	413296	436154	1
1644	413249	436190	1
1645	413253	436232	1
1646	413373	436180	1
1647	412466	435706	1
1648	411715	435683	1
1649	411780	435701	1
1650	411921	435748	1
1651	411973	435761	1
1652	411768	435535	1
1653	411825	435555	1
1654	411864	435573	1
1655	411926	435590	1
1656	411971	435612	1
1657	412017	435620	1
1658	412092	435705	1
1659	412293	435793	1
1660	411707	436337	1
1661	411737	436475	1
1662	411764	436425	1
1663	411802	436348	1
1664	411874	436309	1
1665	411929	436289	1
1666	412018	436301	1
1667	411943	436399	1
1668	411968	436435	1
1669	411888	436460	1
1670	411807	436483	1
1671	412009	436507	1
1672	412064	436402	1
1673	412091	436313	1
1674	412284	436333	1
1675	412236	436394	1
1676	412202	436456	1
1677	412167	436520	1
1678	412129	436581	1
1679	412100	436658	1
1680	412086	436729	1
1681	412492	436363	1
1682	412434	436410	1
1683	412387	436470	1
1684	412357	436537	1
1685	412330	436598	1
1686	412295	436662	1
1687	412257	436738	1
1688	412220	436800	1
1689	412726	436324	1
1690	412630	436365	1
1691	412624	436427	1
1692	412583	436490	1
1693	412568	436561	1
1694	412534	436629	1
1695	412511	436693	1
1696	412482	436753	1
1697	412431	436825	1
1698	412422	436904	1
1699	412701	436518	1
1700	412581	436944	1
1701	412140	436120	1
1702	411500	435977	1
1703	411589	435949	1
1704	411644	435991	1
1705	411690	435995	1
1706	411846	435977	1
1707	411613	436244	1
1708	412828	436395	1
1709	412775	436543	1
1710	412725	436695	1
1711	412685	436830	1
1712	412689	437015	1
1713	412633	436991	1
1714	412740	436847	1
1715	412856	436735	1
1716	412830	436560	1
1717	412883	436409	1
1718	412971	436327	1
1719	412937	436434	1
1720	412886	436585	1
1721	412814	436720	1
1722	412771	436708	1
1723	412797	436871	1
1724	412741	437042	1
1725	412794	437066	1
1726	412853	436891	1
1727	412899	436750	1
1728	412944	436601	1
1729	412989	436452	1
1730	413027	436333	1
1731	413090	436339	1
1732	413051	436468	1
1733	413002	436619	1
1734	412953	436769	1
1735	412909	436913	1
1736	412871	437101	1
1737	412975	436937	1
1738	413021	436789	1
1739	413066	436643	1
1740	413113	436492	1
1741	413159	436342	1
1742	413223	436345	1
1743	413175	436510	1
1744	413124	436659	1
1745	413076	436804	1
1746	413030	436954	1
1747	413084	436972	1
1748	413135	436822	1
1749	413183	436678	1
1750	413230	436527	1
1751	413281	436357	1
1752	413344	436366	1
1753	413283	436549	1
1754	413238	436698	1
1755	413195	436841	1
1756	413370	436480	1
1757	413415	436340	1
1758	413479	436364	1
1759	413428	436495	1
1760	413486	436511	1
1761	413529	436391	1
1762	413579	436429	1
1763	413557	436518	1
1764	413630	436462	1
1765	413687	436489	1
1766	413717	436539	1
1767	412900	436320	1
1768	413555	436894	1
1769	413363	436616	1
1770	413183	436965	1
1771	413728	436015	1
1772	413805	436038	1
1773	413870	436065	1
1774	413951	436070	1
1775	414027	436060	1
1776	414096	436073	1
1777	413690	435868	1
1778	413769	435884	1
1779	413840	435883	1
1780	413910	435894	1
1781	413992	435900	1
1782	414063	435895	1
1783	414141	435912	1
1784	413658	436030	1
1785	419966	440299	1
1786	419896	440334	1
1787	419805	440483	1
1788	419777	440582	1
1789	419864	440523	1
1790	419951	440369	1
1791	419921	440418	1
1792	420000	440244	1
1793	420037	440188	1
1794	420121	440112	1
1795	420214	440112	1
1796	420148	440053	1
1797	420208	439977	1
1798	420094	440143	1
1799	420318	439888	1
1800	419244	440714	1
1801	419317	440781	1
1802	419419	440808	1
1803	419537	440872	1
1804	419695	440798	1
1805	419633	440921	1
1806	419731	440979	1
1807	419742	440634	1
1808	419777	440897	1
1809	419812	440829	1
1810	419912	440616	1
1811	420007	440440	1
1812	419963	440493	1
1813	420048	440568	1
1814	420081	440492	1
1815	420126	440754	1
1816	420141	440686	1
1817	420164	440628	1
1818	420185	440569	1
1819	420203	440504	1
1820	420225	440441	1
1821	420246	440385	1
1822	420299	440513	1
1823	420354	440588	1
1824	420277	440650	1
1825	420249	440794	1
1826	420047	440674	1
1827	418121	439904	1
1828	418159	439928	1
1829	418209	439970	1
1830	418262	440050	1
1831	418283	439988	1
1832	418235	439872	1
1833	418331	439914	1
1834	418383	439952	1
1835	418274	439828	1
1836	418312	439785	1
1837	418397	439848	1
1838	418437	440182	1
1839	418524	440212	1
1840	418573	440252	1
1841	418624	440292	1
1842	418509	440094	1
1843	418592	440157	1
1844	418465	439968	1
1845	421546	441683	1
1846	421393	441634	1
1847	421238	441640	1
1848	421028	441563	1
1849	420925	441521	1
1850	420757	441458	1
1851	420380	441315	1
1852	420452	441340	1
1853	420381	441261	1
1854	420479	441295	1
1855	420692	441364	1
1856	420787	441395	1
1857	420960	441465	1
1858	421241	441575	1
1859	421416	441578	1
1860	421554	441629	1
1861	421625	441712	1
1862	421654	441658	1
1863	421569	441567	1
1864	421450	441523	1
1865	421263	441521	1
1866	420981	441410	1
1867	420807	441347	1
1868	420706	441303	1
1869	420511	441237	1
1870	420398	441198	1
1871	420534	441181	1
1872	420416	441137	1
1873	420699	441243	1
1874	421008	441354	1
1875	420828	441296	1
1876	421139	441408	1
1877	421404	441434	1
1878	421478	441459	1
1879	421569	441488	1
1880	421322	441409	1
1881	421155	441344	1
1882	420847	441230	1
1883	421025	441290	1
1884	420746	441200	1
1885	420441	441083	1
1886	420558	441119	1
1887	420345	440974	1
1888	420467	441016	1
1889	420561	441057	1
1890	420753	441118	1
1891	420884	441173	1
1892	421049	441237	1
1893	421188	441280	1
1894	421341	441341	1
1895	421423	441366	1
1896	421357	441275	1
1897	421218	441225	1
1898	421075	441173	1
1899	420904	441108	1
1900	420765	441064	1
1901	420587	440996	1
1902	420467	440952	1
1903	420356	440908	1
1904	420483	440894	1
1905	420607	440928	1
1906	420787	440993	1
1907	421085	441108	1
1908	421198	441154	1
1909	421302	441183	1
1910	421158	441065	1
1911	421062	441042	1
1912	420942	441001	1
1913	420820	440945	1
1914	420633	440871	1
1915	420535	440843	1
1916	420430	440804	1
1917	420444	440740	1
1918	420529	440777	1
1919	420654	440819	1
1920	420794	440862	1
1921	420842	440813	1
1922	420675	440754	1
1923	420545	440712	1
1924	420460	440682	1
1925	420477	440624	1
1926	420559	440651	1
1927	420697	440700	1
1928	420807	440738	1
1929	420622	440604	1
1930	420494	440560	1
1931	420646	440552	1
1932	420504	440503	1
1933	420492	440433	1
1934	420514	440378	1
1935	418408	440084	1
1936	412981	437085	1
1937	412968	437149	1
1938	412951	437206	1
1939	413104	437110	1
1940	413088	437176	1
1941	413066	437235	1
1942	413213	437136	1
1943	413193	437206	1
1944	413338	437179	1
1945	413531	437252	1
1946	413223	437077	1
1947	413344	437110	1
1948	413371	437049	1
1949	413590	436729	1
1950	413583	436656	1
1951	413577	436602	1
1952	413620	436567	1
1953	413730	436645	1
1954	413755	436731	1
1955	413844	436567	1
1956	413787	436613	1
1957	413814	436678	1
1958	413824	436739	1
1959	413841	436804	1
1960	413851	436940	1
1961	413865	437013	1
1962	413875	437081	1
1963	413887	437141	1
1964	413895	437211	1
1965	414023	437204	1
1966	414009	437127	1
1967	414009	437062	1
1968	413999	436997	1
1969	413992	436923	1
1970	413980	436855	1
1971	413970	436785	1
1972	413960	436721	1
1973	413935	436660	1
1974	414208	437010	1
1975	414191	437081	1
1976	414164	437149	1
1977	414178	437211	1
1978	414291	437248	1
1979	414307	437187	1
1980	414327	437105	1
1981	414327	437046	1
1982	414389	437254	1
1983	413643	437362	1
1984	413717	437504	1
1985	413779	437596	1
1986	413905	437556	1
1987	413847	437454	1
1988	414071	437468	1
1989	414148	437491	1
1990	413975	437428	1
1991	413746	437351	1
1992	413772	437290	1
1993	413732	437418	1
1994	414165	437425	1
1995	414183	437369	1
1996	414065	437325	1
1997	414098	437267	1
1998	414212	437306	1
1999	414145	437712	1
2000	414171	437660	1
2001	414187	437604	1
2002	414220	437550	1
2003	414243	437497	1
2004	414276	437444	1
2005	414301	437382	1
2006	414324	437329	1
2007	414410	437363	1
2008	414402	437425	1
2009	414380	437485	1
2010	414358	437541	1
2011	414329	437597	1
2012	414307	437655	1
2013	414292	437713	1
2014	414262	437766	1
2015	414318	437866	1
2016	414367	437755	1
2017	414472	437552	1
2018	414232	437821	1
2019	414215	437889	1
2020	414127	437846	1
2021	414127	437769	1
2022	413981	437644	1
2023	414015	437593	1
2024	414119	437544	1
2025	413962	437493	1
2026	414530	437599	1
2027	414601	437663	1
2028	413494	437120	1
2029	413869	437668	1
2030	413855	436861	1
2031	414126	436965	1
2032	413911	437324	1
2033	413938	437266	1
2034	414399	437125	1
2035	413238	437015	1
2036	413487	436713	1
2037	413814	437517	1
2038	413876	437386	1
2039	408590	425076	1
2040	408646	425043	1
2041	408691	425010	1
2042	408748	424953	1
2043	408791	424895	1
2044	408558	425033	1
2045	408670	424918	1
2046	408754	424836	1
2047	408445	425060	1
2048	408527	424955	1
2049	408619	424863	1
2050	408718	424768	1
2051	408447	424947	1
2052	408572	424809	1
2053	408672	424711	1
2054	408427	424871	1
2055	408509	424772	1
2056	408621	424652	1
2057	408697	424555	1
2058	408367	424805	1
2059	408457	424734	1
2060	408566	424608	1
2061	408679	424492	1
2062	408418	424670	1
2063	408504	424565	1
2064	408644	424424	1
2065	408369	424604	1
2066	408449	424512	1
2067	408570	424393	1
2068	408447	424432	1
2069	408504	424348	1
2070	408472	424313	1
2071	408316	424551	1
2072	408208	424555	1
2073	408285	424641	1
2074	408211	424637	1
2075	408263	424783	1
2076	408328	424855	1
2077	408302	424982	1
2078	408320	425084	1
2079	408361	425131	1
2080	408261	425238	1
2081	408203	425123	1
2082	408232	424937	1
2083	408158	424936	1
2084	408168	424822	1
2085	408088	424889	1
2086	407988	424994	1
2087	408047	425043	1
2088	408090	425101	1
2089	408131	425174	1
2090	408179	425262	1
2091	408099	425299	1
2092	408041	425248	1
2093	408000	425199	1
2094	407945	425158	1
2095	407894	425107	1
2096	407836	425058	1
2097	407763	425012	1
2098	407685	424961	1
2099	407744	425150	1
2100	407777	425203	1
2101	407830	425271	1
2102	407884	425314	1
2103	407933	425365	1
2104	407988	425406	1
2105	408041	425461	1
2106	407943	425562	1
2107	407884	425515	1
2108	407845	425463	1
2109	407857	425654	1
2110	407808	425588	1
2111	407761	425461	1
2112	407697	425297	1
2113	407658	425170	1
2114	407603	425023	1
2115	407590	425135	1
2116	407644	425275	1
2117	407699	425459	1
2118	407772	425670	1
2119	407804	425396	1
2120	408105	425374	1
2121	408179	424705	1
2122	408730	425128	1
2123	408692	425151	1
2124	408657	425177	1
2125	408622	425197	1
2126	408581	425217	1
2127	408546	425235	1
2128	408461	425317	1
2129	408433	425286	1
2130	408397	425256	1
2131	408362	425235	1
2132	408346	425351	1
2133	408312	425378	1
2134	408278	425410	1
2135	408250	425439	1
2136	408221	425467	1
2137	408338	425505	1
2138	408372	425532	1
2139	408404	425563	1
2140	408433	425591	1
2141	408565	425457	1
2142	408536	425427	1
2143	408504	425395	1
2144	408470	425368	1
2145	409252	426477	1
2146	407835	426371	1
2147	407877	426392	1
2148	407916	426422	1
2149	407990	426476	1
2150	408137	426545	1
2151	408179	426569	1
2152	408222	426597	1
2153	407584	426095	1
2154	407624	426122	1
2155	407658	426021	1
2156	407713	426168	1
2157	407760	426191	1
2158	407800	426215	1
2159	407841	426249	1
2160	407885	426273	1
2161	407929	426294	1
2162	407972	426316	1
2163	408020	426341	1
2164	408064	426365	1
2165	408106	426386	1
2166	408146	426421	1
2167	408188	426446	1
2168	408231	426467	1
2169	408281	426489	1
2170	408324	426513	1
2171	408372	426533	1
2172	408417	426549	1
2173	407717	425982	1
2174	407740	425945	1
2175	407779	425912	1
2176	407800	425869	1
2177	407849	425841	1
2178	407827	426034	1
2179	407975	425873	1
2180	407867	426069	1
2181	407998	425924	1
2182	408224	425627	1
2183	407912	426096	1
2184	407954	426119	1
2185	408004	426147	1
2186	408224	425900	1
2187	408044	426178	1
2188	408155	426051	1
2189	408262	425937	1
2190	408070	426213	1
2191	408190	426086	1
2192	408144	426288	1
2193	408185	426159	1
2194	408204	426264	1
2195	408287	426109	1
2196	408357	425978	1
2197	408246	426291	1
2198	408332	426132	1
2199	408289	426320	1
2200	408379	426154	1
2201	408334	426337	1
2202	408421	426179	1
2203	408407	426427	1
2204	408431	426382	1
2205	408452	426337	1
2206	408479	426296	1
2207	408577	426130	1
2208	408602	426088	1
2209	408624	426043	1
2210	408651	425995	1
2211	408672	425957	1
2212	408697	425920	1
2213	408566	426592	1
2214	408729	426658	1
2215	408680	426374	1
2216	408790	426435	1
2217	408993	426543	1
2218	408673	426323	1
2219	406774	426868	1
2220	408685	426272	1
2221	406742	426741	1
2222	408718	426232	1
2223	408993	426371	1
2224	408755	426186	1
2225	408888	426265	1
2226	409049	426353	1
2227	408775	426144	1
2228	408916	426215	1
2229	409048	426293	1
2230	408793	426041	1
2231	408832	426063	1
2232	408868	426083	1
2233	408901	426102	1
2234	408942	426126	1
2235	408982	426150	1
2236	409031	426172	1
2237	408504	425708	1
2238	408516	425666	1
2239	408559	425625	1
2240	408570	425577	1
2241	408602	425543	1
2242	408576	425751	1
2243	408603	425714	1
2244	408631	425671	1
2245	408656	425632	1
2246	408683	425590	1
2247	408658	425803	1
2248	408681	425764	1
2249	408705	425717	1
2250	408735	425679	1
2251	408759	425641	1
2252	408720	425418	1
2253	408678	425425	1
2254	408779	425511	1
2255	408750	425379	1
2256	408787	425355	1
2257	408828	425328	1
2258	408851	425299	1
2259	408836	425232	1
2260	408900	425209	1
2261	408820	425492	1
2262	408841	425529	1
2263	408861	425560	1
2264	408863	425636	1
2265	408896	425588	1
2266	408894	425669	1
2267	408966	425578	1
2268	408875	425771	1
2269	408986	425627	1
2270	408916	425739	1
2271	409015	425660	1
2272	409006	425791	1
2273	409090	425705	1
2274	409097	425794	1
2275	409134	425681	1
2276	409142	425779	1
2277	409185	425785	1
2278	409232	425804	1
2279	409179	425601	1
2280	408900	425441	1
2281	408929	425412	1
2282	408961	425379	1
2283	408990	425349	1
2284	409017	425312	1
2285	409011	425521	1
2286	409049	425547	1
2287	409084	425570	1
2288	409097	425435	1
2289	409164	425433	1
2290	409127	425344	1
2291	409138	425303	1
2292	409179	425262	1
2293	409189	425107	1
2294	409160	425142	1
2295	409090	425230	1
2296	409050	425199	1
2297	408996	425181	1
2298	408968	425142	1
2299	408855	425152	1
2300	408945	425105	1
2301	408836	425113	1
2302	408922	425070	1
2303	408787	425096	1
2304	408927	425019	1
2305	408761	425062	1
2306	408836	424961	1
2307	408906	424971	1
2308	409275	425084	1
2309	409270	425157	1
2310	408562	426451	1
2311	408622	426460	1
2312	408670	426478	1
2313	408710	426502	1
2314	408611	426689	1
2315	408537	426749	1
2316	408162	426771	1
2317	408483	425130	1
2318	408490	425199	1
2319	408080	425775	1
2320	408114	425797	1
2321	408153	425830	1
2322	408191	425859	1
2323	408731	425845	1
2324	408755	425808	1
2325	408783	425765	1
2326	408810	425724	1
2327	408831	425684	1
2328	408861	425818	1
2329	408965	425824	1
2330	408811	425899	1
2331	408831	425860	1
2332	408880	425949	1
2333	408914	425910	1
2334	408939	425866	1
2335	406942	427673	1
2336	407027	427653	1
2337	407075	427638	1
2338	407130	427629	1
2339	407198	427615	1
2340	407257	427600	1
2341	407322	427579	1
2342	407390	427565	1
2343	407475	427556	1
2344	407528	427535	1
2345	407593	427520	1
2346	407637	427506	1
2347	407725	427491	1
2348	407784	427485	1
2349	407843	427473	1
2350	407911	427453	1
2351	406968	427802	1
2352	407033	427791	1
2353	407092	427776	1
2354	407151	427764	1
2355	407219	427735	1
2356	407283	427726	1
2357	407351	427711	1
2358	407407	427693	1
2359	407487	427679	1
2360	407545	427667	1
2361	407607	427646	1
2362	407663	427635	1
2363	407754	427641	1
2364	407807	427608	1
2365	407869	427593	1
2366	407937	427573	1
2367	407010	427938	1
2368	407066	427923	1
2369	407127	427905	1
2370	407189	427894	1
2371	407251	427876	1
2372	407319	427864	1
2373	407384	427844	1
2374	407442	427835	1
2375	407522	427814	1
2376	407584	427796	1
2377	407654	427791	1
2378	407699	427773	1
2379	407787	427755	1
2380	407840	427746	1
2381	407896	427729	1
2382	407966	427711	1
2383	407021	428061	1
2384	407086	428041	1
2385	407151	428026	1
2386	407216	428017	1
2387	407280	427997	1
2388	407348	427988	1
2389	407413	427970	1
2390	407469	427958	1
2391	407548	427938	1
2392	407610	427923	1
2393	407672	427914	1
2394	407731	427896	1
2395	407807	427891	1
2396	407866	427870	1
2397	407946	427852	1
2398	407999	427846	1
2399	407066	428193	1
2400	407127	428172	1
2401	407181	428162	1
2402	407249	428150	1
2403	407317	428128	1
2404	407380	428112	1
2405	407448	428106	1
2406	407502	428087	1
2407	407583	428069	1
2408	407646	428055	1
2409	407704	428046	1
2410	407768	428033	1
2411	407848	428015	1
2412	407905	427999	1
2413	407972	427976	1
2414	408037	427961	1
2415	407096	428327	1
2416	407158	428311	1
2417	407215	428299	1
2418	407277	428289	1
2419	407344	428268	1
2420	407473	428255	1
2421	407528	428219	1
2422	407611	428203	1
2423	407676	428187	1
2424	407735	428177	1
2425	407792	428168	1
2426	407880	428146	1
2427	407928	428138	1
2428	407996	428120	1
2429	408069	428097	1
2430	407129	428462	1
2431	407186	428446	1
2432	407302	428411	1
2433	407366	428393	1
2434	407429	428384	1
2435	407500	428362	1
2436	407560	428356	1
2437	407639	428340	1
2438	407700	428319	1
2439	407762	428308	1
2440	407819	428294	1
2441	407899	428282	1
2442	407952	428264	1
2443	408028	428247	1
2444	408096	428226	1
2445	407158	428595	1
2446	407213	428589	1
2447	407277	428559	1
2448	407336	428559	1
2449	407306	428683	1
2450	407367	428682	1
2451	407268	428839	1
2452	407337	428833	1
2453	407340	428927	1
2454	407462	428669	1
2455	407540	428683	1
2456	407606	428699	1
2457	407688	428711	1
2458	407734	428716	1
2459	407795	428727	1
2460	407879	428746	1
2461	407944	428763	1
2462	408008	428773	1
2463	408067	428790	1
2464	408136	428798	1
2465	408192	428808	1
2466	407444	428795	1
2467	407430	428932	1
2468	407180	428714	1
2469	407243	428704	1
2470	407242	428422	1
2471	407510	428955	1
2472	407527	428814	1
2473	407604	428824	1
2474	407572	428948	1
2475	407558	429092	1
2476	407625	429092	1
2477	407635	428989	1
2478	407654	428836	1
2479	407721	428845	1
2480	407702	428977	1
2481	407687	429101	1
2482	407752	429097	1
2483	407762	428989	1
2484	407776	428857	1
2485	407860	428874	1
2486	407922	428886	1
2487	407985	428898	1
2488	408047	428910	1
2489	407841	429008	1
2490	407908	429015	1
2491	407970	429025	1
2492	408035	429032	1
2493	408119	428905	1
2494	408128	428996	1
2495	408172	428900	1
2496	407826	429106	1
2497	407889	429109	1
2498	407956	429094	1
2499	407690	428560	1
2500	407757	428567	1
2501	407819	428579	1
2502	407894	428589	1
2503	407965	428603	1
2504	408021	428611	1
2505	408088	428627	1
2506	408145	428639	1
2507	408208	428658	1
2508	407699	428436	1
2509	407767	428441	1
2510	407826	428445	1
2511	407922	428469	1
2512	407922	428395	1
2513	407982	428484	1
2514	408047	428488	1
2515	408107	428498	1
2516	408172	428503	1
2517	407985	428393	1
2518	408045	428385	1
2519	408114	428373	1
2520	408179	428407	1
2521	408215	428563	1
2522	407594	428546	1
2523	407465	428512	1
2524	407304	429058	1
2525	407290	429185	1
2526	407438	429039	1
2527	407393	428802	1
2528	407414	428632	1
2529	407378	429006	1
2530	407381	428970	1
2531	407493	429084	1
2532	407394	427411	1
2533	407507	427221	1
2534	407678	427382	1
2535	416351	437524	1
2536	416413	437555	1
2537	416470	437581	1
2538	416536	437621	1
2539	416596	437666	1
2540	416389	437432	1
2541	416450	437472	1
2542	416511	437498	1
2543	416582	437527	1
2544	416640	437556	1
2545	416328	437075	1
2546	416391	437094	1
2547	416465	437120	1
2548	416531	437139	1
2549	416608	437193	1
2550	416640	437136	1
2551	416724	437233	1
2552	416740	437161	1
2553	416691	437730	1
2554	416709	437676	1
2555	416722	437617	1
2556	416741	437555	1
2557	416761	437470	1
2558	416794	437369	1
2559	416820	437233	1
2560	416796	437759	1
2561	416810	437646	1
2562	416834	437497	1
2563	416851	437394	1
2564	416889	437550	1
2565	416908	437419	1
2566	416864	437726	1
2567	416933	437679	1
2568	416965	437476	1
2569	416975	437851	1
2570	416980	437744	1
2571	417003	437630	1
2572	417020	437519	1
2573	417033	437798	1
2574	417066	437695	1
2575	417082	437628	1
2576	417098	437560	1
2577	416891	436498	1
2578	416825	436472	1
2579	416782	436431	1
2580	416731	436435	1
2581	416737	436316	1
2582	416797	436336	1
2583	416865	436364	1
2584	416935	436385	1
2585	416975	436275	1
2586	416920	436209	1
2587	416855	436179	1
2588	416790	436138	1
2589	416735	436139	1
2590	416820	436030	1
2591	416965	436090	1
2592	416956	436013	1
2593	416318	437327	1
2594	416343	437270	1
2595	416388	437357	1
2596	416413	437289	1
2597	416385	437204	1
2598	416475	437235	1
2599	416530	437264	1
2600	416591	437295	1
2601	416663	437319	1
2602	416724	437344	1
2603	416497	437342	1
2604	416562	437363	1
2605	416624	437413	1
2606	416674	437456	1
2607	416834	437554	1
2608	417055	437364	1
2609	417108	437459	1
2610	417167	437415	1
2611	417189	437363	1
2612	417103	437315	1
2613	417130	437263	1
2614	417147	437210	1
2615	417171	437146	1
2616	417196	437090	1
2617	417334	437083	1
2618	417225	437037	1
2619	416950	437261	1
2620	416977	437190	1
2621	416986	437122	1
2622	416996	437068	1
2623	417006	436988	1
2624	417010	436856	1
2625	417036	436803	1
2626	416821	436734	1
2627	416728	436534	1
2628	417207	437668	1
2629	417185	437741	1
2630	417200	437951	1
2631	416646	436771	1
2632	416661	436508	1
2633	409567	428072	1
2634	409666	427978	1
2635	409658	428072	1
2636	409648	427917	1
2637	409562	427820	1
2638	409649	427832	1
2639	409719	427871	1
2640	409876	427823	1
2641	409558	427746	1
2642	409649	427724	1
2643	409719	427737	1
2644	409791	427736	1
2645	409862	427737	1
2646	409937	427751	1
2647	409953	427688	1
2648	410020	427721	1
2649	409558	427625	1
2650	409561	427532	1
2651	409649	427575	1
2652	409792	427583	1
2653	409864	427582	1
2654	409937	427580	1
2655	410009	427581	1
2656	410083	427560	1
2657	409552	427383	1
2658	409560	427483	1
2659	409648	427454	1
2660	409718	427482	1
2661	409791	427451	1
2662	409863	427451	1
2663	409936	427456	1
2664	410032	427487	1
2665	409648	427348	1
2666	409720	427350	1
2667	409791	427350	1
2668	409873	427365	1
2669	410045	427433	1
2670	409719	427410	1
2671	406306	429706	1
2672	406469	429675	1
2673	406407	429801	1
2674	406413	429884	1
2675	406508	429791	1
2676	406461	429957	1
2677	406566	429856	1
2678	406498	430013	1
2679	406615	429902	1
2680	406504	430114	1
2681	406632	429990	1
2682	406559	430175	1
2683	406693	430048	1
2684	406609	429745	1
2685	406726	429869	1
2686	406380	430142	1
2687	406281	429823	1
2688	406454	430223	1
2689	406346	429748	1
2690	405207	428873	1
2691	405109	428840	1
2692	404510	428083	1
2693	405006	428713	1
2694	404737	428070	1
2695	404720	428545	1
2696	404625	428411	1
2697	404458	428177	1
2698	404604	428179	1
2699	404814	428167	1
2700	404820	428407	1
2701	405087	428620	1
2702	405237	428725	1
2703	405741	428147	1
2704	405390	428554	1
2705	405269	428447	1
2706	405209	428382	1
2707	405021	428414	1
2708	404960	428224	1
2709	404780	427999	1
2710	405113	428274	1
2711	405146	427973	1
2712	405291	427973	1
2713	405351	428022	1
2714	405436	428074	1
2715	405487	428124	1
2716	405561	428279	1
2717	405645	427950	1
2718	405349	427798	1
2719	404700	427855	1
2720	405275	428986	1
2721	414276	436269	1
2722	414334	436305	1
2723	414409	436308	1
2724	414467	436329	1
2725	414528	436346	1
2726	414586	436358	1
2727	414649	436378	1
2728	414702	436395	1
2729	414750	436409	1
2730	414776	436254	1
2731	414677	436254	1
2732	414615	436231	1
2733	414556	436218	1
2734	414496	436194	1
2735	414435	436185	1
2736	414370	436165	1
2737	414385	435972	1
2738	414436	436003	1
2739	414499	436010	1
2740	414541	436056	1
2741	414603	436066	1
2742	414663	436100	1
2743	414705	436129	1
2744	414932	436048	1
2745	414813	436093	1
2746	414782	436008	1
2747	414715	435974	1
2748	414644	435960	1
2749	414592	435949	1
2750	414532	435930	1
2751	414482	435901	1
2752	414419	435875	1
2753	414914	435954	1
2754	414995	435981	1
2755	415038	436030	1
2756	415103	436034	1
2757	415304	436151	1
2758	415171	436139	1
2759	415185	436081	1
2760	415169	435998	1
2761	415244	436001	1
2762	415307	436001	1
2763	415135	436184	1
2764	415406	436088	1
2765	415393	436032	1
2766	415376	435981	1
2767	415384	436622	1
2768	415415	436472	1
2769	415435	436340	1
2770	415295	436545	1
2771	415307	436363	1
2772	415123	436472	1
2773	415064	436611	1
2774	415185	436521	1
2775	415470	436558	1
2776	415522	436333	1
2777	415534	436568	1
2778	415583	436360	1
2779	415602	436579	1
2780	415629	436359	1
2781	415635	436669	1
2782	415697	436355	1
2783	414937	436112	1
2784	414893	436167	1
2785	414885	436233	1
2786	414908	436300	1
2787	414818	436434	1
2788	414970	436497	1
2789	415697	436679	1
2790	415773	436337	1
2791	415757	436707	1
2792	415841	436331	1
2793	415825	436725	1
2794	415897	436355	1
2795	415917	436605	1
2796	415971	436331	1
2797	415975	436591	1
2798	416040	436317	1
2799	415915	436753	1
2800	416011	436769	1
2801	416029	436629	1
2802	416101	436335	1
2803	416061	436845	1
2804	416103	436623	1
2805	416145	436399	1
2806	416119	436819	1
2807	416165	436641	1
2808	416225	436381	1
2809	416173	436859	1
2810	416229	436653	1
2811	416271	436443	1
2812	416237	436829	1
2813	416287	436667	1
2814	416341	436457	1
2815	416291	436891	1
2816	416341	436699	1
2817	416393	436479	1
2818	416401	436719	1
2819	416456	436531	1
2820	416353	436919	1
2821	406401	427758	1
2822	406435	427707	1
2823	406482	427662	1
2824	406531	427614	1
2825	406571	427559	1
2826	406613	427506	1
2827	406654	427464	1
2828	406696	427409	1
2829	406740	427369	1
2830	406744	427267	1
2831	406526	427919	1
2832	406558	427861	1
2833	406611	427815	1
2834	406653	427772	1
2835	406694	427725	1
2836	406745	427671	1
2837	406781	427620	1
2838	406812	427562	1
2839	406604	428027	1
2840	406665	427945	1
2841	406761	427886	1
2842	406872	427932	1
2843	406873	427828	1
2844	406864	427743	1
2845	406701	428159	1
2846	406872	428020	1
2847	406936	428021	1
2848	406800	428269	1
2849	406873	428209	1
2850	406957	428138	1
2851	406877	428371	1
2852	406934	428337	1
2853	406989	428293	1
2854	407016	428438	1
2855	407021	428545	1
2856	406975	428195	1
2857	406785	428085	1
2858	406862	428520	1
2859	406652	428249	1
2860	406801	427456	1
2861	409858	429971	1
2862	409783	429973	1
2863	409720	429977	1
2864	409660	429978	1
2865	409595	429983	1
2866	409531	429986	1
2867	409439	429976	1
2868	409383	429975	1
2869	409321	429978	1
2870	409261	429985	1
2871	409198	429994	1
2872	409126	429998	1
2873	409064	430001	1
2874	409008	430006	1
2875	408945	429998	1
2876	408877	430010	1
2877	409838	429781	1
2878	409772	429783	1
2879	409708	429784	1
2880	409645	429786	1
2881	409582	429784	1
2882	409520	429788	1
2883	409432	429773	1
2884	409374	429805	1
2885	409308	429809	1
2886	409251	429789	1
2887	409188	429793	1
2888	409119	429796	1
2889	409061	429824	1
2890	408998	429831	1
2891	408931	429797	1
2892	408868	429799	1
2893	408768	430044	1
2894	408747	429959	1
2895	408747	429895	1
2896	408744	429832	1
2897	408750	429768	1
2898	408759	429705	1
2899	408786	429632	1
2900	409752	429555	1
2901	409694	429520	1
2902	409632	429520	1
2903	409573	429526	1
2904	409510	429529	1
2905	409418	429566	1
2906	409358	429541	1
2907	409296	429535	1
2908	409239	429567	1
2909	409179	429570	1
2910	409104	429575	1
2911	409044	429546	1
2912	408980	429553	1
2913	408923	429595	1
2914	408853	429596	1
2915	409745	429360	1
2916	409682	429345	1
2917	409624	429351	1
2918	409561	429351	1
2919	409491	429357	1
2920	409412	429360	1
2921	409347	429371	1
2922	409292	429381	1
2923	409222	429388	1
2924	409164	429367	1
2925	409096	429382	1
2926	409037	429382	1
2927	408974	429382	1
2928	408912	429385	1
2929	408859	429451	1
2930	409609	429136	1
2931	409553	429139	1
2932	409488	429145	1
2933	409400	429130	1
2934	409338	429133	1
2935	409275	429127	1
2936	409213	429137	1
2937	409152	429167	1
2938	409086	429177	1
2939	409022	429187	1
2940	408957	429178	1
2941	409544	428936	1
2942	409477	428939	1
2943	409390	428941	1
2944	409331	428947	1
2945	409269	428952	1
2946	409208	428950	1
2947	409148	428953	1
2948	409076	428957	1
2949	409020	428990	1
2950	409166	428747	1
2951	409369	428523	1
2952	409306	428529	1
2953	409244	428530	1
2954	409183	428537	1
2955	409122	428540	1
2956	409357	428302	1
2957	409296	428301	1
2958	409235	428306	1
2959	409170	428309	1
2960	409110	428314	1
2961	409040	428360	1
2962	408985	428295	1
2963	409349	428102	1
2964	409288	428112	1
2965	409226	428147	1
2966	409162	428152	1
2967	409099	428125	1
2968	409030	428140	1
2969	408969	428152	1
2970	408913	428161	1
2971	408822	428103	1
2972	409333	427878	1
2973	409275	427880	1
2974	409201	427874	1
2975	409148	427874	1
2976	409087	427886	1
2977	409009	427894	1
2978	408954	427893	1
2979	408889	427897	1
2980	408828	427899	1
2981	408772	427900	1
2982	408707	427880	1
2983	409318	427697	1
2984	409262	427715	1
2985	409202	427716	1
2986	409140	427716	1
2987	409078	427718	1
2988	409011	427726	1
2989	408946	427719	1
2990	408884	427723	1
2991	408828	427728	1
2992	408759	427741	1
2993	408693	427748	1
2994	409308	427455	1
2995	409249	427455	1
2996	409191	427465	1
2997	409128	427470	1
2998	409069	427474	1
2999	408991	427467	1
3000	408934	427466	1
3001	408872	427467	1
3002	408807	427471	1
3003	408738	427487	1
3004	409301	427259	1
3005	409235	427259	1
3006	409182	427299	1
3007	409122	427302	1
3008	409059	427305	1
3009	408987	427309	1
3010	408922	427313	1
3011	408871	427313	1
3012	408795	427332	1
3013	409292	427036	1
3014	409232	427047	1
3015	409169	427020	1
3016	409106	427043	1
3017	409043	427056	1
3018	408972	427083	1
3019	408903	427134	1
3020	409283	426831	1
3021	409221	426838	1
3022	409159	426846	1
3023	409063	426886	1
3024	409172	426726	1
3025	409915	429454	1
3026	409630	428801	1
3027	409743	428654	1
3028	409686	428652	1
3029	409633	428651	1
3030	409579	428647	1
3031	409569	428504	1
3032	409510	428422	1
3033	409565	428368	1
3034	409734	428220	1
3035	409665	428209	1
3036	409610	428209	1
3037	409554	428214	1
3038	409651	428405	1
3039	409446	428417	1
3040	409468	426499	1
3041	409403	427571	1
3042	409395	427444	1
3043	409460	427444	1
3044	409392	427240	1
3045	409449	427293	1
3046	409447	427177	1
3047	409517	427285	1
3048	409508	427154	1
3049	409588	427314	1
3050	409576	427245	1
3051	409379	427033	1
3052	409440	427024	1
3053	409364	426840	1
3054	409358	426667	1
3055	409426	426673	1
3056	409481	426679	1
3057	409498	426614	1
3058	409345	426494	1
3059	409410	426491	1
3060	409498	426556	1
3061	409437	428115	1
3062	409420	427991	1
3063	409421	427863	1
3064	409413	427733	1
3065	409494	428112	1
3066	409486	427991	1
3067	409480	427855	1
3068	409469	427656	1
3069	419353	435225	1
3070	419297	434419	1
3071	419336	434659	1
3072	419368	434914	1
3073	419408	435118	1
3074	419334	434373	1
3075	419365	434567	1
3076	419406	434829	1
3077	419457	435090	1
3078	419404	434363	1
3079	419438	434589	1
3080	419474	434842	1
3081	419520	435068	1
3082	419467	434363	1
3083	419494	434560	1
3084	419544	434849	1
3085	419578	435063	1
3086	419533	434332	1
3087	419649	435056	1
3088	419591	434334	1
3089	419700	435014	1
3090	419646	434302	1
3091	419686	434553	1
3092	419724	434796	1
3093	419754	434977	1
3094	419707	434307	1
3095	419746	434541	1
3096	419783	434781	1
3097	419610	434463	1
3098	419775	434317	1
3099	419809	434519	1
3100	419843	434762	1
3101	419884	434575	1
3102	419957	434574	1
3103	419993	434769	1
3104	419780	434125	1
3105	419741	434173	1
3106	419902	434186	1
3107	419885	434247	1
3108	419652	435170	1
3109	419739	435216	1
3110	419821	435264	1
3111	419816	435041	1
3112	419884	435084	1
3113	419916	435172	1
3114	419993	435079	1
3115	419547	434470	1
3116	419612	434895	1
3117	419680	434880	1
3118	418763	435400	1
3119	419385	434242	1
3120	419516	434037	1
3121	419576	434057	1
3122	419384	435067	1
3123	419345	434859	1
3124	419299	434564	1
3125	419263	434351	1
3126	419251	434647	1
3127	419277	434808	1
3128	419295	434929	1
3129	419323	435079	1
3130	419263	435094	1
3131	419236	434951	1
3132	419217	434812	1
3133	419195	434659	1
3134	419212	434392	1
3135	419134	434674	1
3136	419154	434820	1
3137	419176	434960	1
3138	419207	435096	1
3139	419142	435106	1
3140	419122	434975	1
3141	419096	434836	1
3142	419071	434674	1
3143	418987	434582	1
3144	419003	434696	1
3145	411622	426746	1
3146	411512	426679	1
3147	411415	426609	1
3148	411344	426528	1
3149	411488	426774	1
3150	411495	426869	1
3151	411389	426684	1
3152	411309	426600	1
3153	411289	426674	1
3154	411771	426800	1
3155	411830	426657	1
3156	411785	426603	1
3157	411655	426596	1
3158	411592	426469	1
3159	411525	426409	1
3160	411491	426442	1
3161	411692	426373	1
3162	411463	426321	1
3163	411813	426315	1
3164	411233	426352	1
3165	411132	426222	1
3166	411327	426235	1
3167	411266	426189	1
3168	411233	426038	1
3169	411371	426038	1
3170	411457	426022	1
3171	411448	425937	1
3172	411448	425861	1
3173	411519	425857	1
3174	411627	425891	1
3175	411671	425978	1
3176	411710	426106	1
3177	418555	435746	1
3178	418775	435685	1
3179	418589	435808	1
3180	418812	435747	1
3181	418657	435890	1
3182	418765	436007	1
3183	418900	435806	1
3184	418892	436010	1
3185	418971	435875	1
3186	418961	435999	1
3187	418967	436079	1
3188	418856	436094	1
3189	419026	435994	1
3190	418088	437345	1
3191	418051	437394	1
3192	418023	437447	1
3193	417993	437497	1
3194	417966	437549	1
3195	417941	437607	1
3196	417898	437656	1
3197	417872	437713	1
3198	417839	437771	1
3199	417803	437818	1
3200	417777	437874	1
3201	417745	437926	1
3202	417718	437980	1
3203	417686	438033	1
3204	417655	438089	1
3205	417645	438156	1
3206	417911	437382	1
3207	417858	437423	1
3208	417821	437471	1
3209	417790	437523	1
3210	417760	437579	1
3211	417735	437636	1
3212	417698	437686	1
3213	417670	437741	1
3214	417645	437795	1
3215	417612	437849	1
3216	417568	437896	1
3217	417548	437958	1
3218	417428	437897	1
3219	418159	436706	1
3220	418254	436769	1
3221	418248	436700	1
3222	418467	436702	1
3223	418429	436758	1
3224	418394	436811	1
3225	418567	436778	1
3226	418550	436889	1
3227	418524	436947	1
3228	418625	436809	1
3229	418709	436710	1
3230	418686	436835	1
3231	418605	437063	1
3232	418661	437015	1
3233	418690	436963	1
3234	418737	436861	1
3235	418803	436732	1
3236	418792	436883	1
3237	418864	436749	1
3238	418917	436775	1
3239	418842	436917	1
3240	418781	437034	1
3241	418666	437120	1
3242	418703	437188	1
3243	418625	437342	1
3244	418571	437277	1
3245	418568	437160	1
3246	418515	437317	1
3247	418678	437377	1
3248	418810	437288	1
3249	418831	437192	1
3250	418849	437141	1
3251	418883	437089	1
3252	418900	437024	1
3253	418929	436968	1
3254	418954	436913	1
3255	418981	436803	1
3256	419041	436836	1
3257	419061	436722	1
3258	418089	435948	1
3259	418150	435949	1
3260	418210	435927	1
3261	418277	435983	1
3262	418273	435860	1
3263	418333	435847	1
3264	418402	435842	1
3265	418456	435847	1
3266	418460	435954	1
3267	418519	435921	1
3268	418585	435942	1
3269	418651	436028	1
3270	418585	436060	1
3271	418522	436068	1
3272	418459	436065	1
3273	418279	436090	1
3274	418217	436110	1
3275	418153	436119	1
3276	418090	436142	1
3277	418021	436157	1
3278	418724	436059	1
3279	418371	435973	1
3280	418367	436082	1
3281	418349	436188	1
end {BasicAreas}
