begin {Parameters}
Number of BasicAreas
844
Basic Area Type
Line
Metric
geodecimal
end {Parameters}

#Parameter	ExtId	Activity	Coords	District
begin {BasicAreas}
0011	164.000000	(7.602760,50.508240)(7.603220,50.508920)
0015	208.000000	(7.579230,50.500680)(7.580380,50.501190)
0021	1292.000000	(7.598280,50.509640)(7.600840,50.510760)(7.601340,50.511340)(7.602250,50.513040)(7.603040,50.514300)
0022	404.000000	(7.595930,50.508890)(7.596460,50.509220)(7.597490,50.509230)(7.598280,50.509640)
0115	158.000000	(7.593710,50.478080)(7.594010,50.478760)
0118	154.000000	(7.613230,50.472210)(7.612790,50.472840)
0119	74.000000	(7.588430,50.476060)(7.588050,50.476280)
0126	180.000000	(7.619370,50.467980)(7.618680,50.468660)
0127	500.000000	(7.658190,50.494480)(7.657410,50.496070)(7.657060,50.496400)(7.657120,50.496580)
0128	400.000000	(7.613050,50.469890)(7.614230,50.471520)
0129	1126.000000	(7.595070,50.474910)(7.596570,50.474830)(7.597800,50.474490)(7.597890,50.474650)(7.597950,50.475060)(7.598050,50.475390)(7.598600,50.475580)(7.601420,50.475700)
0130	1508.000000	(7.608780,50.471870)(7.607830,50.472420)(7.607870,50.472710)(7.607730,50.473040)(7.606970,50.473440)(7.606850,50.473770)(7.606320,50.474520)(7.605840,50.474890)(7.605130,50.475180)(7.602180,50.475460)(7.601420,50.475700)
6087	228.000000	(7.596900,50.462210)(7.596160,50.463120)
6108	50.000000	(7.600060,50.461690)(7.600310,50.461850)
6116	62.000000	(7.600370,50.461500)(7.600060,50.461690)
6123	110.000000	(7.599550,50.461320)(7.600060,50.461690)
6131	324.000000	(7.597980,50.460930)(7.596900,50.462210)
6138	148.000000	(7.598840,50.460830)(7.599550,50.461320)
6146	254.000000	(7.600950,50.460610)(7.599550,50.461320)
6150	100.000000	(7.598360,50.460500)(7.598840,50.460830)
6151	110.000000	(7.598360,50.460500)(7.597980,50.460930)
6170	64.000000	(7.603350,50.460020)(7.602900,50.460060)
6176	72.000000	(7.602620,50.459790)(7.602900,50.460060)
6177	300.000000	(7.602620,50.459790)(7.600950,50.460610)
6191	202.000000	(7.598490,50.459290)(7.599800,50.459630)
6192	140.000000	(7.598490,50.459290)(7.598220,50.459900)
6202	140.000000	(7.597600,50.459030)(7.598490,50.459290)
6207	208.000000	(7.600880,50.459000)(7.599800,50.459630)
6211	236.000000	(7.601620,50.458950)(7.602620,50.459790)
6212	54.000000	(7.597340,50.458860)(7.597600,50.459030)
6221	82.000000	(7.602090,50.458740)(7.601620,50.458950)
6222	62.000000	(7.601370,50.458720)(7.601620,50.458950)
6223	94.000000	(7.601370,50.458720)(7.600880,50.459000)
6224	268.000000	(7.599120,50.458740)(7.599580,50.458660)(7.600880,50.459000)
6228	54.000000	(7.602390,50.458590)(7.602090,50.458740)
6231	42.000000	(7.602630,50.458500)(7.602930,50.458510)
6232	40.000000	(7.602630,50.458500)(7.602390,50.458590)
6240	80.000000	(7.597240,50.458240)(7.597780,50.458340)
6241	138.000000	(7.597240,50.458240)(7.597280,50.458310)(7.597340,50.458860)
6242	136.000000	(7.597240,50.458240)(7.596300,50.458310)
6243	186.000000	(7.598720,50.458230)(7.598500,50.458530)(7.597780,50.458340)
6252	20.000000	(7.599480,50.458050)(7.599600,50.458100)
6255	76.000000	(7.596920,50.457970)(7.597240,50.458240)
6261	134.000000	(7.597330,50.457810)(7.597780,50.458340)
6262	68.000000	(7.597330,50.457810)(7.596920,50.457970)
6266	68.000000	(7.602480,50.457780)(7.602950,50.457810)
6267	162.000000	(7.602480,50.457780)(7.602630,50.458500)
6268	136.000000	(7.598670,50.457730)(7.599480,50.458050)
6269	112.000000	(7.598670,50.457730)(7.598720,50.458050)(7.598720,50.458230)
6270	238.000000	(7.601440,50.457750)(7.602090,50.458740)
6271	136.000000	(7.601440,50.457750)(7.600660,50.458100)
6272	74.000000	(7.596660,50.457680)(7.596920,50.457970)
6276	140.000000	(7.599950,50.457670)(7.600660,50.458100)
6277	108.000000	(7.599950,50.457670)(7.599480,50.458050)
6283	32.000000	(7.600100,50.457560)(7.599950,50.457670)
6288	78.000000	(7.598410,50.457430)(7.598670,50.457730)
6289	176.000000	(7.598410,50.457430)(7.597330,50.457810)
6294	140.000000	(7.596890,50.457250)(7.597330,50.457810)
6295	108.000000	(7.596890,50.457250)(7.596600,50.457600)(7.596660,50.457680)
6297	96.000000	(7.599610,50.457270)(7.600100,50.457560)
6311	204.000000	(7.600860,50.456910)(7.601440,50.457750)
6312	180.000000	(7.600860,50.456910)(7.600100,50.457560)
6318	110.000000	(7.595920,50.456650)(7.596190,50.456850)(7.596450,50.456700)
6319	254.000000	(7.602220,50.456650)(7.602480,50.457780)
6320	202.000000	(7.602220,50.456650)(7.600860,50.456910)
6323	16.000000	(7.602330,50.456640)(7.602220,50.456650)
6324	180.000000	(7.596970,50.456440)(7.596890,50.457250)
6325	94.000000	(7.596970,50.456440)(7.596450,50.456700)
6327	108.000000	(7.595310,50.456380)(7.595920,50.456650)
6335	170.000000	(7.603480,50.456430)(7.602330,50.456640)
6340	286.000000	(7.597780,50.456250)(7.598260,50.456730)(7.598310,50.457160)(7.598410,50.457430)
6341	54.000000	(7.597050,50.456210)(7.596960,50.456380)(7.596970,50.456440)
6342	100.000000	(7.604150,50.456290)(7.603480,50.456430)
6343	128.000000	(7.595430,50.456170)(7.595920,50.456650)
6344	98.000000	(7.598020,50.456170)(7.598520,50.456460)
6345	38.000000	(7.598020,50.456170)(7.597780,50.456250)
6348	1232.000000	(7.609980,50.456280)(7.610010,50.456820)(7.609950,50.457690)(7.609530,50.458230)(7.608170,50.458790)(7.606950,50.459570)(7.605970,50.459800)(7.605750,50.460160)(7.605380,50.459980)
6352	62.000000	(7.597510,50.456030)(7.597780,50.456250)
6354	206.000000	(7.595680,50.455920)(7.596450,50.456700)
6355	126.000000	(7.594850,50.455900)(7.595310,50.456380)
6358	42.000000	(7.597340,50.455880)(7.597510,50.456030)
6359	84.000000	(7.597340,50.455880)(7.597050,50.456210)
6362	48.000000	(7.597630,50.455830)(7.597510,50.456030)
6364	242.000000	(7.601300,50.455770)(7.602330,50.456640)
6369	80.000000	(7.600840,50.455570)(7.601300,50.455770)
6370	334.000000	(7.600840,50.455570)(7.600330,50.456120)(7.600860,50.456910)
6371	154.000000	(7.602340,50.455580)(7.601300,50.455770)
6372	244.000000	(7.602460,50.455550)(7.603480,50.456430)
6373	18.000000	(7.602460,50.455550)(7.602340,50.455580)
6376	104.000000	(7.603170,50.455450)(7.602460,50.455550)
6388	140.000000	(7.602280,50.454950)(7.602300,50.455380)(7.602340,50.455580)
6389	182.000000	(7.600990,50.454910)(7.601280,50.455100)(7.600840,50.455570)
6390	246.000000	(7.598370,50.454830)(7.597630,50.455830)
6391	126.000000	(7.594900,50.454740)(7.594100,50.454980)
6396	434.000000	(7.595440,50.454550)(7.597050,50.456210)
6397	88.000000	(7.595440,50.454550)(7.594900,50.454740)
6403	384.000000	(7.595980,50.454400)(7.597340,50.455880)
6404	84.000000	(7.595980,50.454400)(7.595440,50.454550)
6413	190.000000	(7.595200,50.453710)(7.595980,50.454400)
6419	78.000000	(7.592090,50.453560)(7.591600,50.453720)
6422	342.000000	(7.598000,50.453580)(7.595980,50.454400)
6423	128.000000	(7.592420,50.453450)(7.593060,50.453850)
6424	54.000000	(7.592420,50.453450)(7.592090,50.453560)
6426	76.000000	(7.591670,50.453350)(7.592090,50.453560)
6429	418.000000	(7.593120,50.453240)(7.594900,50.454740)
6430	110.000000	(7.593120,50.453240)(7.592420,50.453450)
6432	174.000000	(7.594420,50.453110)(7.595200,50.453710)
6433	228.000000	(7.596480,50.453100)(7.595200,50.453710)
6435	106.000000	(7.592590,50.452900)(7.593120,50.453240)
6436	54.000000	(7.594180,50.452920)(7.594420,50.453110)
6437	168.000000	(7.594180,50.452920)(7.593120,50.453240)
6439	160.000000	(7.601070,50.452890)(7.600180,50.453330)
6442	56.000000	(7.594480,50.452760)(7.594180,50.452920)
6446	120.000000	(7.593700,50.452480)(7.594180,50.452920)
6447	238.000000	(7.597690,50.452530)(7.598000,50.453580)
6448	214.000000	(7.597690,50.452530)(7.596480,50.453100)
6451	172.000000	(7.596040,50.452380)(7.596480,50.453100)
6452	282.000000	(7.596040,50.452380)(7.594420,50.453110)
6459	80.000000	(7.595820,50.452050)(7.596040,50.452380)
6460	248.000000	(7.595820,50.452050)(7.594480,50.452760)
6463	208.000000	(7.600800,50.451970)(7.601070,50.452890)
6464	468.000000	(7.600800,50.451970)(7.599260,50.452050)(7.597690,50.452530)
6473	390.000000	(7.590710,50.451630)(7.592590,50.452900)
6474	386.000000	(7.602730,50.451750)(7.602710,50.452060)(7.602390,50.452500)(7.601070,50.452890)
6475	280.000000	(7.602730,50.451750)(7.600800,50.451970)
6482	172.000000	(7.591180,50.451090)(7.591320,50.451390)(7.590710,50.451630)
6483	238.000000	(7.595250,50.451040)(7.595820,50.452050)
6488	174.000000	(7.596450,50.450920)(7.595250,50.451040)
6494	388.000000	(7.597140,50.450820)(7.597690,50.452530)
6495	102.000000	(7.597140,50.450820)(7.596450,50.450920)
6496	432.000000	(7.600450,50.450860)(7.602610,50.451290)(7.602730,50.451490)(7.602730,50.451750)
6497	252.000000	(7.600450,50.450860)(7.600800,50.451970)
6501	144.000000	(7.591720,50.450700)(7.592270,50.451240)
6502	126.000000	(7.591720,50.450700)(7.591510,50.451020)(7.591180,50.451090)
6503	166.000000	(7.594260,50.450650)(7.595250,50.451040)
6508	498.000000	(7.597140,50.450820)(7.598330,50.450520)(7.600450,50.450860)
6509	78.000000	(7.593800,50.450460)(7.594260,50.450650)
6510	278.000000	(7.593800,50.450460)(7.592270,50.451240)
6511	126.000000	(7.595910,50.450470)(7.596450,50.450920)
6512	66.000000	(7.595910,50.450470)(7.595460,50.450550)
6516	154.000000	(7.595120,50.450230)(7.594260,50.450650)
6534	260.000000	(7.590970,50.449640)(7.591620,50.450410)(7.591720,50.450700)
6541	78.000000	(7.590690,50.449340)(7.590970,50.449640)
6544	574.000000	(7.590970,50.449640)(7.590950,50.449270)(7.593800,50.450460)
11594	482.000000	(7.602900,50.460060)(7.600370,50.461500)
11595	466.000000	(7.600310,50.461850)(7.602510,50.463400)
11596	132.000000	(7.599800,50.459630)(7.600340,50.460110)
11597	142.000000	(7.600340,50.460110)(7.600950,50.460610)
11598	102.000000	(7.599420,50.458150)(7.598720,50.458230)
11640	28.000000	(7.599600,50.458100)(7.599420,50.458150)
11641	122.000000	(7.599420,50.458150)(7.599180,50.458460)(7.598910,50.458550)
12116	282.000000	(7.599800,50.459630)(7.598360,50.460500)
12117	580.000000	(7.602930,50.458510)(7.604700,50.458690)(7.605220,50.459040)(7.605410,50.459520)(7.605310,50.459780)(7.605380,50.459980)
12118	294.000000	(7.599600,50.458100)(7.601370,50.458720)
12119	118.000000	(7.598990,50.454820)(7.598850,50.454980)(7.598370,50.454830)
12120	282.000000	(7.598000,50.453580)(7.598370,50.454830)
12280	764.000000	(7.602900,50.460060)(7.603950,50.461140)(7.604130,50.461640)(7.604510,50.462010)(7.605970,50.462750)
12750	566.000000	(7.609650,50.510950)(7.613270,50.511450)(7.613420,50.511580)
13242	308.000000	(7.615880,50.470630)(7.614230,50.471520)
13304	378.000000	(7.612080,50.468330)(7.612040,50.468460)(7.613050,50.469890)
13432	396.000000	(7.653320,50.495120)(7.653570,50.495350)(7.654060,50.496370)(7.654520,50.496640)
13433	2624.000000	(7.653320,50.495120)(7.652840,50.495300)(7.652520,50.496060)(7.651800,50.496650)(7.650700,50.497080)(7.649110,50.497270)(7.645260,50.499600)(7.641440,50.501060)(7.638930,50.501510)
14018	820.000000	(7.590840,50.508820)(7.592670,50.508160)(7.594750,50.508310)(7.595930,50.508890)
14022	1422.000000	(7.583340,50.492810)(7.583630,50.493160)(7.585080,50.493190)(7.586390,50.493120)(7.586410,50.493520)(7.586320,50.494200)(7.586210,50.494530)(7.585890,50.494880)(7.582990,50.496120)
14023	420.000000	(7.582310,50.491160)(7.582260,50.491420)(7.582260,50.491730)(7.582530,50.492070)(7.583320,50.492650)(7.583340,50.492810)
14055	504.000000	(7.590740,50.489510)(7.588810,50.489580)(7.587310,50.489880)
14056	382.000000	(7.601220,50.506180)(7.602080,50.507810)
14057	406.000000	(7.602080,50.507810)(7.599250,50.507940)
14058	54.000000	(7.602440,50.507750)(7.602080,50.507810)
14059	118.000000	(7.602440,50.507750)(7.602760,50.508240)
14062	326.000000	(7.604010,50.515780)(7.604000,50.516020)(7.604700,50.516690)(7.605300,50.516740)
14066	118.000000	(7.613470,50.515150)(7.614180,50.515430)
14071	36.000000	(7.607930,50.504670)(7.608000,50.504830)
14072	1166.000000	(7.608000,50.504830)(7.608350,50.505620)(7.608200,50.506210)(7.606970,50.507120)(7.606930,50.507510)(7.606920,50.508510)(7.607080,50.508940)(7.607060,50.509290)(7.606670,50.509650)
14073	130.000000	(7.608910,50.504810)(7.608000,50.504830)
14074	36.000000	(7.609740,50.510800)(7.609650,50.510950)
14075	64.000000	(7.606670,50.509650)(7.606270,50.509770)
14076	588.000000	(7.611630,50.508720)(7.611840,50.509290)(7.611790,50.509490)(7.609740,50.510800)
14077	104.000000	(7.606760,50.510050)(7.606290,50.510400)
14078	92.000000	(7.604880,50.509190)(7.604320,50.509400)
14079	94.000000	(7.606270,50.509770)(7.606760,50.510050)
14080	464.000000	(7.606760,50.510050)(7.608010,50.510450)(7.609740,50.510800)
14081	116.000000	(7.606270,50.509770)(7.605800,50.509860)(7.605630,50.510040)
14082	160.000000	(7.606290,50.510400)(7.607340,50.510550)
14083	234.000000	(7.604320,50.509400)(7.605630,50.510040)
14084	124.000000	(7.605630,50.510040)(7.606290,50.510400)
14085	206.000000	(7.603220,50.508920)(7.601810,50.509090)
14086	190.000000	(7.603220,50.508920)(7.604320,50.509400)
14087	1052.000000	(7.613420,50.511580)(7.613640,50.511740)(7.614480,50.511820)(7.619920,50.513640)
14088	174.000000	(7.606720,50.510850)(7.605860,50.511370)
14089	42.000000	(7.605860,50.511370)(7.606070,50.511500)
14090	172.000000	(7.604490,50.509830)(7.604750,50.509970)(7.604480,50.510400)(7.604510,50.510480)
14091	136.000000	(7.605630,50.510040)(7.604800,50.510340)
14092	120.000000	(7.605860,50.511370)(7.605200,50.511680)
14093	30.000000	(7.604510,50.510480)(7.604330,50.510550)
14094	186.000000	(7.604800,50.510340)(7.605820,50.510860)
14095	52.000000	(7.604800,50.510340)(7.604510,50.510480)
14096	118.000000	(7.606290,50.510400)(7.606720,50.510850)
14097	282.000000	(7.604330,50.510550)(7.605200,50.511680)
14098	184.000000	(7.605200,50.511680)(7.606210,50.512200)
14099	504.000000	(7.605200,50.511680)(7.604470,50.512170)(7.604490,50.512540)(7.603840,50.512330)(7.603170,50.511780)
14100	194.000000	(7.608300,50.510910)(7.609650,50.510950)
14101	80.000000	(7.607770,50.510950)(7.608110,50.511220)
14102	364.000000	(7.607770,50.510950)(7.607120,50.511250)(7.606210,50.512200)
14103	160.000000	(7.607470,50.511930)(7.606990,50.512580)
14104	84.000000	(7.608300,50.510910)(7.608820,50.511090)
14105	234.000000	(7.613420,50.511580)(7.611910,50.511990)
14106	590.000000	(7.608110,50.511220)(7.611780,50.511850)(7.611910,50.511990)
14107	100.000000	(7.607860,50.512680)(7.607170,50.512770)
14108	328.000000	(7.608110,50.511220)(7.608050,50.511600)(7.608090,50.511890)(7.608030,50.512200)(7.607920,50.512390)(7.607860,50.512680)
14109	140.000000	(7.606210,50.512200)(7.606990,50.512580)
14110	50.000000	(7.606990,50.512580)(7.607170,50.512770)
14111	76.000000	(7.608300,50.510910)(7.607770,50.510950)
14114	158.000000	(7.610400,50.514000)(7.609940,50.514650)
14115	246.000000	(7.611980,50.514590)(7.613470,50.515150)
14116	276.000000	(7.607340,50.515310)(7.608990,50.515960)
14117	164.000000	(7.608990,50.515960)(7.608530,50.516640)
14118	510.000000	(7.609480,50.515290)(7.612610,50.516390)
14119	164.000000	(7.609480,50.515290)(7.608990,50.515960)
14120	282.000000	(7.607770,50.514660)(7.609480,50.515290)
14121	94.000000	(7.612610,50.516390)(7.612350,50.516780)
14122	386.000000	(7.607340,50.515310)(7.607080,50.515660)(7.608530,50.516640)
14123	32.000000	(7.608070,50.512640)(7.607860,50.512680)
14124	204.000000	(7.608070,50.512640)(7.609120,50.513260)
14125	70.000000	(7.612200,50.514310)(7.611980,50.514590)
14126	512.000000	(7.609940,50.514650)(7.613040,50.515800)
14127	124.000000	(7.607290,50.513480)(7.608070,50.513720)
14128	156.000000	(7.609940,50.514650)(7.609480,50.515290)
14129	144.000000	(7.613040,50.515800)(7.612610,50.516390)
14130	252.000000	(7.610460,50.514020)(7.611980,50.514590)
14131	152.000000	(7.606830,50.514330)(7.607770,50.514660)
14132	158.000000	(7.613470,50.515150)(7.613040,50.515800)
14133	156.000000	(7.607770,50.514660)(7.607340,50.515310)
14134	162.000000	(7.607170,50.512770)(7.607310,50.512970)(7.607340,50.513190)(7.607290,50.513480)
14135	200.000000	(7.607290,50.513480)(7.606830,50.514330)
14136	86.000000	(7.605100,50.513540)(7.605250,50.513910)
14137	454.000000	(7.606210,50.512200)(7.605840,50.512510)(7.606060,50.512990)(7.606050,50.513240)(7.605980,50.513490)(7.605250,50.513910)
14138	462.000000	(7.605250,50.513910)(7.604400,50.515000)(7.604250,50.515600)(7.604010,50.515780)
14139	102.000000	(7.603290,50.514060)(7.603320,50.514100)(7.603150,50.514500)
14140	48.000000	(7.603040,50.514300)(7.603150,50.514500)
14243	1600.000000	(7.649360,50.484450)(7.645270,50.485810)(7.643880,50.485950)(7.641790,50.486890)(7.640320,50.486540)(7.639710,50.486040)
14244	886.000000	(7.655330,50.490730)(7.655440,50.491070)(7.655370,50.491440)(7.655090,50.491850)(7.655070,50.492210)(7.655130,50.492480)(7.655310,50.492900)(7.655300,50.493410)(7.655240,50.493870)(7.655460,50.494360)(7.655730,50.494570)
14245	1676.000000	(7.649360,50.484450)(7.650630,50.484530)(7.651400,50.484770)(7.652870,50.485520)(7.653070,50.485740)(7.653150,50.486060)(7.653120,50.486300)(7.652220,50.487590)(7.652200,50.487910)(7.652230,50.488230)(7.652600,50.488750)(7.653790,50.489380)(7.654170,50.489830)
14246	262.000000	(7.654170,50.489830)(7.655330,50.490730)
14247	328.000000	(7.605360,50.515290)(7.605150,50.515720)(7.605130,50.515920)(7.605260,50.516650)(7.605300,50.516740)
14248	132.000000	(7.605980,50.516220)(7.606510,50.516660)
14249	164.000000	(7.605980,50.516220)(7.605780,50.516570)(7.605300,50.516740)
14250	238.000000	(7.606030,50.514320)(7.605880,50.514560)(7.605860,50.514710)(7.606260,50.515120)(7.606510,50.515150)
14251	174.000000	(7.605880,50.515440)(7.605990,50.516070)(7.605980,50.516220)
14258	306.000000	(7.583950,50.505210)(7.583170,50.505800)(7.583020,50.506080)(7.583010,50.506390)
14259	1732.000000	(7.583010,50.506390)(7.583460,50.506850)(7.586890,50.508230)(7.588280,50.508640)(7.588550,50.508970)(7.588730,50.509860)(7.588800,50.510060)(7.589180,50.510160)(7.589630,50.509230)(7.590840,50.508820)
14260	120.000000	(7.582880,50.500640)(7.582790,50.501180)
14261	288.000000	(7.580380,50.501190)(7.580550,50.501300)(7.580580,50.501580)(7.580600,50.502440)
14262	74.000000	(7.580600,50.502440)(7.581090,50.502550)
14263	72.000000	(7.580600,50.502440)(7.580530,50.502570)(7.580620,50.502740)
14264	48.000000	(7.583080,50.502680)(7.583030,50.502890)
14265	146.000000	(7.583050,50.503230)(7.583440,50.503830)
14266	44.000000	(7.583030,50.502890)(7.583030,50.503090)
14267	80.000000	(7.583030,50.503090)(7.582550,50.503280)
14268	140.000000	(7.582790,50.501180)(7.581900,50.501380)
14269	64.000000	(7.584470,50.501150)(7.584400,50.501430)
14270	46.000000	(7.584400,50.501430)(7.584270,50.501620)
14271	94.000000	(7.583300,50.502940)(7.583770,50.503230)
14272	32.000000	(7.583030,50.503090)(7.583050,50.503230)
14273	68.000000	(7.583050,50.503230)(7.583510,50.503290)
14274	190.000000	(7.579590,50.502230)(7.579400,50.503080)
14275	192.000000	(7.583440,50.503830)(7.584130,50.504570)
14276	112.000000	(7.584130,50.504570)(7.584130,50.504810)(7.584050,50.505070)
14277	402.000000	(7.583770,50.503230)(7.584610,50.503850)(7.584600,50.504530)(7.584130,50.504570)
14278	278.000000	(7.584270,50.501620)(7.586110,50.501950)
14279	316.000000	(7.583720,50.502140)(7.585730,50.502600)
14280	314.000000	(7.583770,50.503230)(7.585960,50.503300)
14281	292.000000	(7.582930,50.504320)(7.583630,50.504460)(7.583660,50.504710)(7.583540,50.505200)
14282	160.000000	(7.583720,50.502140)(7.583080,50.502680)
14283	46.000000	(7.583660,50.502640)(7.583960,50.502720)
14284	184.000000	(7.579820,50.501810)(7.580260,50.502030)(7.580600,50.502440)
14285	84.000000	(7.583660,50.502640)(7.583300,50.502940)
14286	40.000000	(7.583030,50.502890)(7.583300,50.502940)
14287	262.000000	(7.582170,50.503930)(7.581300,50.504220)(7.580440,50.504220)
14288	200.000000	(7.580440,50.504220)(7.579040,50.504290)
14289	98.000000	(7.579820,50.501810)(7.579590,50.502230)
14290	220.000000	(7.580620,50.502740)(7.581860,50.503310)
14291	188.000000	(7.579650,50.503550)(7.579040,50.504290)
14292	192.000000	(7.582930,50.504320)(7.582960,50.504470)(7.582920,50.504710)(7.582640,50.505140)
14293	130.000000	(7.582640,50.505140)(7.583540,50.505200)
14294	146.000000	(7.582170,50.503930)(7.582930,50.504320)
14295	170.000000	(7.581090,50.502550)(7.582220,50.502800)
14296	118.000000	(7.582220,50.502800)(7.583030,50.502890)
14297	248.000000	(7.583080,50.502680)(7.582180,50.502430)(7.582180,50.502560)(7.582230,50.502760)(7.582220,50.502800)
14298	162.000000	(7.580930,50.503560)(7.580440,50.504220)
14299	88.000000	(7.576910,50.504140)(7.577520,50.504210)
14300	92.000000	(7.579130,50.503310)(7.579650,50.503550)
14301	96.000000	(7.584110,50.500780)(7.584470,50.501150)
14302	198.000000	(7.578450,50.501720)(7.579590,50.502230)
14303	152.000000	(7.579940,50.503310)(7.580930,50.503560)
14304	232.000000	(7.585000,50.500170)(7.584470,50.501150)
14305	68.000000	(7.579940,50.503310)(7.579650,50.503550)
14306	34.000000	(7.584050,50.505070)(7.583950,50.505210)
14307	84.000000	(7.584050,50.505070)(7.583540,50.505200)
14308	114.000000	(7.581090,50.503310)(7.581860,50.503310)
14309	292.000000	(7.581900,50.501380)(7.581660,50.502080)(7.581090,50.502550)
14310	354.000000	(7.578660,50.502790)(7.577520,50.504210)
14311	236.000000	(7.582790,50.501180)(7.584400,50.501430)
14312	32.000000	(7.583760,50.502510)(7.583660,50.502640)
14313	154.000000	(7.582550,50.503280)(7.582170,50.503930)
14314	132.000000	(7.577520,50.504210)(7.578390,50.504390)
14315	264.000000	(7.578310,50.501130)(7.579820,50.501810)
14316	98.000000	(7.582550,50.503280)(7.581860,50.503310)
14317	182.000000	(7.583440,50.503830)(7.582170,50.503930)
14318	96.000000	(7.579040,50.504290)(7.578390,50.504390)
14319	46.000000	(7.578390,50.504390)(7.578080,50.504460)
14320	196.000000	(7.580930,50.503560)(7.582170,50.503930)
14321	124.000000	(7.578660,50.502790)(7.579400,50.503080)
14322	92.000000	(7.579400,50.503080)(7.579940,50.503310)
14323	132.000000	(7.578310,50.501130)(7.578450,50.501720)
14324	240.000000	(7.578450,50.501720)(7.578660,50.502790)
14325	108.000000	(7.582050,50.500900)(7.581900,50.501380)
14326	140.000000	(7.584270,50.501620)(7.583720,50.502140)
14399	434.000000	(7.587630,50.471970)(7.588850,50.472620)(7.589720,50.473350)
14401	1188.000000	(7.588280,50.478960)(7.585100,50.480200)(7.584050,50.480770)(7.583910,50.481030)(7.583920,50.481370)(7.584360,50.482360)(7.584450,50.482780)
14402	2270.000000	(7.584450,50.482780)(7.584050,50.483150)(7.582380,50.483940)(7.581010,50.485590)(7.580940,50.485950)(7.581370,50.487450)(7.581320,50.488290)(7.581230,50.488590)(7.580260,50.489890)(7.580520,50.490160)(7.582060,50.490540)(7.582300,50.490940)(7.582310,50.491160)
14403	192.000000	(7.592570,50.473880)(7.592550,50.474040)(7.592390,50.474370)(7.592640,50.474670)
14404	118.000000	(7.593300,50.473720)(7.592570,50.473880)
14405	232.000000	(7.593300,50.473720)(7.592640,50.474670)
14406	182.000000	(7.592640,50.474670)(7.592040,50.475390)
14407	152.000000	(7.589920,50.475410)(7.589130,50.475830)
14408	330.000000	(7.590400,50.475420)(7.589600,50.475850)(7.589960,50.476620)
14409	76.000000	(7.589740,50.475100)(7.589780,50.475270)(7.589920,50.475410)
14410	68.000000	(7.589920,50.475410)(7.590400,50.475420)
14411	230.000000	(7.591790,50.475280)(7.591670,50.475440)(7.591090,50.475330)(7.590400,50.475420)
14412	214.000000	(7.589130,50.475830)(7.589960,50.476620)
14413	90.000000	(7.589130,50.475830)(7.589070,50.476020)(7.588880,50.476190)
14414	122.000000	(7.589960,50.476620)(7.590170,50.477150)
14415	44.000000	(7.591790,50.475280)(7.592040,50.475390)
14416	70.000000	(7.588430,50.476060)(7.588880,50.476190)
14417	44.000000	(7.590660,50.477380)(7.590850,50.477540)
14418	96.000000	(7.590170,50.477150)(7.590660,50.477380)
14419	376.000000	(7.590660,50.477380)(7.592870,50.477720)(7.593080,50.477610)
14420	310.000000	(7.590170,50.477150)(7.590170,50.477330)(7.589590,50.478170)(7.589230,50.478330)
14421	384.000000	(7.597980,50.477380)(7.598630,50.477950)(7.598640,50.478100)(7.598540,50.478380)(7.597900,50.478760)
14422	44.000000	(7.597980,50.477380)(7.597860,50.477520)
14423	100.000000	(7.597060,50.477020)(7.596820,50.477440)
14424	222.000000	(7.593680,50.476430)(7.594260,50.476100)(7.594150,50.476330)(7.594480,50.476460)
14425	334.000000	(7.594480,50.476460)(7.593380,50.476910)(7.592840,50.477480)
14426	150.000000	(7.594480,50.476460)(7.595520,50.476560)
14427	86.000000	(7.597990,50.476990)(7.598000,50.477310)(7.597980,50.477380)
14428	242.000000	(7.595710,50.476260)(7.594620,50.476140)(7.594480,50.476460)
14429	72.000000	(7.595710,50.476260)(7.595520,50.476560)
14430	364.000000	(7.596820,50.477440)(7.597000,50.477680)(7.597040,50.478070)(7.597460,50.478670)(7.597900,50.478760)
14431	212.000000	(7.597510,50.477840)(7.597640,50.478260)(7.597900,50.478760)
14432	270.000000	(7.595520,50.476560)(7.596820,50.477440)
14433	138.000000	(7.593960,50.478090)(7.594290,50.478670)
14434	150.000000	(7.592670,50.477930)(7.593660,50.478010)
14435	124.000000	(7.593080,50.477610)(7.593660,50.478010)
14436	18.000000	(7.593660,50.478010)(7.593710,50.478080)
14437	312.000000	(7.593960,50.478090)(7.594200,50.478220)(7.595160,50.478210)(7.595590,50.478710)
14438	36.000000	(7.593710,50.478080)(7.593960,50.478090)
14439	2112.000000	(7.601220,50.482650)(7.601190,50.482680)(7.602240,50.482970)(7.602950,50.482910)(7.601610,50.484280)(7.601630,50.484690)(7.601930,50.485220)(7.603280,50.485720)(7.605230,50.485440)(7.605520,50.486370)(7.605660,50.486330)(7.605590,50.486050)(7.605660,50.485840)(7.606020,50.485430)(7.606030,50.485280)(7.606260,50.484890)(7.606310,50.484430)(7.606340,50.484350)
14440	256.000000	(7.607990,50.484280)(7.607460,50.484130)(7.606340,50.484350)
14441	3098.000000	(7.607990,50.484280)(7.608110,50.485330)(7.608250,50.485590)(7.614360,50.492470)(7.615180,50.493280)(7.615310,50.493840)(7.615510,50.494260)(7.615150,50.494980)(7.615150,50.495100)(7.617620,50.495990)
14442	242.000000	(7.607570,50.483320)(7.607800,50.483360)(7.607910,50.483550)(7.607990,50.484280)
14443	304.000000	(7.607570,50.483320)(7.607510,50.483340)(7.607410,50.483640)(7.606410,50.484170)(7.606340,50.484350)
14444	1866.000000	(7.595590,50.478710)(7.595980,50.479110)(7.597570,50.479860)(7.599770,50.480140)(7.601840,50.479840)(7.602730,50.479980)(7.602970,50.480170)(7.603020,50.480370)(7.602960,50.480630)(7.602420,50.481130)(7.601420,50.481680)(7.601000,50.482300)(7.601080,50.482530)(7.601220,50.482650)
14445	7186.000000	(7.601220,50.482650)(7.602040,50.482840)(7.606550,50.482120)(7.610200,50.482010)(7.610350,50.482120)(7.610390,50.482320)(7.610010,50.483350)(7.610000,50.483690)(7.610130,50.483990)(7.611050,50.484610)(7.613960,50.484910)(7.614390,50.485240)(7.615060,50.486080)(7.615760,50.486420)(7.617870,50.486400)(7.620300,50.486900)(7.621250,50.486650)(7.623620,50.485410)(7.625620,50.485390)(7.628980,50.485740)(7.631860,50.485540)(7.632530,50.485890)(7.633370,50.486920)(7.633390,50.487360)(7.633360,50.487870)(7.633400,50.488240)(7.633850,50.488530)(7.634710,50.488550)(7.635970,50.488040)(7.636190,50.487740)(7.637120,50.487050)(7.637900,50.486100)(7.638980,50.485850)(7.639710,50.486040)
14447	456.000000	(7.627410,50.506790)(7.625490,50.507220)(7.624570,50.507680)
14448	362.000000	(7.627810,50.508750)(7.630050,50.509520)
14449	274.000000	(7.630050,50.509520)(7.629210,50.510630)
14450	1446.000000	(7.624450,50.496880)(7.632560,50.500770)
14451	984.000000	(7.617620,50.495990)(7.621590,50.497390)(7.623350,50.498400)
14452	880.000000	(7.623350,50.498400)(7.625620,50.499980)(7.627780,50.501140)
14453	300.000000	(7.625320,50.495650)(7.624450,50.496880)
14454	372.000000	(7.624450,50.496880)(7.623350,50.498400)
14455	72.000000	(7.632560,50.500770)(7.632960,50.500960)
14456	3238.000000	(7.605040,50.499580)(7.612320,50.502230)(7.618940,50.502240)(7.620100,50.502270)(7.620600,50.502750)(7.622490,50.503410)(7.625620,50.503200)
14464	226.000000	(7.632710,50.511120)(7.632020,50.512040)
14465	454.000000	(7.631430,50.507680)(7.630050,50.509520)
14466	260.000000	(7.632210,50.506620)(7.631430,50.507680)
14467	494.000000	(7.630050,50.509520)(7.633130,50.510530)
14468	318.000000	(7.629450,50.507020)(7.631430,50.507680)
14469	186.000000	(7.631530,50.510760)(7.632710,50.511120)
14470	358.000000	(7.633130,50.510530)(7.633750,50.510720)(7.634250,50.511200)(7.634670,50.511360)(7.634950,50.511150)
14471	144.000000	(7.633130,50.510530)(7.632710,50.511120)
14472	332.000000	(7.632210,50.506620)(7.629890,50.506640)
14473	146.000000	(7.629890,50.506640)(7.628870,50.506720)
14474	106.000000	(7.629890,50.506640)(7.629450,50.507020)
14475	450.000000	(7.629450,50.507020)(7.627810,50.508750)
14476	140.000000	(7.634950,50.511150)(7.634900,50.511780)
14477	60.000000	(7.629550,50.506510)(7.629890,50.506640)
14478	112.000000	(7.629550,50.506510)(7.628870,50.506720)
14479	178.000000	(7.636210,50.503390)(7.635980,50.504170)
14480	178.000000	(7.638930,50.501510)(7.637860,50.501900)
14481	168.000000	(7.634680,50.504960)(7.635840,50.505090)
14482	296.000000	(7.633800,50.499740)(7.632960,50.500960)
14483	24.000000	(7.634310,50.502890)(7.634470,50.502910)
14484	74.000000	(7.632090,50.504050)(7.632570,50.504180)
14485	138.000000	(7.637400,50.501350)(7.637860,50.501900)
14486	120.000000	(7.630940,50.502510)(7.631770,50.502580)
14487	252.000000	(7.635670,50.503070)(7.635720,50.503350)(7.635750,50.503820)(7.635980,50.504170)
14488	96.000000	(7.630940,50.502510)(7.630720,50.502920)
14489	64.000000	(7.635670,50.503070)(7.635360,50.503280)
14490	84.000000	(7.630180,50.503810)(7.629990,50.504170)
14491	230.000000	(7.632960,50.500960)(7.634480,50.501290)
14492	408.000000	(7.634480,50.501290)(7.636350,50.502180)(7.636460,50.502450)
14493	180.000000	(7.636460,50.502450)(7.636590,50.502810)(7.636680,50.503250)
14494	208.000000	(7.632960,50.500960)(7.632340,50.501810)
14495	182.000000	(7.634480,50.501290)(7.634280,50.502100)
14496	346.000000	(7.628060,50.502980)(7.630390,50.503410)
14497	92.000000	(7.627780,50.501140)(7.628210,50.501450)
14498	44.000000	(7.635660,50.502870)(7.635670,50.503070)
14499	390.000000	(7.627340,50.503740)(7.629990,50.504170)
14500	134.000000	(7.630720,50.502920)(7.631640,50.503030)
14501	132.000000	(7.632940,50.503640)(7.632570,50.504180)
14502	446.000000	(7.627340,50.503740)(7.627150,50.504210)(7.625280,50.504030)(7.625040,50.504260)
14503	312.000000	(7.632090,50.504050)(7.630630,50.504000)(7.629990,50.504170)
14504	232.000000	(7.632570,50.504180)(7.633490,50.504630)(7.633930,50.504690)
14505	118.000000	(7.630720,50.502920)(7.630390,50.503410)
14506	188.000000	(7.632940,50.503640)(7.632180,50.503720)(7.632090,50.504050)
14507	144.000000	(7.630390,50.503410)(7.631390,50.503440)
14508	282.000000	(7.635980,50.504170)(7.635230,50.504330)(7.634790,50.504730)(7.634680,50.504960)
14509	110.000000	(7.628450,50.502550)(7.628060,50.502980)
14510	182.000000	(7.626880,50.502700)(7.628060,50.502980)
14511	94.000000	(7.630390,50.503410)(7.630180,50.503810)
14512	172.000000	(7.629030,50.503570)(7.630180,50.503810)
14513	374.000000	(7.631770,50.502580)(7.634310,50.502890)
14514	178.000000	(7.626880,50.502700)(7.626160,50.503360)
14515	190.000000	(7.626160,50.503360)(7.627340,50.503740)
14516	320.000000	(7.634280,50.502100)(7.636460,50.502450)
14517	286.000000	(7.632340,50.501810)(7.634280,50.502100)
14518	182.000000	(7.634280,50.502100)(7.634140,50.502640)(7.634310,50.502890)
14519	420.000000	(7.634470,50.502910)(7.634600,50.503660)(7.633980,50.504420)(7.633930,50.504690)
14520	466.000000	(7.628210,50.501450)(7.629520,50.502200)(7.630940,50.502510)
14521	280.000000	(7.634470,50.502910)(7.632940,50.503640)
14522	76.000000	(7.633930,50.504690)(7.633970,50.504850)(7.633950,50.505030)
14523	336.000000	(7.628210,50.501450)(7.626880,50.502700)
14524	86.000000	(7.625620,50.503200)(7.626160,50.503360)
14525	52.000000	(7.628140,50.502420)(7.628450,50.502550)
14526	80.000000	(7.628450,50.502550)(7.628920,50.502740)
14527	206.000000	(7.635980,50.504170)(7.635860,50.504570)(7.635840,50.504810)(7.635840,50.505090)
14528	190.000000	(7.632340,50.501810)(7.631770,50.502580)
14529	106.000000	(7.634680,50.504960)(7.633950,50.505030)
14530	40.000000	(7.633950,50.505030)(7.633730,50.505140)
14531	138.000000	(7.628870,50.506720)(7.627910,50.506730)
14532	72.000000	(7.627910,50.506730)(7.627410,50.506790)
14533	110.000000	(7.627910,50.506730)(7.627580,50.507180)
14534	182.000000	(7.628170,50.505930)(7.627910,50.506730)
14535	644.000000	(7.628170,50.505930)(7.629420,50.505830)(7.632560,50.506360)
14536	208.000000	(7.631490,50.505450)(7.632940,50.505560)
14537	246.000000	(7.634200,50.506110)(7.632560,50.506360)
14538	148.000000	(7.633730,50.505140)(7.632940,50.505560)
14539	188.000000	(7.632940,50.505560)(7.632830,50.505660)(7.632670,50.506210)(7.632560,50.506360)
14540	80.000000	(7.632560,50.506360)(7.632210,50.506620)
14541	2372.000000	(7.660970,50.501820)(7.657910,50.502530)(7.644650,50.503070)
14544	112.000000	(7.636510,50.503320)(7.637260,50.503480)
14545	448.000000	(7.635840,50.505090)(7.638890,50.505530)
14546	522.000000	(7.642480,50.505420)(7.641960,50.505330)(7.638890,50.505530)
14547	152.000000	(7.642480,50.505420)(7.643060,50.505990)
14548	58.000000	(7.643970,50.506910)(7.644270,50.507080)
14549	210.000000	(7.644800,50.506150)(7.644310,50.506740)(7.643970,50.506910)
14550	196.000000	(7.639040,50.502490)(7.639180,50.503370)
14551	290.000000	(7.642350,50.504450)(7.644380,50.504470)
14552	186.000000	(7.644160,50.505550)(7.643060,50.505990)
14553	352.000000	(7.644650,50.503070)(7.642190,50.503210)
14554	216.000000	(7.642350,50.504450)(7.642440,50.505300)(7.642480,50.505420)
14555	180.000000	(7.638530,50.504810)(7.638920,50.505150)(7.638960,50.505390)(7.638890,50.505530)
14556	266.000000	(7.638390,50.502380)(7.637600,50.503460)
14557	216.000000	(7.638340,50.503420)(7.638480,50.504390)
14558	552.000000	(7.638480,50.504390)(7.642350,50.504450)
14559	134.000000	(7.642190,50.503210)(7.642270,50.503810)
14560	48.000000	(7.637600,50.503460)(7.637260,50.503480)
14561	94.000000	(7.638480,50.504390)(7.638480,50.504560)(7.638530,50.504810)
14562	114.000000	(7.639810,50.502370)(7.639040,50.502490)
14563	432.000000	(7.642190,50.503210)(7.639180,50.503370)
14564	106.000000	(7.638390,50.502380)(7.639040,50.502490)
14565	120.000000	(7.639180,50.503370)(7.638340,50.503420)
14566	484.000000	(7.637260,50.503480)(7.637210,50.503700)(7.637080,50.504710)(7.638530,50.504810)
14567	142.000000	(7.642270,50.503810)(7.642350,50.504450)
14568	328.000000	(7.644560,50.503690)(7.642270,50.503810)
14569	208.000000	(7.642270,50.503810)(7.640810,50.503840)
14570	106.000000	(7.638340,50.503420)(7.637600,50.503460)
14571	46.000000	(7.636510,50.503320)(7.636210,50.503390)
14572	28.000000	(7.636680,50.503250)(7.636510,50.503320)
14573	232.000000	(7.637720,50.505980)(7.637470,50.507010)
14574	86.000000	(7.643060,50.505990)(7.643370,50.506320)
14575	156.000000	(7.643370,50.506320)(7.643970,50.506910)
14576	126.000000	(7.643370,50.506320)(7.642620,50.506620)
14577	158.000000	(7.635590,50.506230)(7.636700,50.506280)
14578	20.000000	(7.643970,50.506910)(7.643970,50.507000)
14579	94.000000	(7.640890,50.506010)(7.640880,50.506430)
14580	198.000000	(7.643970,50.507000)(7.644330,50.507860)
14581	358.000000	(7.638350,50.508260)(7.638120,50.509530)(7.638030,50.509860)
14582	300.000000	(7.638790,50.506010)(7.640890,50.506010)
14583	184.000000	(7.643970,50.507000)(7.642680,50.507060)
14584	248.000000	(7.638780,50.506070)(7.638560,50.507180)
14585	330.000000	(7.634290,50.506610)(7.635070,50.506580)(7.636550,50.506820)
14586	454.000000	(7.641730,50.507090)(7.638560,50.507180)
14587	74.000000	(7.636620,50.505950)(7.636710,50.506210)(7.636700,50.506280)
14588	860.000000	(7.644330,50.507860)(7.638350,50.508260)
14589	134.000000	(7.642530,50.506020)(7.642620,50.506620)
14590	160.000000	(7.637470,50.507010)(7.638560,50.507180)
14591	98.000000	(7.642620,50.506620)(7.642680,50.507060)
14592	296.000000	(7.637470,50.507010)(7.637190,50.508330)
14593	144.000000	(7.633970,50.505310)(7.634890,50.505520)
14594	234.000000	(7.640890,50.506010)(7.642530,50.506020)
14595	242.000000	(7.638560,50.507180)(7.638350,50.508260)
14596	500.000000	(7.635860,50.508420)(7.635820,50.509170)(7.634850,50.510530)
14597	158.000000	(7.636620,50.505950)(7.637720,50.505980)
14598	508.000000	(7.634230,50.508310)(7.634180,50.508630)(7.634210,50.509260)(7.634470,50.509950)(7.634850,50.510530)
14599	142.000000	(7.634850,50.510530)(7.635000,50.510760)(7.634950,50.511150)
14600	136.000000	(7.642680,50.507060)(7.641730,50.507090)
14601	138.000000	(7.636520,50.506900)(7.637470,50.507010)
14602	338.000000	(7.636520,50.506900)(7.636230,50.507430)(7.635860,50.508360)
14603	14.000000	(7.635860,50.508360)(7.635860,50.508420)
14604	108.000000	(7.638890,50.505530)(7.638790,50.506010)
14605	120.000000	(7.634890,50.505520)(7.634720,50.506040)
14606	234.000000	(7.634230,50.508310)(7.635860,50.508360)
14607	14.000000	(7.638790,50.506010)(7.638780,50.506070)
14608	80.000000	(7.641730,50.506730)(7.641730,50.507090)
14609	154.000000	(7.637720,50.505980)(7.638780,50.506070)
14610	134.000000	(7.642480,50.505420)(7.642530,50.506020)
14611	182.000000	(7.633970,50.505310)(7.634190,50.505950)(7.634200,50.506110)
14612	378.000000	(7.634290,50.506610)(7.634340,50.507040)(7.634230,50.508310)
14613	112.000000	(7.634200,50.506110)(7.634290,50.506610)
14614	50.000000	(7.633730,50.505140)(7.633970,50.505310)
14615	42.000000	(7.640880,50.506430)(7.641180,50.506430)
14616	38.000000	(7.640880,50.506430)(7.640620,50.506440)
14617	1168.000000	(7.653420,50.490510)(7.653180,50.490570)(7.652880,50.491030)(7.652830,50.491370)(7.652690,50.491580)(7.652810,50.491820)(7.652940,50.492290)(7.653890,50.493660)(7.653940,50.493920)(7.653850,50.494060)(7.654320,50.494900)(7.654760,50.495210)
14618	990.000000	(7.658200,50.496820)(7.658730,50.497370)(7.658120,50.497840)(7.658700,50.498220)(7.660100,50.499580)(7.660420,50.500580)
14619	1496.000000	(7.661520,50.496160)(7.663270,50.497150)(7.663310,50.497300)(7.661750,50.498070)(7.663100,50.499610)(7.660420,50.500580)
14621	90.000000	(7.660240,50.495880)(7.660860,50.495900)
14622	162.000000	(7.658110,50.496230)(7.657120,50.496580)
14624	694.000000	(7.657120,50.496580)(7.657180,50.496700)(7.657180,50.497010)(7.657290,50.497320)(7.657510,50.498550)(7.657280,50.498800)(7.656900,50.498630)(7.656440,50.498200)
14625	168.000000	(7.659220,50.495980)(7.658110,50.496230)
14626	138.000000	(7.658110,50.496230)(7.658030,50.496620)(7.658200,50.496820)
14627	110.000000	(7.661210,50.495290)(7.660500,50.495470)
14628	148.000000	(7.660240,50.495880)(7.659220,50.495980)
14629	110.000000	(7.660860,50.495900)(7.661520,50.496160)
14630	250.000000	(7.660240,50.495880)(7.659940,50.496230)(7.660460,50.496850)
14631	98.000000	(7.660500,50.495470)(7.660900,50.495830)
14632	230.000000	(7.660500,50.495470)(7.659210,50.495900)(7.659220,50.495980)
14634	148.000000	(7.661780,50.495480)(7.660900,50.495830)
14635	234.000000	(7.659290,50.494770)(7.660500,50.495470)
14637	296.000000	(7.657080,50.494660)(7.657100,50.494720)(7.656460,50.495920)
14638	86.000000	(7.656680,50.496330)(7.657120,50.496580)
14639	236.000000	(7.656600,50.496550)(7.654960,50.496610)
14640	74.000000	(7.656600,50.496550)(7.657120,50.496580)
14641	182.000000	(7.654110,50.495840)(7.654870,50.496430)
14642	256.000000	(7.654870,50.496430)(7.656600,50.496550)
14643	146.000000	(7.654960,50.496610)(7.655890,50.496890)
14644	116.000000	(7.654760,50.495210)(7.655430,50.495500)
14645	232.000000	(7.656500,50.494720)(7.655430,50.495500)
14646	224.000000	(7.655430,50.495500)(7.655200,50.495740)(7.654870,50.496430)
14647	164.000000	(7.658190,50.494480)(7.657080,50.494660)
14648	118.000000	(7.655730,50.494570)(7.656500,50.494720)
14649	84.000000	(7.657080,50.494660)(7.656500,50.494720)
14650	64.000000	(7.654960,50.496610)(7.654520,50.496640)
14888	122.000000	(7.636700,50.506280)(7.636700,50.506440)(7.636550,50.506820)
14889	18.000000	(7.636550,50.506820)(7.636520,50.506900)
14890	166.000000	(7.638350,50.508260)(7.637190,50.508330)
14891	190.000000	(7.637190,50.508330)(7.635860,50.508420)
14892	178.000000	(7.635660,50.502870)(7.634470,50.502910)
14893	152.000000	(7.635660,50.502870)(7.636080,50.503050)(7.636210,50.503390)
14894	554.000000	(7.588330,50.472880)(7.587620,50.472390)(7.588160,50.472440)(7.589180,50.473190)(7.589720,50.473350)
14895	1182.000000	(7.588330,50.472880)(7.588660,50.473330)(7.588710,50.473550)(7.588690,50.473760)(7.588310,50.474510)(7.588400,50.474760)(7.589770,50.474330)(7.591930,50.474600)(7.592390,50.473980)(7.592570,50.473880)
14896	158.000000	(7.590310,50.472880)(7.590280,50.473130)(7.589720,50.473350)
14897	196.000000	(7.593970,50.472990)(7.593300,50.473720)
14898	542.000000	(7.593970,50.472990)(7.594050,50.473080)(7.594000,50.473270)(7.594050,50.473590)(7.593780,50.474000)(7.593780,50.474160)(7.594360,50.474770)(7.595070,50.474910)
14899	302.000000	(7.589740,50.475100)(7.591790,50.475280)
14900	506.000000	(7.588880,50.476190)(7.589350,50.476510)(7.589400,50.476670)(7.589320,50.477030)(7.589300,50.477350)(7.589350,50.477500)(7.589370,50.477820)(7.589320,50.478110)(7.589230,50.478330)
14901	200.000000	(7.589230,50.478330)(7.588280,50.478960)
14902	3452.000000	(7.596160,50.463120)(7.595810,50.463640)(7.595360,50.464020)(7.591350,50.465090)(7.591020,50.465300)(7.587650,50.469180)(7.586290,50.468950)(7.585000,50.469550)(7.584950,50.469680)(7.585150,50.469910)(7.587010,50.470420)(7.588710,50.471740)(7.590200,50.472680)(7.590310,50.472880)
14903	178.000000	(7.603840,50.509810)(7.604330,50.510550)
14904	216.000000	(7.603220,50.508920)(7.603840,50.509810)
14905	178.000000	(7.603840,50.509810)(7.602660,50.510070)
14906	292.000000	(7.611910,50.511990)(7.612090,50.512410)(7.612010,50.512640)(7.611260,50.513050)
14907	244.000000	(7.611260,50.513050)(7.610460,50.514020)
14908	248.000000	(7.609720,50.512540)(7.611260,50.513050)
14909	182.000000	(7.609720,50.512540)(7.609120,50.513260)
14910	258.000000	(7.611910,50.511990)(7.610120,50.512050)
14911	340.000000	(7.610120,50.512050)(7.609540,50.512010)(7.608070,50.512640)
14914	140.000000	(7.579590,50.502230)(7.580380,50.502610)
14915	44.000000	(7.580380,50.502610)(7.580620,50.502740)
14916	168.000000	(7.580380,50.502610)(7.579940,50.503310)
14917	960.000000	(7.591460,50.501840)(7.589670,50.501660)(7.588480,50.502020)(7.588250,50.502280)(7.587890,50.502870)(7.585960,50.503300)
20158	296.000000	(7.625360,50.466480)(7.623720,50.467290)
20159	224.000000	(7.627330,50.467170)(7.626010,50.467720)
20161	300.000000	(7.623720,50.467290)(7.624890,50.468410)
20163	212.000000	(7.623720,50.467290)(7.623100,50.467570)(7.622370,50.467610)
20164	96.000000	(7.618450,50.469300)(7.618040,50.469640)
20165	148.000000	(7.620920,50.468900)(7.620440,50.469490)
20166	62.000000	(7.622470,50.468050)(7.622840,50.468200)
20168	192.000000	(7.626470,50.466420)(7.625640,50.466670)(7.625360,50.466480)
20169	214.000000	(7.625120,50.466940)(7.626010,50.467720)
20170	110.000000	(7.620450,50.468060)(7.620360,50.468550)
20171	298.000000	(7.622840,50.468200)(7.624890,50.468410)
20172	78.000000	(7.623010,50.469300)(7.623170,50.469640)
20173	256.000000	(7.622840,50.468200)(7.622680,50.468380)(7.623010,50.469300)
20174	74.000000	(7.620440,50.469490)(7.620220,50.469790)
20175	112.000000	(7.618040,50.469640)(7.617930,50.470140)
20176	188.000000	(7.626010,50.467720)(7.626740,50.468420)
20177	246.000000	(7.621200,50.468620)(7.621960,50.468930)(7.622200,50.469430)
20178	74.000000	(7.621200,50.468620)(7.620920,50.468900)
20180	116.000000	(7.621570,50.468150)(7.621200,50.468620)
20181	134.000000	(7.624810,50.465990)(7.625360,50.466480)
20182	76.000000	(7.617520,50.469590)(7.618040,50.469640)
20183	264.000000	(7.618680,50.468660)(7.617520,50.469590)
20184	162.000000	(7.620450,50.468060)(7.621570,50.468150)
20185	94.000000	(7.622300,50.466210)(7.622850,50.466440)
20186	44.000000	(7.624020,50.465560)(7.624260,50.465690)
20187	118.000000	(7.629140,50.466470)(7.629830,50.466760)
20188	218.000000	(7.628680,50.464140)(7.629840,50.464780)
20189	122.000000	(7.629840,50.464780)(7.630350,50.465220)
20190	302.000000	(7.629140,50.466470)(7.627330,50.467170)
20191	124.000000	(7.631610,50.464560)(7.632130,50.465010)
20192	82.000000	(7.628970,50.465450)(7.629400,50.465700)
20193	32.000000	(7.623480,50.465730)(7.623330,50.465840)
20194	152.000000	(7.625850,50.465860)(7.626470,50.466420)
20195	326.000000	(7.626100,50.464100)(7.625960,50.464700)(7.625540,50.465250)(7.625230,50.465390)
20196	186.000000	(7.628970,50.465450)(7.627830,50.465850)
20197	236.000000	(7.632800,50.465610)(7.631380,50.466150)
20198	122.000000	(7.630560,50.466470)(7.629830,50.466760)
20199	206.000000	(7.626470,50.466420)(7.627330,50.467170)
20200	122.000000	(7.626820,50.464480)(7.627500,50.464820)
20201	164.000000	(7.632130,50.465010)(7.632800,50.465610)
20202	160.000000	(7.630740,50.465560)(7.631380,50.466150)
20203	124.000000	(7.623330,50.465840)(7.623890,50.466250)
20204	360.000000	(7.629830,50.466760)(7.628150,50.467960)
20205	72.000000	(7.628150,50.467960)(7.628460,50.468220)
20206	300.000000	(7.626820,50.464480)(7.626610,50.465270)(7.626200,50.465750)
20207	234.000000	(7.632130,50.465010)(7.630740,50.465560)
20208	154.000000	(7.625230,50.465390)(7.624260,50.465690)
20209	100.000000	(7.624260,50.465690)(7.624730,50.466020)
20210	124.000000	(7.623330,50.465840)(7.623030,50.466360)
20211	136.000000	(7.627090,50.465470)(7.627830,50.465850)
20212	238.000000	(7.629400,50.465700)(7.630560,50.466470)
20213	136.000000	(7.631380,50.466150)(7.630560,50.466470)
20214	212.000000	(7.620270,50.467180)(7.619490,50.467990)
20215	202.000000	(7.622220,50.465330)(7.623480,50.465730)
20216	232.000000	(7.627830,50.465850)(7.629140,50.466470)
20217	232.000000	(7.627830,50.465850)(7.626470,50.466420)
20218	260.000000	(7.627140,50.463330)(7.626820,50.464480)
20219	116.000000	(7.628400,50.465080)(7.628970,50.465450)
20220	46.000000	(7.632300,50.464830)(7.632130,50.465010)
20221	94.000000	(7.630350,50.465220)(7.630740,50.465560)
20222	172.000000	(7.630350,50.465220)(7.629400,50.465700)
20223	210.000000	(7.627330,50.467170)(7.628150,50.467960)
20224	242.000000	(7.631450,50.464440)(7.629840,50.464780)
20225	130.000000	(7.624730,50.466020)(7.623890,50.466250)
20226	208.000000	(7.630400,50.463790)(7.631450,50.464440)
20227	70.000000	(7.631920,50.464340)(7.631450,50.464440)
20228	126.000000	(7.623890,50.466250)(7.623030,50.466360)
20229	18.000000	(7.619370,50.467980)(7.619490,50.467990)
20230	138.000000	(7.619490,50.467990)(7.620450,50.468060)
20231	100.000000	(7.632800,50.465610)(7.633230,50.465960)
20232	330.000000	(7.622410,50.463550)(7.621870,50.463260)(7.620940,50.463220)(7.620660,50.463620)
20233	114.000000	(7.622410,50.463550)(7.622470,50.463580)(7.622190,50.464010)
20235	18.000000	(7.621880,50.461070)(7.622000,50.461100)
20236	46.000000	(7.623010,50.462760)(7.623040,50.462970)
20238	330.000000	(7.626740,50.461950)(7.628780,50.462600)
20239	106.000000	(7.628120,50.463830)(7.628680,50.464140)
20240	156.000000	(7.624570,50.464830)(7.625230,50.465390)
20241	248.000000	(7.621560,50.461600)(7.622880,50.462330)
20242	272.000000	(7.626740,50.461950)(7.626380,50.462460)(7.625880,50.463020)
20243	210.000000	(7.623650,50.462510)(7.625040,50.462820)
20244	190.000000	(7.624570,50.464830)(7.624350,50.464970)(7.624290,50.465350)(7.624020,50.465560)
20245	362.000000	(7.625720,50.461220)(7.623670,50.461340)(7.623300,50.461500)
20246	12.000000	(7.621500,50.461560)(7.621560,50.461600)
20247	278.000000	(7.622920,50.464190)(7.624570,50.464830)
20248	272.000000	(7.622920,50.464190)(7.622220,50.465330)
20249	50.000000	(7.622880,50.462330)(7.623190,50.462430)
20250	112.000000	(7.622190,50.464010)(7.622920,50.464190)
20251	206.000000	(7.622000,50.461100)(7.623300,50.461500)
20252	198.000000	(7.623300,50.461500)(7.622960,50.461900)(7.622880,50.462330)
20253	354.000000	(7.623990,50.463750)(7.625130,50.464400)(7.625080,50.464600)(7.624570,50.464830)
20254	68.000000	(7.623190,50.462430)(7.623650,50.462510)
20255	78.000000	(7.623190,50.462430)(7.623010,50.462760)
20256	128.000000	(7.625040,50.462820)(7.625880,50.463020)
20257	246.000000	(7.625120,50.461730)(7.625200,50.462460)(7.625040,50.462820)
20258	178.000000	(7.627140,50.463330)(7.628120,50.463830)
20259	110.000000	(7.626430,50.463150)(7.627140,50.463330)
20260	140.000000	(7.628750,50.463350)(7.628120,50.463830)
20261	216.000000	(7.626430,50.463150)(7.626100,50.464100)
20262	84.000000	(7.622550,50.460970)(7.622000,50.461100)
20263	258.000000	(7.630400,50.463790)(7.628680,50.464140)
20264	84.000000	(7.625880,50.463020)(7.626430,50.463150)
20265	90.000000	(7.620070,50.463470)(7.620660,50.463620)
20271	136.000000	(7.631920,50.464340)(7.631900,50.464480)(7.632300,50.464830)
20272	216.000000	(7.629840,50.464780)(7.628400,50.465080)
20273	206.000000	(7.628400,50.465080)(7.627090,50.465470)
20274	142.000000	(7.627090,50.465470)(7.626200,50.465750)
20275	152.000000	(7.625850,50.465860)(7.624810,50.465990)
20276	56.000000	(7.626200,50.465750)(7.625850,50.465860)
20277	14.000000	(7.624810,50.465990)(7.624730,50.466020)
20278	34.000000	(7.623030,50.466360)(7.622850,50.466440)
20279	282.000000	(7.622850,50.466440)(7.622320,50.466990)(7.622280,50.467230)(7.622370,50.467610)
20280	174.000000	(7.622470,50.468050)(7.622510,50.468220)(7.621570,50.468150)
20281	98.000000	(7.622370,50.467610)(7.622470,50.468050)
20282	226.000000	(7.628150,50.467960)(7.626740,50.468420)
20283	288.000000	(7.624890,50.468410)(7.625990,50.468600)(7.626740,50.468420)
20284	242.000000	(7.625120,50.461730)(7.626740,50.461950)
20285	306.000000	(7.625120,50.461730)(7.624200,50.461860)(7.623650,50.462510)
20288	280.000000	(7.628630,50.462630)(7.627530,50.462930)(7.627140,50.463330)
20289	22.000000	(7.628780,50.462600)(7.628630,50.462630)
20290	120.000000	(7.623010,50.469300)(7.622200,50.469430)
20291	294.000000	(7.622200,50.469430)(7.620220,50.469790)
20297	68.000000	(7.609910,50.470320)(7.610210,50.470560)
20365	76.000000	(7.623040,50.462970)(7.623170,50.463300)
20366	202.000000	(7.623170,50.463300)(7.623180,50.463350)(7.623160,50.463550)(7.622920,50.464190)
20367	328.000000	(7.620740,50.462570)(7.623010,50.462760)
20368	388.000000	(7.616660,50.467900)(7.619370,50.467980)
20369	196.000000	(7.618950,50.466940)(7.620270,50.467180)
20370	274.000000	(7.617520,50.469590)(7.616200,50.470490)
20371	56.000000	(7.616200,50.470490)(7.615880,50.470630)
20372	400.000000	(7.620920,50.468900)(7.619040,50.468870)(7.618450,50.469300)
20373	314.000000	(7.618040,50.469640)(7.620220,50.469790)
20374	288.000000	(7.618450,50.469300)(7.620440,50.469490)
20375	154.000000	(7.620220,50.469790)(7.619780,50.470300)(7.619800,50.470410)
20378	86.000000	(7.629370,50.462540)(7.628780,50.462600)
20512	38.000000	(7.623790,50.465470)(7.624020,50.465560)
20513	72.000000	(7.623790,50.465470)(7.623480,50.465730)
20523	156.000000	(7.620660,50.463620)(7.621680,50.463880)
20958	614.000000	(7.625720,50.461220)(7.626540,50.461250)(7.629370,50.462540)
20960	92.000000	(7.614170,50.473040)(7.614570,50.473360)
20961	120.000000	(7.615790,50.473540)(7.615100,50.473760)
20962	592.000000	(7.609520,50.471650)(7.612400,50.473560)
20963	192.000000	(7.611120,50.474530)(7.610080,50.475070)
20964	300.000000	(7.613630,50.471930)(7.614130,50.472450)(7.613830,50.472730)(7.614170,50.473040)
20965	138.000000	(7.611400,50.474410)(7.611650,50.474730)(7.612060,50.474700)
20966	70.000000	(7.614960,50.473170)(7.614570,50.473360)
20967	96.000000	(7.614180,50.474130)(7.613590,50.474340)
20968	136.000000	(7.615100,50.473760)(7.615700,50.474230)
20969	92.000000	(7.615100,50.473760)(7.614570,50.474000)
20970	98.000000	(7.615970,50.474150)(7.616230,50.474340)(7.616000,50.474460)
20971	66.000000	(7.614530,50.472850)(7.614170,50.473040)
20972	342.000000	(7.612120,50.474480)(7.612820,50.474910)(7.613380,50.475450)(7.613740,50.475540)
20973	264.000000	(7.613740,50.475540)(7.614500,50.475830)(7.614880,50.476390)
20974	50.000000	(7.612120,50.474480)(7.612060,50.474700)
20975	318.000000	(7.612740,50.473060)(7.614180,50.474130)
20976	118.000000	(7.613590,50.474340)(7.613990,50.474810)
20977	54.000000	(7.612060,50.474700)(7.612190,50.474930)
20978	116.000000	(7.614570,50.473360)(7.615100,50.473760)
20979	108.000000	(7.613590,50.474340)(7.612910,50.474560)
20980	390.000000	(7.611780,50.476440)(7.612400,50.478150)
20981	242.000000	(7.614880,50.476390)(7.615580,50.477380)
20982	50.000000	(7.612790,50.472840)(7.612740,50.473060)
20983	232.000000	(7.610990,50.471270)(7.609520,50.471650)
20984	434.000000	(7.610990,50.471270)(7.612790,50.472840)
20985	116.000000	(7.609520,50.471650)(7.608780,50.471870)
20986	88.000000	(7.611530,50.471080)(7.610990,50.471270)
20987	84.000000	(7.613630,50.471930)(7.613230,50.472210)
20988	48.000000	(7.611400,50.474410)(7.611120,50.474530)
20989	62.000000	(7.614570,50.474000)(7.614180,50.474130)
20990	102.000000	(7.610210,50.470560)(7.610630,50.470930)
20991	92.000000	(7.610630,50.470930)(7.610990,50.471270)
20992	42.000000	(7.615970,50.474150)(7.615700,50.474230)
20993	66.000000	(7.615700,50.474230)(7.616000,50.474460)
20994	126.000000	(7.612740,50.473060)(7.612550,50.473490)(7.612400,50.473560)
21010	250.000000	(7.615270,50.474990)(7.613740,50.475540)
21011	246.000000	(7.614180,50.474130)(7.615270,50.474990)
21012	70.000000	(7.614230,50.471520)(7.613850,50.471720)
21013	56.000000	(7.613850,50.471720)(7.613630,50.471930)
21385	700.000000	(7.610080,50.475070)(7.606350,50.477120)
21386	434.000000	(7.611120,50.474530)(7.611320,50.475230)(7.611780,50.476440)
22926	246.000000	(7.609120,50.513260)(7.610400,50.514000)
22927	10.000000	(7.610400,50.514000)(7.610460,50.514020)
24673	524.000000	(7.592040,50.475390)(7.592700,50.476120)(7.592660,50.476330)(7.592430,50.476740)(7.592390,50.476960)(7.592440,50.477160)(7.592840,50.477480)
24674	44.000000	(7.592840,50.477480)(7.593080,50.477610)
24744	96.000000	(7.582590,50.500250)(7.582880,50.500640)
24745	178.000000	(7.582880,50.500640)(7.584110,50.500780)
24746	178.000000	(7.582590,50.500250)(7.582150,50.500460)(7.582050,50.500900)
24747	412.000000	(7.585000,50.500170)(7.584340,50.500030)(7.584150,50.500310)(7.582920,50.500090)(7.582590,50.500250)
24748	658.000000	(7.600020,50.504000)(7.598880,50.504430)(7.599600,50.505770)(7.600050,50.506400)
24749	174.000000	(7.601220,50.506180)(7.600050,50.506400)
24750	3504.000000	(7.590740,50.489510)(7.591680,50.492300)(7.592410,50.493440)(7.594230,50.495610)(7.594410,50.496380)(7.595770,50.498700)(7.600020,50.504000)
24751	520.000000	(7.600020,50.504000)(7.600980,50.505210)(7.601220,50.506180)
24879	344.000000	(7.637860,50.501900)(7.636680,50.503250)
24880	200.000000	(7.635910,50.505180)(7.636620,50.505950)
24881	22.000000	(7.635840,50.505090)(7.635910,50.505180)
24882	166.000000	(7.635910,50.505180)(7.634890,50.505520)
24905	156.000000	(7.606720,50.510850)(7.607770,50.510950)
24906	66.000000	(7.610120,50.512050)(7.609910,50.512310)
24907	58.000000	(7.609910,50.512310)(7.609720,50.512540)
24908	62.000000	(7.612610,50.516390)(7.613000,50.516520)
24909	72.000000	(7.608530,50.516640)(7.608910,50.516850)
24910	188.000000	(7.606830,50.514330)(7.606580,50.514850)(7.606510,50.515150)
24911	300.000000	(7.603150,50.514500)(7.603550,50.515220)(7.603630,50.515580)(7.603800,50.515770)
24912	30.000000	(7.603800,50.515770)(7.604010,50.515780)
24913	308.000000	(7.603800,50.515770)(7.603630,50.515980)(7.603350,50.516600)(7.603220,50.517100)
24919	448.000000	(7.582990,50.496120)(7.582770,50.496350)(7.582750,50.496560)(7.582960,50.497030)(7.582960,50.497440)(7.582590,50.498020)
24920	858.000000	(7.582590,50.498020)(7.582300,50.498480)(7.582230,50.498880)(7.581160,50.499820)(7.580520,50.500590)(7.579400,50.500540)(7.579230,50.500680)
24921	26.000000	(7.582640,50.505140)(7.582540,50.505240)
24922	38.000000	(7.582380,50.505120)(7.582640,50.505140)
25164	292.000000	(7.587480,50.475260)(7.587460,50.475770)(7.587590,50.475920)(7.588070,50.475870)(7.588430,50.476060)
25165	286.000000	(7.589740,50.475100)(7.588430,50.476060)
26111	116.000000	(7.611880,50.474000)(7.611400,50.474410)
26112	114.000000	(7.611880,50.474000)(7.612120,50.474480)
26113	122.000000	(7.612400,50.473560)(7.611880,50.474000)
26116	678.000000	(7.616660,50.467900)(7.615140,50.468080)(7.613320,50.468480)(7.612080,50.468330)
26117	1622.000000	(7.605970,50.462750)(7.608630,50.464040)(7.609450,50.464730)(7.609580,50.465060)(7.609680,50.465850)(7.609640,50.466530)(7.609890,50.467000)(7.610860,50.467830)(7.612080,50.468330)
26124	120.000000	(7.621560,50.461600)(7.621180,50.462080)
26130	246.000000	(7.629210,50.463000)(7.630400,50.463790)
26131	116.000000	(7.628630,50.462630)(7.629210,50.463000)
26132	510.000000	(7.623040,50.462970)(7.623970,50.463150)(7.626100,50.464100)
26133	30.000000	(7.626100,50.464100)(7.626250,50.464200)
26134	102.000000	(7.626250,50.464200)(7.626820,50.464480)
26310	184.000000	(7.620810,50.464040)(7.620370,50.464220)(7.620320,50.464370)(7.620320,50.464540)(7.620530,50.464650)
26311	78.000000	(7.621680,50.463880)(7.622190,50.464010)
26312	134.000000	(7.621680,50.463880)(7.620810,50.464040)
26313	316.000000	(7.620530,50.464650)(7.619890,50.465740)(7.620240,50.465870)
26314	118.000000	(7.621600,50.464420)(7.620930,50.464720)
26315	60.000000	(7.620530,50.464650)(7.620930,50.464720)
26316	322.000000	(7.620930,50.464720)(7.621280,50.464940)(7.620580,50.465960)
26317	246.000000	(7.622220,50.465330)(7.621870,50.465510)(7.621210,50.466190)
26318	258.000000	(7.621210,50.466190)(7.620270,50.467180)
26319	52.000000	(7.620240,50.465870)(7.620580,50.465960)
26320	104.000000	(7.620580,50.465960)(7.621210,50.466190)
26321	154.000000	(7.620240,50.465870)(7.619760,50.466490)
26471	80.000000	(7.593050,50.451910)(7.592980,50.452030)(7.593250,50.452090)
26472	26.000000	(7.593220,50.451900)(7.593050,50.451910)
26473	52.000000	(7.593220,50.451900)(7.593330,50.451990)(7.593250,50.452090)
26474	186.000000	(7.592270,50.451240)(7.593050,50.451910)
26475	108.000000	(7.593250,50.452090)(7.593700,50.452480)
27021	564.000000	(7.594010,50.478760)(7.594450,50.479910)(7.595440,50.481100)
27022	284.000000	(7.595440,50.481100)(7.596030,50.481880)(7.595860,50.482260)
27023	474.000000	(7.595860,50.482260)(7.594640,50.483120)(7.594460,50.483530)(7.594410,50.484070)
27024	366.000000	(7.595680,50.485710)(7.596020,50.485840)(7.596060,50.486130)(7.594850,50.486910)
27025	476.000000	(7.594410,50.484070)(7.594510,50.485070)(7.594660,50.485480)(7.595680,50.485710)
27026	232.000000	(7.594850,50.486910)(7.594220,50.487380)(7.593930,50.487760)
27027	320.000000	(7.593930,50.487760)(7.593750,50.488150)(7.593700,50.488400)(7.593700,50.488530)(7.593970,50.489160)
27028	442.000000	(7.594090,50.490560)(7.593780,50.491230)(7.593870,50.491480)(7.594480,50.492100)(7.594590,50.492390)
27029	2560.000000	(7.595350,50.494960)(7.595540,50.495180)(7.596360,50.496680)(7.598230,50.498820)(7.598600,50.499780)(7.600380,50.501680)(7.601940,50.502280)(7.602310,50.502680)(7.602860,50.503580)(7.603720,50.504260)(7.603600,50.504780)
27030	716.000000	(7.603600,50.504780)(7.602230,50.506550)(7.602120,50.506850)(7.602120,50.507150)(7.602440,50.507750)
27031	332.000000	(7.593970,50.489160)(7.594410,50.490010)(7.594380,50.490210)(7.594090,50.490560)
27032	588.000000	(7.594590,50.492390)(7.594640,50.492530)(7.594600,50.492820)(7.594590,50.493100)(7.594620,50.493420)(7.595350,50.494960)
27033	372.000000	(7.606580,50.515550)(7.607390,50.517140)
27034	90.000000	(7.606510,50.515150)(7.606520,50.515340)(7.606580,50.515550)
28774	1102.000000	(7.621840,50.509430)(7.614670,50.511260)
28775	148.000000	(7.614670,50.511260)(7.613740,50.511540)
28776	46.000000	(7.613740,50.511540)(7.613420,50.511580)
28777	104.000000	(7.614320,50.511270)(7.613740,50.511540)
28778	52.000000	(7.614670,50.511260)(7.614320,50.511270)
28779	346.000000	(7.624570,50.507680)(7.623000,50.508870)
28780	208.000000	(7.623000,50.508870)(7.621840,50.509430)
28781	842.000000	(7.627810,50.508750)(7.625850,50.508160)(7.624660,50.508310)(7.623710,50.509150)(7.623000,50.508870)
28782	286.000000	(7.660420,50.500580)(7.660970,50.501820)
end {BasicAreas}

begin {AdjacencyList}
0011	14059
0011	14085
0011	14086
0011	14904
0015	24920
0015	14261
0021	0022
0021	14140
0022	14018
0115	14436
0115	14438
0115	27021
0118	20982
0118	20984
0118	20987
0119	14416
0119	25164
0119	25165
0126	20183
0126	20229
0126	20368
0127	14622
0127	14624
0127	14638
0127	14640
0127	14647
0128	13304
0128	13242
0128	21012
0129	14898
0129	0130
0130	20985
6087	14902
6087	6131
6108	6116
6108	6123
6108	11595
6116	6123
6116	11594
6123	6138
6123	6146
6131	6151
6138	6150
6138	6146
6146	6177
6146	11597
6150	6151
6150	12116
6151	12116
6170	6176
6170	11594
6170	12280
6176	6177
6176	6211
6176	11594
6176	12280
6177	11597
6177	6211
6191	6192
6191	6202
6191	6207
6191	11596
6191	12116
6192	6202
6202	6212
6207	11596
6207	12116
6207	6223
6207	6224
6211	6221
6211	6222
6212	6241
6221	6222
6221	6228
6221	6270
6222	6223
6222	12118
6223	6224
6223	12118
6228	6270
6228	6232
6231	6232
6231	6267
6231	12117
6232	6267
6240	6241
6240	6242
6240	6255
6240	6243
6240	6261
6241	6242
6241	6255
6242	6255
6243	6261
6243	6269
6243	11598
6252	6268
6252	6277
6252	11640
6252	12118
6255	6262
6255	6272
6261	6262
6261	6289
6261	6294
6262	6272
6262	6289
6262	6294
6266	6267
6266	6319
6267	6319
6268	6269
6268	6288
6268	6277
6269	6288
6269	11598
6270	6271
6270	6311
6271	6276
6271	6311
6272	6295
6276	6277
6276	6283
6277	6283
6283	6297
6283	6312
6288	6289
6288	6340
6289	6294
6289	6340
6294	6295
6294	6324
6295	6324
6297	6312
6311	6312
6311	6320
6311	6370
6312	6320
6312	6370
6318	6327
6318	6343
6318	6325
6318	6354
6319	6320
6319	6323
6320	6370
6320	6323
6323	6335
6323	6364
6324	6325
6324	6341
6325	6354
6325	6341
6327	6355
6327	6343
6335	6364
6335	6342
6335	6372
6340	6345
6340	6352
6341	6359
6341	6396
6342	6372
6344	6345
6345	6352
6348	12117
6352	6358
6352	6362
6358	6359
6358	6403
6358	6362
6359	6396
6359	6403
6362	6390
6364	6369
6364	6371
6369	6370
6369	6389
6369	6371
6370	6389
6371	6373
6371	6388
6372	6373
6372	6376
6373	6388
6373	6376
6390	12119
6390	12120
6391	6397
6391	6429
6396	6397
6396	6404
6397	6429
6397	6404
6403	6404
6403	6413
6403	6422
6404	6413
6404	6422
6413	6432
6413	6433
6413	6422
6419	6424
6419	6426
6422	6447
6422	12120
6423	6424
6423	6430
6424	6426
6424	6430
6429	6430
6429	6435
6429	6437
6430	6435
6430	6437
6432	6436
6432	6452
6432	6433
6433	6448
6433	6451
6435	6473
6435	6437
6436	6437
6436	6442
6436	6446
6436	6452
6437	6442
6437	6446
6439	6463
6439	6474
6442	6446
6442	6460
6446	26475
6447	6448
6447	6464
6447	6494
6447	12120
6448	6451
6448	6464
6448	6494
6451	6452
6451	6459
6452	6459
6459	6460
6459	6483
6460	6483
6463	6464
6463	6475
6463	6497
6463	6474
6464	6494
6464	6475
6464	6497
6473	6482
6474	6475
6474	6496
6475	6497
6475	6496
6482	6502
6483	6488
6483	6503
6488	6503
6488	6495
6488	6511
6494	6495
6494	6508
6495	6511
6495	6508
6496	6497
6496	6508
6497	6508
6501	6502
6501	6534
6501	6510
6501	26474
6502	6534
6503	6509
6503	6516
6509	6510
6509	6544
6509	6516
6510	26474
6510	6544
6511	6512
6534	6541
6534	6544
6541	6544
11594	12280
11596	12116
11596	11597
11598	11640
11598	11641
11640	11641
11640	12118
12119	12120
12280	26117
12750	14074
12750	14100
12750	14087
12750	14105
12750	28776
13242	21012
13242	20371
13304	26116
13304	26117
13432	13433
13432	14650
13433	14480
14018	14259
14022	24919
14022	14023
14023	14402
14055	24750
14056	24749
14056	24751
14056	14057
14056	14058
14057	14058
14058	14059
14058	27030
14059	27030
14062	14138
14062	24912
14062	14247
14062	14249
14066	14115
14066	14132
14071	14072
14071	14073
14072	14075
14072	14073
14074	14100
14074	14076
14074	14080
14075	14079
14075	14081
14076	14080
14077	14082
14077	14084
14077	14096
14077	14079
14077	14080
14078	14083
14078	14086
14079	14081
14079	14080
14081	14083
14081	14084
14081	14091
14082	14084
14082	14096
14083	14086
14083	14084
14083	14091
14084	14091
14084	14096
14085	14086
14085	14904
14086	14904
14087	14105
14087	28776
14088	14089
14088	14092
14088	14096
14088	24905
14089	14092
14090	14093
14090	14095
14091	14094
14091	14095
14092	14097
14092	14098
14092	14099
14093	14097
14093	14903
14093	14095
14094	14095
14096	24905
14097	14903
14097	14098
14097	14099
14098	14099
14098	14102
14098	14109
14098	14137
14100	14104
14100	14111
14101	14102
14101	14111
14101	24905
14101	14106
14101	14108
14102	14109
14102	14137
14102	14111
14102	24905
14103	14109
14103	14110
14104	14111
14105	14106
14105	14906
14105	14910
14105	28776
14106	14108
14106	14906
14106	14910
14107	14110
14107	14134
14107	14108
14107	14123
14108	14123
14109	14137
14109	14110
14110	14134
14111	24905
14114	14126
14114	14128
14114	22926
14114	22927
14115	14125
14115	14130
14115	14132
14116	14122
14116	14133
14116	14117
14116	14119
14117	14122
14117	24909
14117	14119
14118	14119
14118	14120
14118	14128
14118	14121
14118	14129
14118	24908
14119	14120
14119	14128
14120	14131
14120	14133
14120	14128
14121	14129
14121	24908
14122	14133
14122	24909
14123	14124
14123	14911
14124	14911
14124	14909
14124	22926
14125	14130
14126	14128
14126	14129
14126	14132
14127	14134
14127	14135
14129	24908
14129	14132
14130	14907
14130	22927
14131	14135
14131	24910
14131	14133
14134	14135
14135	24910
14136	14137
14136	14138
14137	14138
14138	24912
14139	14140
14139	24911
14140	24911
14243	14445
14243	14245
14244	14246
14244	14648
14245	14246
14247	14249
14248	14249
14248	14251
14249	14251
14250	24910
14250	27034
14258	14259
14258	14306
14260	14268
14260	14311
14260	24744
14260	24745
14261	14262
14261	14263
14261	14284
14262	14263
14262	14284
14262	14295
14262	14309
14263	14284
14263	14290
14263	14915
14264	14266
14264	14286
14264	14296
14264	14282
14264	14297
14265	14272
14265	14273
14265	14275
14265	14317
14266	14286
14266	14296
14266	14267
14266	14272
14267	14313
14267	14316
14267	14272
14268	14309
14268	14325
14268	14311
14269	14270
14269	14311
14269	14301
14269	14304
14270	14278
14270	14326
14270	14311
14271	14285
14271	14286
14271	14277
14271	14280
14272	14273
14274	14321
14274	14322
14274	14289
14274	14302
14274	14914
14275	14317
14275	14276
14275	14277
14276	14306
14276	14307
14276	14277
14277	14280
14278	14326
14279	14282
14279	14326
14280	14917
14281	14292
14281	14294
14281	14293
14281	14307
14282	14297
14282	14326
14283	14285
14283	14312
14284	14289
14284	14315
14285	14286
14285	14312
14286	14296
14287	14288
14287	14298
14287	14294
14287	14313
14287	14317
14287	14320
14288	14291
14288	14318
14288	14298
14289	14302
14289	14914
14289	14315
14290	14915
14290	14308
14290	14316
14291	14318
14291	14300
14291	14305
14292	14293
14292	24921
14292	24922
14292	14294
14293	24921
14293	24922
14293	14307
14294	14313
14294	14317
14294	14320
14295	14309
14295	14296
14295	14297
14296	14297
14298	14303
14298	14320
14299	14310
14299	14314
14300	14305
14301	24745
14301	14304
14302	14323
14302	14324
14302	14914
14303	14305
14303	14322
14303	14916
14303	14320
14304	24747
14305	14322
14305	14916
14306	14307
14308	14316
14309	14325
14310	14314
14310	14321
14310	14324
14313	14317
14313	14320
14313	14316
14314	14318
14314	14319
14315	14323
14317	14320
14318	14319
14321	14324
14321	14322
14322	14916
14323	14324
14325	24746
14399	14894
14399	14896
14401	14402
14401	14901
14403	14404
14403	14895
14403	14405
14403	14406
14404	14895
14404	14405
14404	14897
14405	14406
14405	14897
14406	14415
14406	24673
14407	14412
14407	14413
14407	14409
14407	14410
14408	14412
14408	14414
14408	14410
14408	14411
14409	14899
14409	25165
14409	14410
14410	14411
14411	14415
14411	14899
14412	14413
14412	14414
14413	14416
14413	14900
14414	14418
14414	14420
14415	14899
14415	24673
14416	25164
14416	25165
14416	14900
14417	14418
14417	14419
14418	14420
14418	14419
14419	14435
14419	24674
14420	14900
14420	14901
14421	14430
14421	14431
14421	14422
14421	14427
14422	14427
14423	14430
14423	14432
14424	14425
14424	14426
14424	14428
14425	24673
14425	24674
14425	14426
14425	14428
14426	14428
14426	14429
14426	14432
14428	14429
14429	14432
14430	14432
14430	14431
14433	14437
14433	14438
14434	14435
14434	14436
14435	24674
14435	14436
14436	14438
14437	14438
14437	14444
14439	14444
14439	14445
14439	14440
14439	14443
14440	14443
14440	14441
14440	14442
14441	14442
14441	14451
14442	14443
14444	14445
14447	28779
14447	14532
14448	14475
14448	28781
14448	14449
14448	14465
14448	14467
14449	14465
14449	14467
14450	14453
14450	14454
14450	14455
14451	14452
14451	14454
14452	14454
14452	14497
14453	14454
14455	14482
14455	14491
14455	14494
14456	14524
14464	14469
14464	14471
14465	14467
14465	14466
14465	14468
14466	14468
14466	14472
14466	14540
14467	14470
14467	14471
14468	14474
14468	14475
14469	14471
14470	14471
14470	14476
14470	14599
14472	14473
14472	14474
14472	14477
14472	14540
14473	14478
14473	14531
14473	14474
14473	14477
14474	14475
14474	14477
14475	28781
14476	14599
14477	14478
14478	14531
14479	14487
14479	14508
14479	14527
14479	14571
14479	14893
14480	14485
14480	24879
14481	14508
14481	14529
14481	14527
14481	14545
14481	24881
14482	14491
14482	14494
14483	14513
14483	14518
14483	14519
14483	14521
14483	14892
14484	14503
14484	14506
14484	14501
14484	14504
14485	24879
14486	14488
14486	14520
14486	14513
14486	14528
14487	14489
14487	14498
14487	14508
14487	14527
14488	14500
14488	14505
14488	14520
14489	14498
14490	14499
14490	14503
14490	14511
14490	14512
14491	14494
14491	14492
14491	14495
14492	14495
14492	14493
14492	14516
14493	14516
14493	14572
14493	24879
14494	14517
14494	14528
14495	14516
14495	14517
14495	14518
14496	14509
14496	14510
14496	14505
14496	14507
14496	14511
14497	14520
14497	14523
14498	14892
14498	14893
14499	14502
14499	14515
14499	14503
14500	14505
14501	14504
14501	14506
14501	14521
14502	14515
14503	14506
14504	14519
14504	14522
14505	14507
14505	14511
14506	14521
14507	14511
14508	14529
14508	14527
14509	14510
14509	14525
14509	14526
14510	14514
14510	14523
14511	14512
14513	14528
14513	14518
14514	14515
14514	14524
14514	14523
14515	14524
14516	14517
14516	14518
14517	14528
14517	14518
14519	14522
14519	14521
14519	14892
14520	14523
14521	14892
14522	14529
14522	14530
14525	14526
14527	14545
14527	24881
14529	14530
14530	14538
14530	14614
14531	14532
14531	14533
14531	14534
14532	14533
14532	14534
14533	14534
14534	14535
14535	14537
14535	14539
14535	14540
14536	14538
14536	14539
14537	14539
14537	14540
14537	14611
14537	14613
14538	14539
14538	14614
14539	14540
14541	14553
14541	28782
14544	14571
14544	14572
14544	14560
14544	14566
14545	24881
14545	14546
14545	14555
14545	14604
14546	14555
14546	14604
14546	14547
14546	14554
14546	14610
14547	14554
14547	14610
14547	14552
14547	14574
14548	14549
14548	14575
14548	14578
14549	14575
14549	14578
14550	14562
14550	14564
14550	14563
14550	14565
14551	14554
14551	14558
14551	14567
14552	14574
14553	14559
14553	14563
14554	14558
14554	14567
14554	14610
14555	14561
14555	14566
14555	14604
14556	14560
14556	14570
14556	14564
14557	14565
14557	14570
14557	14558
14557	14561
14558	14561
14558	14567
14559	14563
14559	14567
14559	14568
14559	14569
14560	14566
14560	14570
14561	14566
14562	14564
14563	14565
14565	14570
14567	14568
14567	14569
14568	14569
14571	14893
14571	14572
14572	24879
14573	14590
14573	14592
14573	14601
14573	14597
14573	14609
14574	14575
14574	14576
14575	14576
14575	14578
14576	14589
14576	14591
14577	14587
14577	14888
14578	14580
14578	14583
14579	14615
14579	14616
14579	14582
14579	14594
14580	14583
14580	14588
14581	14588
14581	14595
14581	14890
14582	14604
14582	14607
14582	14594
14583	14591
14583	14600
14584	14586
14584	14590
14584	14595
14584	14607
14584	14609
14585	14612
14585	14613
14585	14888
14585	14889
14586	14590
14586	14595
14586	14600
14586	14608
14587	14597
14587	24880
14587	14888
14588	14595
14588	14890
14589	14594
14589	14610
14589	14591
14590	14592
14590	14601
14590	14595
14591	14600
14592	14890
14592	14891
14592	14601
14593	14611
14593	14614
14593	14605
14593	24882
14594	14610
14595	14890
14596	14598
14596	14599
14596	14603
14596	14891
14597	24880
14597	14609
14598	14606
14598	14612
14598	14599
14600	14608
14601	14602
14601	14889
14602	14603
14602	14606
14602	14889
14603	14606
14603	14891
14604	14607
14605	24882
14606	14612
14607	14609
14611	14614
14611	14613
14612	14613
14615	14616
14617	14644
14618	14626
14618	14619
14618	28782
14619	28782
14619	14629
14621	14628
14621	14630
14621	14629
14622	14624
14622	14638
14622	14640
14622	14625
14622	14626
14624	14638
14624	14640
14625	14626
14625	14628
14625	14632
14627	14631
14627	14632
14627	14635
14628	14632
14628	14630
14631	14632
14631	14635
14631	14634
14632	14635
14637	14647
14637	14649
14638	14640
14639	14643
14639	14650
14639	14640
14639	14642
14640	14642
14641	14642
14641	14646
14642	14646
14643	14650
14644	14645
14644	14646
14645	14646
14645	14648
14645	14649
14647	14649
14648	14649
14888	14889
14890	14891
14892	14893
14894	14895
14894	14896
14896	14902
14897	14898
14899	25165
14900	14901
14903	14904
14903	14905
14904	14905
14906	14907
14906	14908
14906	14910
14907	22927
14907	14908
14908	14909
14908	24907
14909	22926
14909	24907
14910	14911
14910	24906
14911	24906
14914	14915
14914	14916
14915	14916
20158	20161
20158	20163
20158	20168
20158	20181
20159	20169
20159	20176
20159	20190
20159	20199
20159	20223
20161	20163
20161	20171
20161	20283
20163	20279
20163	20281
20164	20175
20164	20182
20164	20373
20164	20372
20164	20374
20165	20174
20165	20374
20165	20178
20165	20372
20166	20280
20166	20281
20166	20171
20166	20173
20168	20181
20168	20194
20168	20199
20168	20217
20169	20176
20170	20184
20170	20230
20171	20173
20171	20283
20172	20173
20172	20290
20173	20290
20174	20291
20174	20373
20174	20375
20174	20374
20175	20182
20175	20373
20176	20282
20176	20283
20177	20178
20177	20180
20177	20290
20177	20291
20178	20372
20178	20180
20180	20184
20180	20280
20181	20275
20181	20277
20182	20183
20182	20370
20182	20373
20183	20370
20184	20230
20184	20280
20185	20278
20185	20279
20186	20244
20186	20512
20186	20208
20186	20209
20187	20190
20187	20216
20187	20198
20187	20204
20188	20239
20188	20263
20188	20189
20188	20224
20188	20272
20189	20224
20189	20272
20189	20221
20189	20222
20190	20199
20190	20223
20190	20216
20191	20201
20191	20207
20191	20220
20192	20196
20192	20219
20192	20212
20192	20222
20193	20203
20193	20210
20193	20215
20193	20513
20194	20275
20194	20276
20194	20199
20194	20217
20195	20208
20195	20240
20195	20261
20195	26132
20195	26133
20196	20211
20196	20216
20196	20217
20196	20219
20197	20202
20197	20213
20197	20201
20197	20231
20198	20204
20198	20212
20198	20213
20199	20217
20199	20223
20200	20206
20200	20218
20200	26134
20201	20207
20201	20220
20201	20231
20202	20207
20202	20221
20202	20213
20203	20210
20203	20225
20203	20228
20204	20205
20204	20223
20204	20282
20205	20223
20205	20282
20206	20274
20206	20276
20206	20218
20206	26134
20207	20221
20207	20220
20208	20209
20208	20240
20209	20225
20209	20277
20210	20228
20210	20278
20211	20273
20211	20274
20211	20216
20211	20217
20212	20222
20212	20213
20214	20229
20214	20230
20214	20369
20214	26318
20215	20248
20215	26317
20215	20513
20216	20217
20218	26134
20218	20258
20218	20259
20218	20288
20219	20272
20219	20273
20220	20271
20221	20222
20223	20282
20224	20272
20224	20226
20224	20227
20225	20228
20225	20277
20226	20263
20226	26130
20226	20227
20227	20271
20228	20278
20229	20368
20229	20230
20232	20265
20232	20523
20232	20233
20233	20250
20233	26311
20235	20251
20235	20262
20236	20255
20236	20367
20236	20365
20236	26132
20238	20242
20238	20284
20238	20289
20238	20378
20239	20258
20239	20260
20239	20263
20240	20244
20240	20247
20240	20253
20241	20246
20241	26124
20241	20249
20241	20252
20242	20256
20242	20264
20242	20284
20243	20254
20243	20285
20243	20256
20243	20257
20244	20512
20244	20247
20244	20253
20245	20251
20245	20252
20245	20958
20246	26124
20247	20248
20247	20250
20247	20366
20247	20253
20248	26317
20248	20250
20248	20366
20249	20252
20249	20254
20249	20255
20250	26311
20250	20366
20251	20262
20251	20252
20254	20255
20254	20285
20255	20367
20256	20257
20256	20264
20257	20284
20257	20285
20258	20259
20258	20288
20258	20260
20259	20261
20259	20264
20259	20288
20261	26132
20261	26133
20261	20264
20263	26130
20265	20523
20272	20273
20273	20274
20274	20276
20275	20277
20275	20276
20278	20279
20279	20281
20280	20281
20282	20283
20284	20285
20288	20289
20288	26131
20289	26131
20289	20378
20290	20291
20291	20373
20291	20375
20297	20990
20365	26132
20365	20366
20368	26116
20369	26318
20370	20371
20372	20374
20373	20375
20378	20958
20512	20513
20523	26311
20523	26312
20960	20964
20960	20971
20960	20966
20960	20978
20961	20968
20961	20969
20961	20978
20962	20983
20962	20985
20962	20994
20962	26113
20963	21385
20963	20988
20963	21386
20964	20987
20964	21013
20964	20971
20965	20988
20965	26111
20965	20974
20965	20977
20966	20978
20967	20976
20967	20979
20967	20975
20967	20989
20967	21011
20968	20969
20968	20978
20968	20992
20968	20993
20969	20989
20969	20978
20970	20992
20970	20993
20972	20974
20972	26112
20972	20973
20972	21010
20973	21010
20973	20981
20974	20977
20974	26112
20975	20982
20975	20994
20975	20989
20975	21011
20976	20979
20980	21386
20982	20994
20982	20984
20983	20985
20983	20984
20983	20986
20983	20991
20984	20986
20984	20991
20986	20991
20987	21013
20988	21386
20988	26111
20989	21011
20990	20991
20992	20993
20994	26113
21010	21011
21012	21013
22926	22927
24673	24674
24744	24746
24744	24747
24744	24745
24746	24747
24748	24750
24748	24751
24748	24749
24749	24751
24750	24751
24880	24881
24880	24882
24881	24882
24906	24907
24910	27034
24911	24912
24911	24913
24912	24913
24919	24920
24921	24922
25164	25165
26111	26112
26111	26113
26112	26113
26116	26117
26130	26131
26132	26133
26133	26134
26310	26313
26310	26315
26310	26312
26311	26312
26313	26319
26313	26321
26313	26315
26314	26315
26314	26316
26315	26316
26316	26319
26316	26320
26317	26318
26317	26320
26318	26320
26319	26321
26319	26320
26471	26472
26471	26474
26471	26473
26471	26475
26472	26474
26472	26473
26473	26475
27021	27022
27022	27023
27023	27025
27024	27026
27024	27025
27026	27027
27027	27031
27028	27031
27028	27032
27029	27032
27029	27030
27033	27034
28774	28775
28774	28778
28774	28780
28775	28776
28775	28777
28775	28778
28776	28777
28777	28778
28779	28780
28779	28781
28780	28781
end {AdjacencyList}

