begin {Parameters}
Number of BasicAreas
771
Basic Area Type
Line
Metric
geodecimal
end {Parameters}

#Parameter	ExtId	Activity	Coords	District
begin {BasicAreas}
8928	296.000000	(7.478850,50.451720)(7.480510,50.452520)
8932	246.000000	(7.481680,50.451710)(7.480510,50.452520)
8960	172.000000	(7.479630,50.451130)(7.478850,50.451720)
8975	506.000000	(7.484900,50.450830)(7.483430,50.451040)(7.481680,50.451710)
8976	134.000000	(7.484900,50.450830)(7.485830,50.450870)
8995	184.000000	(7.467250,50.450680)(7.467920,50.451390)
8998	124.000000	(7.468090,50.450530)(7.467250,50.450680)
9015	336.000000	(7.481150,50.450240)(7.481680,50.451710)
9016	294.000000	(7.481150,50.450240)(7.479630,50.451130)
9024	274.000000	(7.469870,50.450080)(7.468090,50.450530)
9025	134.000000	(7.467540,50.450040)(7.468090,50.450530)
9027	236.000000	(7.484720,50.449770)(7.484900,50.450830)
9028	520.000000	(7.484720,50.449770)(7.481150,50.450240)
9031	200.000000	(7.486120,50.449690)(7.484720,50.449770)
9040	368.000000	(7.478690,50.449590)(7.479630,50.451130)
9052	154.000000	(7.466950,50.449460)(7.467540,50.450040)
9058	142.000000	(7.465970,50.449370)(7.466950,50.449460)
9059	344.000000	(7.465970,50.449370)(7.467250,50.450680)
9069	166.000000	(7.467810,50.449220)(7.468000,50.449440)(7.468690,50.449650)
9092	212.000000	(7.484520,50.448820)(7.484720,50.449770)
9094	128.000000	(7.466980,50.449020)(7.467810,50.449220)
9096	220.000000	(7.486060,50.448740)(7.484520,50.448820)
9102	110.000000	(7.465820,50.448880)(7.465970,50.449370)
9110	152.000000	(7.467800,50.448770)(7.468760,50.449060)
9111	100.000000	(7.467800,50.448770)(7.467780,50.449150)(7.467810,50.449220)
9119	400.000000	(7.480210,50.448540)(7.481150,50.450240)
9123	180.000000	(7.466680,50.448670)(7.466950,50.449460)
9125	288.000000	(7.477680,50.448470)(7.478690,50.449590)
9126	228.000000	(7.477680,50.448470)(7.476100,50.448640)
9128	40.000000	(7.467790,50.448590)(7.467800,50.448770)
9142	132.000000	(7.465840,50.448430)(7.466680,50.448670)
9143	100.000000	(7.465840,50.448430)(7.465820,50.448880)
9153	134.000000	(7.466950,50.448350)(7.467790,50.448590)
9154	278.000000	(7.469410,50.448510)(7.469350,50.448910)(7.469350,50.449280)(7.469510,50.449750)
9162	146.000000	(7.467950,50.448170)(7.468860,50.448470)
9163	96.000000	(7.467950,50.448170)(7.467790,50.448590)
9173	110.000000	(7.469060,50.448080)(7.469410,50.448510)
9174	22.000000	(7.468000,50.448080)(7.467950,50.448170)
9177	254.000000	(7.483690,50.447810)(7.484520,50.448820)
9183	164.000000	(7.470130,50.447950)(7.469410,50.448510)
9186	292.000000	(7.479460,50.447830)(7.477680,50.448470)
9189	194.000000	(7.479710,50.447730)(7.480210,50.448540)
9190	42.000000	(7.479710,50.447730)(7.479460,50.447830)
9193	144.000000	(7.468150,50.447800)(7.469060,50.448080)
9194	66.000000	(7.468150,50.447800)(7.468000,50.448080)
9195	88.000000	(7.470670,50.447760)(7.470130,50.447950)
9196	88.000000	(7.466420,50.447800)(7.466390,50.448200)
9197	42.000000	(7.466420,50.447800)(7.466710,50.447800)
9198	192.000000	(7.482390,50.447580)(7.483690,50.447810)
9203	86.000000	(7.468940,50.447720)(7.469090,50.447880)(7.469060,50.448080)
9204	162.000000	(7.467010,50.447730)(7.468000,50.448080)
9205	74.000000	(7.469830,50.447680)(7.470130,50.447950)
9206	142.000000	(7.469830,50.447680)(7.469060,50.448080)
9208	190.000000	(7.481070,50.447510)(7.482390,50.447580)
9209	404.000000	(7.481070,50.447510)(7.481600,50.448350)(7.480210,50.448540)
9211	102.000000	(7.471340,50.447610)(7.470670,50.447760)
9212	212.000000	(7.481070,50.447510)(7.480020,50.447550)(7.479710,50.447730)
9215	72.000000	(7.467780,50.447580)(7.468150,50.447800)
9216	88.000000	(7.465870,50.447680)(7.466420,50.447800)
9217	60.000000	(7.470580,50.447500)(7.470670,50.447760)
9218	116.000000	(7.470580,50.447500)(7.469830,50.447680)
9220	90.000000	(7.469320,50.447480)(7.469370,50.447560)(7.468940,50.447720)
9221	396.000000	(7.474250,50.447410)(7.476240,50.447780)(7.476790,50.448050)
9224	104.000000	(7.473520,50.447400)(7.474250,50.447410)
9225	314.000000	(7.473520,50.447400)(7.471340,50.447610)
9228	216.000000	(7.483870,50.447240)(7.485320,50.447520)
9229	130.000000	(7.483870,50.447240)(7.483690,50.447810)
9246	108.000000	(7.468560,50.447300)(7.468940,50.447720)
9247	128.000000	(7.468560,50.447300)(7.467780,50.447580)
9248	228.000000	(7.469320,50.447480)(7.470510,50.447270)(7.470580,50.447500)
9258	108.000000	(7.465600,50.447230)(7.465870,50.447680)
9259	78.000000	(7.469060,50.447170)(7.469320,50.447480)
9260	54.000000	(7.469060,50.447170)(7.468680,50.447200)
9264	52.000000	(7.465950,50.447170)(7.465600,50.447230)
9265	130.000000	(7.467230,50.447120)(7.467780,50.447580)
9267	116.000000	(7.469060,50.447170)(7.469600,50.447080)(7.469720,50.447220)
9270	174.000000	(7.482020,50.446840)(7.482270,50.447200)(7.482390,50.447580)
9271	110.000000	(7.483970,50.446750)(7.483870,50.447240)
9272	280.000000	(7.483970,50.446750)(7.482020,50.446840)
9274	48.000000	(7.467080,50.446930)(7.467230,50.447120)
9275	170.000000	(7.467080,50.446930)(7.465950,50.447170)
9281	90.000000	(7.465680,50.446800)(7.465950,50.447170)
9282	136.000000	(7.468160,50.446740)(7.468560,50.447300)
9283	160.000000	(7.468160,50.446740)(7.467080,50.446930)
9295	82.000000	(7.466790,50.446610)(7.467080,50.446930)
9296	164.000000	(7.466790,50.446610)(7.465680,50.446800)
9298	236.000000	(7.464310,50.446580)(7.465600,50.447230)
9306	82.000000	(7.465460,50.446460)(7.465680,50.446800)
9307	278.000000	(7.470880,50.446390)(7.471340,50.447610)
9308	396.000000	(7.470880,50.446390)(7.468160,50.446740)
9310	86.000000	(7.468130,50.446350)(7.468160,50.446740)
9311	84.000000	(7.468130,50.446350)(7.467560,50.446450)
9312	88.000000	(7.463770,50.446390)(7.464310,50.446580)
9313	240.000000	(7.480790,50.446140)(7.481760,50.446580)(7.482020,50.446840)
9314	314.000000	(7.480790,50.446140)(7.480730,50.446930)(7.481070,50.447510)
9315	78.000000	(7.466500,50.446310)(7.466790,50.446610)
9316	152.000000	(7.466500,50.446310)(7.465460,50.446460)
9324	52.000000	(7.475030,50.446130)(7.475150,50.446350)
9325	148.000000	(7.475030,50.446130)(7.474010,50.446240)
9329	274.000000	(7.482740,50.445950)(7.484040,50.446650)(7.483970,50.446750)
9335	194.000000	(7.476370,50.446000)(7.475030,50.446130)
9336	74.000000	(7.465360,50.446130)(7.465460,50.446460)
9337	144.000000	(7.481750,50.445920)(7.482740,50.445950)
9338	48.000000	(7.465030,50.446130)(7.465360,50.446130)
9340	82.000000	(7.464550,50.446120)(7.465030,50.446130)
9341	98.000000	(7.477050,50.445930)(7.476370,50.446000)
9343	526.000000	(7.477290,50.445920)(7.477610,50.446310)(7.479460,50.447830)
9344	34.000000	(7.477290,50.445920)(7.477050,50.445930)
9345	22.000000	(7.471810,50.445950)(7.471810,50.446050)
9346	100.000000	(7.471810,50.445950)(7.471110,50.446000)
9347	506.000000	(7.477750,50.445870)(7.478450,50.446580)(7.479500,50.447310)(7.479710,50.447730)
9348	66.000000	(7.477750,50.445870)(7.477290,50.445920)
9352	78.000000	(7.466330,50.445980)(7.466500,50.446310)
9353	142.000000	(7.466330,50.445980)(7.465360,50.446130)
9361	202.000000	(7.479520,50.445750)(7.480790,50.446140)
9362	238.000000	(7.479520,50.445750)(7.479430,50.446110)(7.479550,50.446810)
9363	254.000000	(7.479520,50.445750)(7.477750,50.445870)
9367	54.000000	(7.476900,50.445710)(7.477050,50.445930)
9368	124.000000	(7.468090,50.445790)(7.468130,50.446350)
9370	74.000000	(7.464970,50.445800)(7.465030,50.446130)
9378	70.000000	(7.471850,50.445640)(7.471810,50.445950)
9379	116.000000	(7.471850,50.445640)(7.471050,50.445710)
9382	216.000000	(7.475070,50.445550)(7.474010,50.446240)
9383	82.000000	(7.466150,50.445630)(7.466330,50.445980)
9384	172.000000	(7.466150,50.445630)(7.464970,50.445800)
9387	184.000000	(7.467070,50.445590)(7.467120,50.445790)(7.468090,50.445790)
9391	110.000000	(7.477420,50.445420)(7.477750,50.445870)
9402	36.000000	(7.466110,50.445470)(7.466150,50.445630)
9403	94.000000	(7.466770,50.445450)(7.466110,50.445470)
9404	80.000000	(7.464870,50.445450)(7.464970,50.445800)
9405	362.000000	(7.484360,50.445190)(7.484180,50.445650)(7.482680,50.445850)(7.482740,50.445950)
9408	72.000000	(7.471890,50.445320)(7.471850,50.445640)
9409	120.000000	(7.471890,50.445320)(7.471070,50.445430)
9413	38.000000	(7.466060,50.445300)(7.466110,50.445470)
9414	174.000000	(7.466060,50.445300)(7.464870,50.445450)
9415	222.000000	(7.470280,50.445170)(7.470240,50.446170)
9417	148.000000	(7.469240,50.445170)(7.470280,50.445170)
9418	256.000000	(7.469240,50.445170)(7.469160,50.446320)
9419	90.000000	(7.477150,50.445050)(7.477420,50.445420)
9421	250.000000	(7.478210,50.445000)(7.479520,50.445750)
9425	70.000000	(7.464850,50.445140)(7.464820,50.445240)(7.464870,50.445450)
9426	394.000000	(7.472460,50.445030)(7.475070,50.445550)
9427	296.000000	(7.472460,50.445030)(7.472260,50.446360)
9428	176.000000	(7.476430,50.444980)(7.476900,50.445710)
9429	232.000000	(7.476430,50.444980)(7.475070,50.445550)
9430	200.000000	(7.471670,50.445030)(7.470280,50.445170)
9433	84.000000	(7.471880,50.445010)(7.472460,50.445030)
9434	68.000000	(7.471880,50.445010)(7.471890,50.445320)
9435	30.000000	(7.471880,50.445010)(7.471670,50.445030)
9436	174.000000	(7.468030,50.445050)(7.469240,50.445170)
9437	164.000000	(7.468030,50.445050)(7.468090,50.445790)
9441	54.000000	(7.467650,50.445030)(7.468030,50.445050)
9443	372.000000	(7.462740,50.445090)(7.462570,50.445500)(7.462660,50.445810)(7.463770,50.446390)
9445	96.000000	(7.466980,50.445030)(7.467650,50.445030)
9446	82.000000	(7.466980,50.445030)(7.466980,50.445400)
9447	138.000000	(7.466980,50.445030)(7.466010,50.445040)
9448	58.000000	(7.466010,50.445040)(7.466060,50.445300)
9449	168.000000	(7.466010,50.445040)(7.464850,50.445140)
9457	82.000000	(7.470170,50.444810)(7.470280,50.445170)
9461	78.000000	(7.464910,50.444790)(7.464850,50.445140)
9464	158.000000	(7.477350,50.444550)(7.478210,50.445000)
9465	166.000000	(7.477350,50.444550)(7.476430,50.444980)
9466	80.000000	(7.465930,50.444680)(7.466010,50.445040)
9467	148.000000	(7.465930,50.444680)(7.464910,50.444790)
9470	98.000000	(7.471500,50.444600)(7.471670,50.445030)
9471	720.000000	(7.479510,50.444460)(7.480280,50.444760)(7.484360,50.445190)
9473	104.000000	(7.467460,50.444590)(7.467620,50.444780)(7.467650,50.445030)
9474	64.000000	(7.467460,50.444590)(7.467010,50.444600)
9476	88.000000	(7.469890,50.444460)(7.470170,50.444810)
9479	64.000000	(7.471410,50.444320)(7.471500,50.444600)
9485	380.000000	(7.479510,50.444460)(7.478440,50.444060)(7.477660,50.444290)(7.477350,50.444550)
9487	78.000000	(7.469670,50.444140)(7.469890,50.444460)
9491	58.000000	(7.471330,50.444060)(7.471410,50.444320)
9498	154.000000	(7.467340,50.443920)(7.467360,50.444150)(7.467360,50.444510)(7.467460,50.444590)
9500	60.000000	(7.469560,50.443880)(7.469670,50.444140)
9505	68.000000	(7.471210,50.443760)(7.471330,50.444060)
9506	254.000000	(7.471210,50.443760)(7.469550,50.443810)(7.469560,50.443880)
9508	252.000000	(7.465120,50.443670)(7.465930,50.444680)
9509	378.000000	(7.475240,50.443520)(7.477350,50.444550)
9510	100.000000	(7.475240,50.443520)(7.474620,50.443690)
9512	66.000000	(7.465980,50.443580)(7.466380,50.443730)
9513	68.000000	(7.465510,50.443580)(7.465980,50.443580)
9514	60.000000	(7.465510,50.443580)(7.465120,50.443670)
9517	60.000000	(7.466560,50.443490)(7.466380,50.443730)
9519	296.000000	(7.464680,50.443490)(7.464630,50.443630)(7.464920,50.444180)(7.464940,50.444550)(7.464910,50.444790)
9520	68.000000	(7.464930,50.443390)(7.465120,50.443670)
9521	42.000000	(7.464930,50.443390)(7.464680,50.443490)
9524	88.000000	(7.464220,50.443230)(7.464680,50.443490)
9525	430.000000	(7.463400,50.443220)(7.463010,50.443900)(7.462900,50.444670)(7.462740,50.445090)
9527	140.000000	(7.474660,50.443030)(7.475240,50.443520)
9528	72.000000	(7.464710,50.443100)(7.464930,50.443390)
9530	334.000000	(7.466980,50.443030)(7.469280,50.443080)
9531	216.000000	(7.466980,50.443030)(7.466910,50.443170)(7.467280,50.443540)(7.467340,50.443920)
9532	220.000000	(7.473120,50.442990)(7.474660,50.443030)
9533	38.000000	(7.463580,50.443100)(7.463400,50.443220)
9534	200.000000	(7.470670,50.442990)(7.469280,50.443080)
9536	188.000000	(7.471810,50.442970)(7.473120,50.442990)
9537	252.000000	(7.471810,50.442970)(7.471860,50.443680)(7.471210,50.443760)
9538	162.000000	(7.471810,50.442970)(7.470670,50.442990)
9539	36.000000	(7.474570,50.442880)(7.474660,50.443030)
9540	142.000000	(7.466000,50.442950)(7.466980,50.443030)
9541	140.000000	(7.466000,50.442950)(7.465980,50.443580)
9542	46.000000	(7.466700,50.442930)(7.466980,50.443030)
9548	100.000000	(7.465250,50.443160)(7.465510,50.443580)
9552	76.000000	(7.464560,50.442770)(7.464710,50.443100)
9553	166.000000	(7.464560,50.442770)(7.463780,50.442910)(7.463580,50.443100)
9559	86.000000	(7.466720,50.442540)(7.466700,50.442930)
9574	82.000000	(7.477990,50.442160)(7.478090,50.442520)
9583	138.000000	(7.476290,50.442040)(7.476200,50.442260)(7.476200,50.442650)
9586	64.000000	(7.479810,50.441960)(7.480110,50.442170)
9587	104.000000	(7.479810,50.441960)(7.479550,50.442170)(7.479720,50.442310)
9589	66.000000	(7.475830,50.441990)(7.476290,50.442040)
9590	152.000000	(7.475830,50.441990)(7.475720,50.442210)(7.475710,50.442660)
9592	160.000000	(7.478930,50.441930)(7.479260,50.442100)(7.478820,50.442450)
9593	98.000000	(7.478930,50.441930)(7.478490,50.442270)
9596	162.000000	(7.476880,50.441940)(7.476680,50.442360)(7.476680,50.442650)
9597	88.000000	(7.476880,50.441940)(7.476290,50.442040)
9600	84.000000	(7.477530,50.441930)(7.477990,50.442160)
9601	144.000000	(7.477530,50.441930)(7.477650,50.442570)
9608	168.000000	(7.477070,50.441860)(7.477180,50.442610)
9609	32.000000	(7.477070,50.441860)(7.476880,50.441940)
9610	244.000000	(7.473040,50.441890)(7.473120,50.442990)
9611	186.000000	(7.473040,50.441890)(7.471740,50.441910)
9612	236.000000	(7.471740,50.441910)(7.471810,50.442970)
9613	228.000000	(7.474250,50.441870)(7.474570,50.442880)
9614	172.000000	(7.474250,50.441870)(7.473040,50.441890)
9617	154.000000	(7.470660,50.441870)(7.471740,50.441910)
9618	248.000000	(7.470660,50.441870)(7.470670,50.442990)
9619	112.000000	(7.480100,50.441750)(7.480640,50.442120)
9620	64.000000	(7.480100,50.441750)(7.479810,50.441960)
9621	56.000000	(7.477210,50.441780)(7.477530,50.441930)
9622	26.000000	(7.477210,50.441780)(7.477070,50.441860)
9623	92.000000	(7.470010,50.441860)(7.470660,50.441870)
9624	190.000000	(7.478930,50.441930)(7.478590,50.441750)(7.477990,50.442160)
9628	122.000000	(7.480460,50.441660)(7.481150,50.441990)
9629	56.000000	(7.480460,50.441660)(7.480100,50.441750)
9630	82.000000	(7.476510,50.441670)(7.476880,50.441940)
9633	174.000000	(7.466500,50.441770)(7.466690,50.442220)(7.466730,50.442450)(7.466720,50.442540)
9634	164.000000	(7.468880,50.441740)(7.470010,50.441860)
9635	352.000000	(7.468880,50.441740)(7.468680,50.442300)(7.468630,50.442730)(7.469120,50.442860)(7.469280,50.443080)
9638	60.000000	(7.476090,50.441630)(7.476510,50.441670)
9640	166.000000	(7.480880,50.441510)(7.481840,50.441930)
9641	68.000000	(7.480880,50.441510)(7.480460,50.441660)
9644	66.000000	(7.475640,50.441560)(7.476090,50.441630)
9645	48.000000	(7.478540,50.441500)(7.478790,50.441640)
9646	66.000000	(7.468480,50.441610)(7.468880,50.441740)
9647	338.000000	(7.468480,50.441610)(7.467890,50.442170)(7.466720,50.442540)
9648	92.000000	(7.465900,50.441630)(7.466500,50.441770)
9649	322.000000	(7.465900,50.441630)(7.465950,50.442000)(7.466280,50.442640)(7.466700,50.442930)
9650	102.000000	(7.478540,50.441500)(7.478040,50.441740)
9651	268.000000	(7.464220,50.441600)(7.464370,50.441770)(7.464390,50.442250)(7.464560,50.442770)
9652	60.000000	(7.475230,50.441490)(7.475640,50.441560)
9657	34.000000	(7.468280,50.441520)(7.468480,50.441610)
9658	38.000000	(7.474980,50.441430)(7.475230,50.441490)
9659	142.000000	(7.481270,50.441340)(7.482140,50.441650)
9660	68.000000	(7.481270,50.441340)(7.480880,50.441510)
9662	128.000000	(7.477760,50.441330)(7.477210,50.441780)
9665	96.000000	(7.467630,50.441450)(7.468280,50.441520)
9667	256.000000	(7.464220,50.441600)(7.465070,50.441430)(7.465900,50.441630)
9671	128.000000	(7.481630,50.441140)(7.482450,50.441380)
9672	68.000000	(7.481630,50.441140)(7.481270,50.441340)
9674	30.000000	(7.464060,50.441510)(7.464220,50.441600)
9675	94.000000	(7.477160,50.441170)(7.477760,50.441330)
9679	42.000000	(7.476870,50.441120)(7.477160,50.441170)
9680	132.000000	(7.476870,50.441120)(7.476510,50.441670)
9681	34.000000	(7.479050,50.441080)(7.479280,50.441100)
9682	118.000000	(7.479050,50.441080)(7.478540,50.441500)
9685	160.000000	(7.479950,50.441040)(7.480040,50.441620)(7.480100,50.441750)
9686	96.000000	(7.479950,50.441040)(7.479280,50.441100)
9687	182.000000	(7.473830,50.441110)(7.474120,50.441430)(7.474250,50.441870)
9688	126.000000	(7.473830,50.441110)(7.472990,50.441250)
9690	64.000000	(7.476430,50.441050)(7.476870,50.441120)
9691	138.000000	(7.476430,50.441050)(7.476090,50.441630)
9694	134.000000	(7.481950,50.440940)(7.482840,50.441120)
9695	64.000000	(7.481950,50.440940)(7.481630,50.441140)
9698	62.000000	(7.476010,50.440970)(7.476430,50.441050)
9699	142.000000	(7.476010,50.440970)(7.475640,50.441560)
9700	124.000000	(7.478260,50.440910)(7.479050,50.441080)
9701	118.000000	(7.478260,50.440910)(7.477760,50.441330)
9704	56.000000	(7.475640,50.440890)(7.476010,50.440970)
9705	146.000000	(7.475640,50.440890)(7.475230,50.441490)
9706	146.000000	(7.465810,50.440980)(7.465890,50.441340)(7.465900,50.441630)
9707	138.000000	(7.482180,50.440720)(7.483140,50.440820)
9708	58.000000	(7.482180,50.440720)(7.481950,50.440940)
9709	88.000000	(7.476760,50.440720)(7.476430,50.441050)
9712	96.000000	(7.464700,50.440840)(7.464360,50.441210)
9713	192.000000	(7.466850,50.440750)(7.467630,50.441450)
9714	90.000000	(7.476320,50.440620)(7.476010,50.440970)
9715	278.000000	(7.470590,50.440660)(7.470010,50.441860)
9716	282.000000	(7.471600,50.440640)(7.471740,50.441910)
9717	144.000000	(7.471600,50.440640)(7.470590,50.440660)
9719	148.000000	(7.473220,50.440570)(7.473830,50.441110)
9720	232.000000	(7.473220,50.440570)(7.471600,50.440640)
9723	216.000000	(7.467350,50.440590)(7.467800,50.440940)(7.468490,50.441210)
9724	80.000000	(7.467350,50.440590)(7.466850,50.440750)
9725	72.000000	(7.482270,50.440400)(7.482180,50.440720)
9726	152.000000	(7.469060,50.440470)(7.470110,50.440560)
9731	270.000000	(7.473990,50.440300)(7.475640,50.440890)
9732	126.000000	(7.473990,50.440300)(7.473220,50.440570)
9734	236.000000	(7.483330,50.440140)(7.483280,50.440330)(7.483360,50.440400)(7.483310,50.440500)(7.482270,50.440400)
9735	104.000000	(7.481640,50.440160)(7.482270,50.440400)
9736	316.000000	(7.481640,50.440160)(7.480870,50.440720)(7.479950,50.441040)
9739	56.000000	(7.483330,50.440140)(7.483710,50.440140)
9740	92.000000	(7.482690,50.440080)(7.483330,50.440140)
9741	190.000000	(7.477810,50.440120)(7.478000,50.440690)(7.478260,50.440910)
9742	98.000000	(7.466920,50.440250)(7.467350,50.440590)
9743	144.000000	(7.468080,50.440180)(7.467350,50.440590)
9744	70.000000	(7.477330,50.440050)(7.477810,50.440120)
9745	266.000000	(7.477330,50.440050)(7.477150,50.440560)(7.477350,50.440690)(7.477160,50.441170)
9746	28.000000	(7.477140,50.440030)(7.477330,50.440050)
9747	52.000000	(7.481790,50.439950)(7.481640,50.440160)
9748	262.000000	(7.481790,50.439950)(7.479950,50.439990)
9749	110.000000	(7.476860,50.440010)(7.476680,50.440490)
9750	40.000000	(7.476860,50.440010)(7.477140,50.440030)
9751	190.000000	(7.465440,50.440160)(7.465700,50.440600)(7.465810,50.440980)
9752	184.000000	(7.465440,50.440160)(7.464700,50.440840)
9753	40.000000	(7.476580,50.439970)(7.476860,50.440010)
9754	26.000000	(7.476410,50.439940)(7.476580,50.439970)
9755	106.000000	(7.476410,50.439940)(7.476250,50.440410)
9756	72.000000	(7.483420,50.439820)(7.483330,50.440140)
9757	62.000000	(7.475990,50.439880)(7.476410,50.439940)
9758	230.000000	(7.475990,50.439880)(7.475640,50.440890)
9759	76.000000	(7.477730,50.439780)(7.477810,50.440120)
9760	168.000000	(7.478880,50.439630)(7.477730,50.439780)
9761	206.000000	(7.474600,50.439640)(7.475990,50.439880)
9762	170.000000	(7.474600,50.439640)(7.473990,50.440300)
9768	106.000000	(7.476210,50.439420)(7.475990,50.439880)
9769	286.000000	(7.472090,50.439510)(7.473220,50.440570)
9770	128.000000	(7.471820,50.439410)(7.470930,50.439420)
9771	280.000000	(7.470930,50.439420)(7.470590,50.440660)
9772	150.000000	(7.476660,50.439300)(7.476580,50.439970)
9773	52.000000	(7.476300,50.439300)(7.476660,50.439300)
9774	168.000000	(7.477080,50.439270)(7.477140,50.440030)
9775	172.000000	(7.477600,50.439010)(7.477730,50.439780)
9776	68.000000	(7.477080,50.439270)(7.476660,50.439300)
9777	226.000000	(7.469350,50.439310)(7.470930,50.439420)
9778	270.000000	(7.469350,50.439310)(7.469430,50.439610)(7.469440,50.439890)(7.469060,50.440470)
9779	94.000000	(7.477600,50.439010)(7.477080,50.439270)
9780	148.000000	(7.472710,50.439240)(7.473700,50.439440)
9781	84.000000	(7.472710,50.439240)(7.472150,50.439350)
9782	124.000000	(7.468490,50.439250)(7.469350,50.439310)
9783	214.000000	(7.468490,50.439250)(7.468080,50.440180)
9786	158.000000	(7.483040,50.438950)(7.482900,50.439660)
9787	230.000000	(7.483560,50.438950)(7.484050,50.438940)(7.483950,50.439660)
9788	154.000000	(7.483560,50.438950)(7.483430,50.439640)
9789	36.000000	(7.483310,50.438940)(7.483560,50.438950)
9790	38.000000	(7.483310,50.438940)(7.483040,50.438950)
9791	142.000000	(7.482040,50.438950)(7.483040,50.438950)
9792	230.000000	(7.482040,50.438950)(7.482050,50.439190)(7.481980,50.439720)(7.481790,50.439950)
9795	62.000000	(7.483340,50.438660)(7.483310,50.438940)
9796	78.000000	(7.482790,50.438650)(7.483340,50.438660)
9797	84.000000	(7.483920,50.438630)(7.483340,50.438660)
9798	84.000000	(7.482000,50.438570)(7.482040,50.438950)
9799	328.000000	(7.482000,50.438570)(7.479760,50.438890)
9800	182.000000	(7.475410,50.438650)(7.476540,50.439030)
9801	248.000000	(7.475410,50.438650)(7.474600,50.439640)
9802	114.000000	(7.477380,50.438530)(7.477570,50.438780)(7.477600,50.439010)
9803	380.000000	(7.466040,50.438590)(7.468490,50.439250)
9804	76.000000	(7.483400,50.438320)(7.483340,50.438660)
9805	40.000000	(7.483400,50.438320)(7.483120,50.438340)
9806	74.000000	(7.483920,50.438300)(7.483400,50.438320)
9807	112.000000	(7.474740,50.438380)(7.475410,50.438650)
9808	100.000000	(7.474080,50.439060)(7.473700,50.439440)
9809	236.000000	(7.467690,50.438320)(7.468490,50.439250)
9810	54.000000	(7.483340,50.438080)(7.483400,50.438320)
9813	250.000000	(7.478990,50.438080)(7.477380,50.438530)
9815	238.000000	(7.469410,50.438240)(7.469330,50.438580)(7.469350,50.439310)
9817	120.000000	(7.474020,50.438100)(7.474740,50.438380)
9818	314.000000	(7.474020,50.438100)(7.472710,50.439240)
9822	444.000000	(7.469730,50.437890)(7.471910,50.439310)
9823	90.000000	(7.469730,50.437890)(7.469410,50.438240)
9825	186.000000	(7.468430,50.437690)(7.469410,50.438240)
9826	178.000000	(7.468430,50.437690)(7.468130,50.438080)(7.467690,50.438320)
9827	270.000000	(7.476230,50.437570)(7.477380,50.438530)
9828	220.000000	(7.476090,50.437760)(7.475410,50.438650)
9829	246.000000	(7.481570,50.437500)(7.482000,50.438570)
9833	160.000000	(7.482680,50.437310)(7.482810,50.438030)
9834	164.000000	(7.482680,50.437310)(7.481570,50.437500)
9835	174.000000	(7.471320,50.437440)(7.471780,50.438170)
9836	166.000000	(7.483190,50.437220)(7.483320,50.437960)
9837	76.000000	(7.483190,50.437220)(7.482680,50.437310)
9838	14.000000	(7.483290,50.437200)(7.483190,50.437220)
9839	64.000000	(7.481450,50.437220)(7.481570,50.437500)
9840	144.000000	(7.470390,50.437340)(7.471320,50.437440)
9841	190.000000	(7.468720,50.437340)(7.469730,50.437890)
9842	88.000000	(7.468720,50.437340)(7.468430,50.437690)
9843	162.000000	(7.483700,50.437150)(7.483840,50.437870)
9844	60.000000	(7.483700,50.437150)(7.483290,50.437200)
9848	52.000000	(7.468390,50.437250)(7.468720,50.437340)
9849	308.000000	(7.466730,50.437290)(7.466620,50.437660)(7.466260,50.438390)(7.466040,50.438590)
9850	68.000000	(7.483230,50.436900)(7.483270,50.436970)(7.483290,50.437200)
9851	130.000000	(7.483230,50.436900)(7.482360,50.437070)
9853	172.000000	(7.475350,50.437050)(7.476230,50.437570)
9854	276.000000	(7.475110,50.437070)(7.474020,50.438100)
9855	82.000000	(7.483790,50.436830)(7.483230,50.436900)
9857	204.000000	(7.472460,50.436920)(7.471320,50.437440)
9858	64.000000	(7.481340,50.436940)(7.481450,50.437220)
9862	316.000000	(7.478040,50.436750)(7.476230,50.437570)
9863	50.000000	(7.483110,50.436690)(7.483230,50.436900)
9864	166.000000	(7.467450,50.436830)(7.468390,50.437250)
9865	14.000000	(7.483080,50.436630)(7.483110,50.436690)
9866	172.000000	(7.483080,50.436630)(7.481950,50.436880)
9868	84.000000	(7.483670,50.436580)(7.483110,50.436690)
9870	88.000000	(7.481060,50.436590)(7.481340,50.436940)
9872	182.000000	(7.471240,50.436680)(7.472460,50.436920)
9873	190.000000	(7.471240,50.436680)(7.470390,50.437340)
9874	68.000000	(7.480610,50.436480)(7.481060,50.436590)
9879	76.000000	(7.482890,50.436310)(7.483080,50.436630)
9880	66.000000	(7.480180,50.436360)(7.480610,50.436480)
9881	128.000000	(7.477420,50.436330)(7.478040,50.436750)
9882	192.000000	(7.473970,50.436410)(7.475060,50.436920)
9883	252.000000	(7.473970,50.436410)(7.472460,50.436920)
9887	72.000000	(7.479710,50.436270)(7.480180,50.436360)
9888	194.000000	(7.479170,50.436260)(7.478040,50.436750)
9889	78.000000	(7.479170,50.436260)(7.479710,50.436270)
9891	30.000000	(7.479100,50.436130)(7.479170,50.436260)
9894	78.000000	(7.477800,50.436080)(7.477420,50.436330)
9895	202.000000	(7.482100,50.436170)(7.481340,50.436940)
9896	230.000000	(7.469940,50.436070)(7.471240,50.436680)
9897	344.000000	(7.469940,50.436070)(7.468390,50.437250)
9898	124.000000	(7.476800,50.435940)(7.477420,50.436330)
9899	300.000000	(7.476800,50.435940)(7.475300,50.436880)
9907	214.000000	(7.481920,50.435800)(7.481060,50.436590)
9908	78.000000	(7.481370,50.435770)(7.481920,50.435800)
9909	192.000000	(7.481370,50.435770)(7.480610,50.436480)
9910	284.000000	(7.468670,50.435830)(7.468080,50.436440)(7.467450,50.436830)
9911	68.000000	(7.480920,50.435680)(7.481370,50.435770)
9912	184.000000	(7.480920,50.435680)(7.480180,50.436360)
9913	208.000000	(7.474860,50.435670)(7.473970,50.436410)
9914	258.000000	(7.472570,50.435680)(7.473970,50.436410)
9916	74.000000	(7.480420,50.435590)(7.480920,50.435680)
9917	182.000000	(7.480420,50.435590)(7.479710,50.436270)
9918	260.000000	(7.480420,50.435590)(7.479760,50.435520)(7.479100,50.436130)
9919	184.000000	(7.468910,50.435570)(7.469940,50.436070)
9920	68.000000	(7.468910,50.435570)(7.468670,50.435830)
9922	298.000000	(7.483710,50.435380)(7.483360,50.435720)(7.481920,50.435800)
9925	186.000000	(7.484980,50.435200)(7.483710,50.435380)
9926	268.000000	(7.477710,50.435320)(7.479100,50.436130)
9927	190.000000	(7.477710,50.435320)(7.476800,50.435940)
9928	244.000000	(7.465070,50.435460)(7.464770,50.435800)(7.465650,50.436230)
9934	224.000000	(7.465070,50.435460)(7.466280,50.436090)
9935	248.000000	(7.475500,50.435200)(7.476800,50.435940)
9936	138.000000	(7.475500,50.435200)(7.474860,50.435670)
9939	32.000000	(7.464890,50.435370)(7.465070,50.435460)
9940	226.000000	(7.467440,50.435190)(7.468670,50.435830)
9942	212.000000	(7.471410,50.435090)(7.472570,50.435680)
9943	302.000000	(7.471410,50.435090)(7.469940,50.436070)
9945	250.000000	(7.473480,50.434970)(7.474860,50.435670)
9946	204.000000	(7.473480,50.434970)(7.472570,50.435680)
9956	184.000000	(7.466420,50.434680)(7.467440,50.435190)
9957	44.000000	(7.466420,50.434680)(7.466120,50.434720)
9958	256.000000	(7.474100,50.434480)(7.475500,50.435200)
9959	140.000000	(7.474100,50.434480)(7.473480,50.434970)
9960	198.000000	(7.470340,50.434520)(7.471410,50.435090)
9961	310.000000	(7.470340,50.434520)(7.468910,50.435570)
9965	64.000000	(7.466070,50.434430)(7.466120,50.434720)
9972	216.000000	(7.472830,50.433950)(7.474100,50.434480)
9973	324.000000	(7.472830,50.433950)(7.471410,50.435090)
9974	196.000000	(7.469270,50.433970)(7.470340,50.434520)
9975	376.000000	(7.469270,50.433970)(7.467440,50.435190)
9983	508.000000	(7.479770,50.433460)(7.477710,50.435320)
9984	206.000000	(7.471580,50.433490)(7.472830,50.433950)
9985	290.000000	(7.471580,50.433490)(7.470340,50.434520)
9986	24.000000	(7.461390,50.433620)(7.461520,50.433690)
9988	194.000000	(7.468210,50.433420)(7.469270,50.433970)
9990	84.000000	(7.468600,50.433140)(7.468210,50.433420)
9999	774.000000	(7.481010,50.432360)(7.483290,50.434780)(7.483710,50.435380)
10000	304.000000	(7.481010,50.432360)(7.480490,50.432660)(7.479770,50.433460)
10002	458.000000	(7.465060,50.432480)(7.465620,50.433250)(7.465870,50.433770)(7.466070,50.434430)
10003	534.000000	(7.465060,50.432480)(7.463670,50.433070)(7.462660,50.434220)
10004	358.000000	(7.469610,50.432490)(7.471580,50.433490)
10005	204.000000	(7.469610,50.432490)(7.468600,50.433140)
10007	42.000000	(7.469730,50.432320)(7.469610,50.432490)
10008	748.000000	(7.482700,50.432170)(7.484980,50.435200)
10009	244.000000	(7.482700,50.432170)(7.481010,50.432360)
10012	384.000000	(7.466180,50.432280)(7.468210,50.433420)
10013	166.000000	(7.466180,50.432280)(7.465060,50.432480)
10021	260.000000	(7.467590,50.432170)(7.468600,50.433140)
10022	202.000000	(7.467590,50.432170)(7.466180,50.432280)
10023	334.000000	(7.467590,50.432170)(7.469520,50.432120)(7.469730,50.432320)
10026	878.000000	(7.475790,50.431680)(7.469730,50.432320)
10028	358.000000	(7.457480,50.431840)(7.459900,50.432250)
10033	190.000000	(7.460710,50.431570)(7.459900,50.432250)
10034	64.000000	(7.457710,50.431590)(7.457480,50.431840)
10038	320.000000	(7.479870,50.431120)(7.481010,50.432360)
10039	158.000000	(7.479870,50.431120)(7.478810,50.431310)
10040	278.000000	(7.463710,50.431280)(7.464890,50.432270)
10042	190.000000	(7.459570,50.431140)(7.460710,50.431570)
10043	80.000000	(7.459570,50.431140)(7.459340,50.431470)
10044	184.000000	(7.474120,50.430870)(7.472840,50.430970)
10045	90.000000	(7.466910,50.430840)(7.467180,50.431210)
10046	68.000000	(7.459800,50.430870)(7.459570,50.431140)
10047	186.000000	(7.458350,50.430870)(7.459570,50.431140)
10048	184.000000	(7.458350,50.430870)(7.457710,50.431590)
10049	254.000000	(7.461880,50.430760)(7.461070,50.431480)(7.460710,50.431570)
10051	38.000000	(7.458220,50.430720)(7.458350,50.430870)
10053	206.000000	(7.464560,50.430530)(7.463710,50.431280)
10054	756.000000	(7.479330,50.430260)(7.474120,50.430870)
10057	288.000000	(7.467960,50.429820)(7.469630,50.430540)
10058	272.000000	(7.467960,50.429820)(7.466910,50.430840)
10059	144.000000	(7.479260,50.429610)(7.479330,50.430260)
10060	460.000000	(7.458990,50.429840)(7.461880,50.430760)
10061	224.000000	(7.458990,50.429840)(7.458220,50.430720)
10062	292.000000	(7.474060,50.429570)(7.474100,50.429750)(7.474020,50.430170)(7.474010,50.430510)(7.474120,50.430870)
10063	316.000000	(7.462830,50.429650)(7.464560,50.430530)
10064	128.000000	(7.462830,50.429650)(7.462370,50.430150)
10065	220.000000	(7.472520,50.429500)(7.474060,50.429570)
10066	330.000000	(7.472520,50.429500)(7.472840,50.430970)
10068	472.000000	(7.476720,50.429200)(7.476690,50.429570)(7.476570,50.429680)(7.474060,50.429570)
10069	98.000000	(7.463220,50.429290)(7.462830,50.429650)
10070	96.000000	(7.468560,50.429200)(7.469220,50.429260)
10071	162.000000	(7.468560,50.429200)(7.467960,50.429820)
10072	128.000000	(7.479140,50.429040)(7.479260,50.429610)
10073	348.000000	(7.479140,50.429040)(7.476720,50.429200)
10075	56.000000	(7.482320,50.428950)(7.482690,50.429030)
10076	454.000000	(7.459550,50.429200)(7.462370,50.430150)
10077	164.000000	(7.459550,50.429200)(7.458990,50.429840)
10078	28.000000	(7.482130,50.428910)(7.482320,50.428950)
10079	112.000000	(7.466090,50.429030)(7.466750,50.429300)
10080	398.000000	(7.466090,50.429030)(7.464560,50.430530)
10081	294.000000	(7.468560,50.429200)(7.467000,50.429050)(7.466750,50.429300)
10083	100.000000	(7.481460,50.428770)(7.482130,50.428910)
10084	386.000000	(7.481460,50.428770)(7.481270,50.429050)(7.480820,50.429300)(7.479260,50.429610)
10088	350.000000	(7.465250,50.428920)(7.463770,50.429540)(7.463220,50.429290)
10091	146.000000	(7.463790,50.428740)(7.463220,50.429290)
10093	238.000000	(7.473960,50.428500)(7.474060,50.429570)
10095	246.000000	(7.472240,50.428410)(7.473960,50.428500)
10096	246.000000	(7.472240,50.428410)(7.472520,50.429500)
10097	368.000000	(7.479010,50.428260)(7.481460,50.428770)
10098	174.000000	(7.479010,50.428260)(7.479140,50.429040)
10101	188.000000	(7.482500,50.428190)(7.482690,50.429030)
10104	280.000000	(7.469830,50.428290)(7.469800,50.428460)(7.469850,50.428540)(7.469810,50.428810)(7.469280,50.428940)(7.469220,50.429260)
10105	472.000000	(7.460200,50.428360)(7.462830,50.429650)
10106	208.000000	(7.460200,50.428360)(7.459550,50.429200)
10107	156.000000	(7.464380,50.428150)(7.463790,50.428740)
10108	60.000000	(7.460410,50.428130)(7.460200,50.428360)
10109	300.000000	(7.476850,50.427850)(7.476800,50.428130)(7.476720,50.429200)
10112	326.000000	(7.461960,50.427860)(7.463790,50.428740)
10113	102.000000	(7.461960,50.427860)(7.461580,50.428250)
10114	200.000000	(7.475520,50.427580)(7.476850,50.427850)
10117	206.000000	(7.479530,50.427390)(7.479010,50.428260)
10118	122.000000	(7.461260,50.427550)(7.461960,50.427860)
10119	208.000000	(7.461260,50.427550)(7.460570,50.428200)(7.460410,50.428130)
10122	446.000000	(7.467000,50.427430)(7.469830,50.428290)
10123	232.000000	(7.467000,50.427430)(7.466170,50.428330)
10127	38.000000	(7.461030,50.427470)(7.461260,50.427550)
10128	172.000000	(7.461030,50.427470)(7.460410,50.428130)
10129	234.000000	(7.473950,50.427270)(7.475520,50.427580)
10130	274.000000	(7.473950,50.427270)(7.473960,50.428500)
10131	174.000000	(7.478350,50.427180)(7.479530,50.427390)
10132	152.000000	(7.478350,50.427180)(7.478050,50.427840)
10133	46.000000	(7.467060,50.427230)(7.467000,50.427430)
10134	162.000000	(7.477250,50.427000)(7.478350,50.427180)
10135	198.000000	(7.477250,50.427000)(7.476850,50.427850)
10137	128.000000	(7.479840,50.426850)(7.479530,50.427390)
10138	502.000000	(7.481050,50.426790)(7.482090,50.428350)(7.482160,50.428650)(7.482130,50.428910)
10139	330.000000	(7.471740,50.426850)(7.473950,50.427270)
10140	354.000000	(7.471740,50.426850)(7.472240,50.428410)
10141	170.000000	(7.479930,50.426690)(7.481050,50.426790)
10142	38.000000	(7.479930,50.426690)(7.479840,50.426850)
10145	208.000000	(7.475900,50.426650)(7.477250,50.427000)
10146	216.000000	(7.475900,50.426650)(7.475700,50.426980)(7.475670,50.427270)(7.475520,50.427580)
10147	198.000000	(7.478500,50.426610)(7.479840,50.426850)
10151	216.000000	(7.465850,50.426650)(7.467060,50.427230)
10152	136.000000	(7.477570,50.426460)(7.478500,50.426610)
10153	128.000000	(7.477570,50.426460)(7.477250,50.427000)
10154	90.000000	(7.461880,50.426620)(7.462370,50.426860)
10155	224.000000	(7.461880,50.426620)(7.461030,50.427470)
10159	80.000000	(7.462170,50.426530)(7.462370,50.426860)
10160	46.000000	(7.462170,50.426530)(7.461880,50.426620)
10161	244.000000	(7.474290,50.426290)(7.475900,50.426650)
10162	222.000000	(7.474290,50.426290)(7.473950,50.427270)
10168	190.000000	(7.480450,50.426030)(7.481050,50.426790)
10169	164.000000	(7.480450,50.426030)(7.479930,50.426690)
10170	164.000000	(7.473180,50.426090)(7.474290,50.426290)
10171	550.000000	(7.468070,50.426100)(7.471740,50.426850)
10172	290.000000	(7.468070,50.426100)(7.467060,50.427230)
10173	30.000000	(7.480540,50.425910)(7.480450,50.426030)
10177	18.000000	(7.480610,50.425840)(7.480540,50.425910)
10178	98.000000	(7.467420,50.425970)(7.468070,50.426100)
10179	170.000000	(7.472040,50.425880)(7.473180,50.426090)
10180	222.000000	(7.472040,50.425880)(7.471990,50.426220)(7.471770,50.426640)(7.471740,50.426850)
10183	114.000000	(7.466650,50.425840)(7.467420,50.425970)
10184	214.000000	(7.466650,50.425840)(7.465850,50.426650)
10188	110.000000	(7.466790,50.425690)(7.467420,50.425970)
10189	38.000000	(7.466790,50.425690)(7.466650,50.425840)
10190	30.000000	(7.466910,50.425580)(7.466790,50.425690)
10198	450.000000	(7.463310,50.425450)(7.465850,50.426650)
10199	290.000000	(7.463310,50.425450)(7.462170,50.426530)
10201	140.000000	(7.471770,50.425280)(7.471960,50.425570)(7.472040,50.425880)
10202	330.000000	(7.463160,50.425380)(7.461880,50.426620)
10203	250.000000	(7.479580,50.425050)(7.480450,50.426030)
10204	382.000000	(7.479580,50.425050)(7.479410,50.425160)(7.478500,50.426610)
10206	72.000000	(7.463610,50.425190)(7.463310,50.425450)
10210	30.000000	(7.463420,50.425140)(7.463610,50.425190)
10211	64.000000	(7.463420,50.425140)(7.463160,50.425380)
10212	190.000000	(7.465830,50.425080)(7.466910,50.425580)
10213	276.000000	(7.473200,50.424870)(7.473310,50.425160)(7.473350,50.425450)(7.473310,50.425760)(7.473180,50.426090)
10214	224.000000	(7.473200,50.424870)(7.471770,50.425280)
10215	414.000000	(7.475750,50.424780)(7.475690,50.425050)(7.475220,50.425470)(7.474570,50.425790)(7.474370,50.426040)(7.474290,50.426290)
10216	196.000000	(7.462090,50.424920)(7.463420,50.425140)
10217	184.000000	(7.462090,50.424920)(7.463160,50.425380)
10218	366.000000	(7.475750,50.424780)(7.473200,50.424870)
10224	118.000000	(7.465140,50.424780)(7.465830,50.425080)
10225	78.000000	(7.465860,50.424730)(7.465810,50.424910)(7.465830,50.425080)
10226	104.000000	(7.465860,50.424730)(7.465140,50.424780)
10227	62.000000	(7.461730,50.424760)(7.462090,50.424920)
10231	184.000000	(7.464350,50.424570)(7.463420,50.425140)
10232	234.000000	(7.476860,50.424400)(7.476840,50.424710)(7.475750,50.424780)
10235	36.000000	(7.464550,50.424470)(7.464350,50.424570)
10236	160.000000	(7.479120,50.424390)(7.479580,50.425050)
10237	66.000000	(7.479120,50.424390)(7.478770,50.424580)
10238	10.000000	(7.479090,50.424270)(7.479020,50.424290)
10239	20.000000	(7.479170,50.424200)(7.479090,50.424270)
10240	54.000000	(7.476870,50.424160)(7.476860,50.424400)
10241	330.000000	(7.470150,50.424230)(7.471770,50.425280)
10242	514.000000	(7.470150,50.424230)(7.469080,50.424990)(7.468070,50.426100)
10243	138.000000	(7.475750,50.424160)(7.475750,50.424780)
10249	128.000000	(7.465720,50.424210)(7.465920,50.424370)(7.465950,50.424560)(7.465860,50.424730)
10252	100.000000	(7.465070,50.424170)(7.464550,50.424470)
10257	132.000000	(7.470890,50.423880)(7.470150,50.424230)
10258	62.000000	(7.465710,50.423940)(7.465650,50.424090)(7.465720,50.424210)
10260	104.000000	(7.465710,50.423940)(7.465070,50.424170)
10265	250.000000	(7.462750,50.423840)(7.461730,50.424760)
10268	202.000000	(7.469120,50.423610)(7.470150,50.424230)
10269	426.000000	(7.469120,50.423610)(7.467490,50.424620)(7.467150,50.425030)
10277	146.000000	(7.470300,50.423340)(7.470890,50.423880)
10281	236.000000	(7.472240,50.423260)(7.470890,50.423880)
10289	222.000000	(7.467960,50.422940)(7.469120,50.423610)
10290	392.000000	(7.467960,50.422940)(7.465710,50.423940)
10292	170.000000	(7.473200,50.422810)(7.472240,50.423260)
10321	568.000000	(7.476980,50.421920)(7.478900,50.424160)
10322	468.000000	(7.476190,50.421960)(7.473200,50.422810)
10325	24.000000	(7.476810,50.421910)(7.476980,50.421920)
10326	90.000000	(7.476810,50.421910)(7.476190,50.421960)
11145	254.000000	(7.464560,50.430530)(7.466230,50.430930)
11146	100.000000	(7.466910,50.430840)(7.466230,50.430930)
11456	20.000000	(7.462370,50.430150)(7.462300,50.430230)
11457	132.000000	(7.462300,50.430230)(7.461880,50.430760)
11635	588.000000	(7.480610,50.425840)(7.482500,50.428190)
11639	80.000000	(7.477660,50.424410)(7.478200,50.424510)
11657	114.000000	(7.476860,50.424400)(7.477660,50.424410)
11658	82.000000	(7.478200,50.424510)(7.478770,50.424580)
11730	328.000000	(7.469830,50.428290)(7.472080,50.428440)
11731	24.000000	(7.472240,50.428410)(7.472080,50.428440)
11732	226.000000	(7.472080,50.428440)(7.471910,50.429450)
11733	386.000000	(7.469220,50.429260)(7.471910,50.429450)
11734	38.000000	(7.472520,50.429500)(7.472270,50.429570)
11735	434.000000	(7.472270,50.429570)(7.469630,50.430540)
11736	58.000000	(7.471910,50.429450)(7.472270,50.429570)
11744	274.000000	(7.465850,50.426650)(7.464810,50.427690)
11745	312.000000	(7.462370,50.426860)(7.464100,50.427720)
11746	104.000000	(7.464100,50.427720)(7.464380,50.428150)
11747	108.000000	(7.464810,50.427690)(7.464100,50.427720)
11750	310.000000	(7.462300,50.430230)(7.463110,50.430730)(7.463710,50.431280)
11772	222.000000	(7.473960,50.428500)(7.475490,50.428650)
11773	124.000000	(7.466230,50.430930)(7.466960,50.431230)
11774	208.000000	(7.466960,50.431230)(7.467100,50.431750)(7.466630,50.432010)
11775	256.000000	(7.466630,50.432010)(7.464890,50.432270)
11776	160.000000	(7.467180,50.431210)(7.467360,50.431920)
11777	106.000000	(7.467360,50.431920)(7.466630,50.432010)
11778	344.000000	(7.469630,50.430540)(7.467410,50.431140)
11779	98.000000	(7.466910,50.430840)(7.467410,50.431140)
11780	226.000000	(7.467410,50.431140)(7.467570,50.431670)(7.467980,50.431650)(7.468210,50.431800)
11781	124.000000	(7.468210,50.431800)(7.467360,50.431920)
11782	240.000000	(7.469630,50.430540)(7.471010,50.431160)
11783	264.000000	(7.472840,50.430970)(7.471010,50.431160)
12003	270.000000	(7.474010,50.446240)(7.473600,50.446930)(7.473520,50.447400)
12004	198.000000	(7.472260,50.446360)(7.470880,50.446390)
12005	252.000000	(7.474010,50.446240)(7.472260,50.446360)
12006	112.000000	(7.471330,50.444060)(7.470560,50.444130)
12007	128.000000	(7.470560,50.444130)(7.469670,50.444140)
12008	114.000000	(7.471410,50.444320)(7.470630,50.444410)
12009	106.000000	(7.470630,50.444410)(7.469890,50.444460)
12010	112.000000	(7.471500,50.444600)(7.470730,50.444710)
12011	82.000000	(7.470730,50.444710)(7.470170,50.444810)
12012	184.000000	(7.469060,50.440470)(7.468490,50.441210)
12025	76.000000	(7.468490,50.441210)(7.468280,50.441520)
12026	34.000000	(7.466730,50.437290)(7.466830,50.437430)
12027	232.000000	(7.466830,50.437430)(7.467690,50.438320)
12028	324.000000	(7.466560,50.437170)(7.466450,50.437560)(7.466100,50.438260)(7.466040,50.438590)
12029	132.000000	(7.466470,50.436370)(7.466540,50.436960)
12040	46.000000	(7.466540,50.436960)(7.466560,50.437170)
12041	34.000000	(7.466470,50.436370)(7.466690,50.436420)
12042	142.000000	(7.466690,50.436420)(7.467450,50.436830)
12043	194.000000	(7.466690,50.436420)(7.466730,50.437290)
12044	36.000000	(7.465040,50.435240)(7.464890,50.435370)
12045	234.000000	(7.466070,50.434430)(7.465200,50.435310)
12046	38.000000	(7.465200,50.435310)(7.465070,50.435460)
12047	28.000000	(7.465040,50.435240)(7.465200,50.435310)
12048	270.000000	(7.466120,50.434720)(7.466330,50.435930)
12049	36.000000	(7.466330,50.435930)(7.466280,50.436090)
12050	212.000000	(7.465200,50.435310)(7.466330,50.435930)
12057	408.000000	(7.462660,50.434220)(7.465040,50.435240)
12059	160.000000	(7.467020,50.434240)(7.466070,50.434430)
12060	250.000000	(7.468210,50.433420)(7.467020,50.434240)
12061	52.000000	(7.464890,50.432270)(7.465060,50.432480)
12062	64.000000	(7.467360,50.431920)(7.467590,50.432170)
12063	206.000000	(7.479330,50.430260)(7.479870,50.431120)
12064	78.000000	(7.470390,50.437340)(7.470060,50.437620)
12065	76.000000	(7.470060,50.437620)(7.469730,50.437890)
12066	154.000000	(7.471870,50.436120)(7.471240,50.436680)
12067	140.000000	(7.472570,50.435680)(7.471870,50.436120)
12068	414.000000	(7.477220,50.432580)(7.479770,50.433460)
12069	854.000000	(7.477220,50.432580)(7.475920,50.432500)(7.472240,50.433150)(7.471580,50.433490)
12070	376.000000	(7.475150,50.446350)(7.476810,50.447670)
12071	216.000000	(7.476810,50.447670)(7.477680,50.448470)
12098	224.000000	(7.464640,50.438130)(7.466040,50.438590)
12136	422.000000	(7.464890,50.432270)(7.462320,50.433200)
12142	162.000000	(7.462320,50.433200)(7.461390,50.433620)
12171	240.000000	(7.466070,50.434430)(7.465600,50.434640)(7.465040,50.435240)
12172	378.000000	(7.466040,50.438590)(7.465970,50.438990)(7.465970,50.439280)(7.465980,50.439670)(7.465820,50.439940)(7.465440,50.440160)
12228	108.000000	(7.464550,50.424470)(7.465140,50.424780)
12482	30.000000	(7.472990,50.441250)(7.473020,50.441380)
12483	74.000000	(7.472500,50.441370)(7.473020,50.441380)
12484	148.000000	(7.472990,50.441250)(7.472970,50.441130)(7.472480,50.441140)(7.472500,50.441370)
12684	284.000000	(7.462810,50.423760)(7.464350,50.424570)
12685	20.000000	(7.462810,50.423760)(7.462750,50.423840)
12686	34.000000	(7.469280,50.423500)(7.469120,50.423610)
12739	38.000000	(7.475350,50.437050)(7.475110,50.437070)
12740	38.000000	(7.475060,50.436920)(7.475030,50.436960)(7.475110,50.437070)
12741	38.000000	(7.475300,50.436880)(7.475060,50.436920)
12742	42.000000	(7.475300,50.436880)(7.475390,50.437000)(7.475350,50.437050)
12743	120.000000	(7.464810,50.427690)(7.464380,50.428150)
13034	106.000000	(7.461520,50.433690)(7.462080,50.433990)
13035	98.000000	(7.462080,50.433990)(7.462660,50.434220)
13074	94.000000	(7.467530,50.425860)(7.468070,50.426100)
13075	108.000000	(7.466910,50.425580)(7.467530,50.425860)
13703	302.000000	(7.478370,50.425200)(7.477570,50.426460)
13704	74.000000	(7.478770,50.424580)(7.478560,50.424880)
13705	76.000000	(7.478560,50.424880)(7.478370,50.425200)
13731	196.000000	(7.481450,50.437220)(7.480150,50.437490)
13732	88.000000	(7.480150,50.437490)(7.479570,50.437630)
13733	32.000000	(7.466380,50.443730)(7.466570,50.443810)
13734	58.000000	(7.466570,50.443810)(7.466720,50.444050)
13735	54.000000	(7.466720,50.444050)(7.466770,50.444290)
13740	88.000000	(7.467090,50.441670)(7.466500,50.441770)
13741	50.000000	(7.467630,50.441450)(7.467380,50.441610)
13742	44.000000	(7.467380,50.441610)(7.467090,50.441670)
13755	116.000000	(7.466750,50.429300)(7.467420,50.429600)
13756	92.000000	(7.467420,50.429600)(7.467960,50.429820)
13767	324.000000	(7.470160,50.431280)(7.469610,50.431360)(7.469390,50.431650)(7.468210,50.431800)
13768	124.000000	(7.471010,50.431160)(7.470160,50.431280)
23157	152.000000	(7.457480,50.431840)(7.456960,50.432440)
23160	8.000000	(7.456960,50.432440)(7.456960,50.432480)
27849	68.000000	(7.465870,50.447680)(7.465850,50.447990)
27863	210.000000	(7.464560,50.442770)(7.466000,50.442950)
27864	86.000000	(7.466850,50.440750)(7.466250,50.440770)
27866	80.000000	(7.464360,50.441210)(7.464060,50.441510)
27876	626.000000	(7.482390,50.447580)(7.482420,50.447850)(7.481130,50.449930)(7.481150,50.450240)
27877	362.000000	(7.467230,50.447120)(7.467030,50.447220)(7.466680,50.448670)
27998	50.000000	(7.456960,50.432480)(7.457280,50.432560)
28003	178.000000	(7.459900,50.432250)(7.459430,50.432990)
28004	322.000000	(7.457280,50.432560)(7.459430,50.432990)
28005	316.000000	(7.459430,50.432990)(7.460620,50.433270)(7.461390,50.433620)
28007	60.000000	(7.479400,50.423970)(7.479170,50.424200)
28009	34.000000	(7.478900,50.424160)(7.479020,50.424290)
28010	26.000000	(7.479020,50.424290)(7.479120,50.424390)
28012	318.000000	(7.464380,50.428150)(7.464790,50.428480)(7.466090,50.429030)
28013	68.000000	(7.466280,50.436090)(7.466470,50.436370)
28014	122.000000	(7.466330,50.435930)(7.466690,50.436420)
28015	136.000000	(7.473700,50.439440)(7.474600,50.439640)
28016	52.000000	(7.471820,50.439410)(7.472090,50.439510)
28017	26.000000	(7.471910,50.439310)(7.471820,50.439410)
28018	38.000000	(7.471910,50.439310)(7.472150,50.439350)
28019	40.000000	(7.472150,50.439350)(7.472180,50.439410)(7.472090,50.439510)
28020	426.000000	(7.479280,50.441100)(7.479340,50.442200)(7.478830,50.442580)(7.478450,50.442380)
28021	82.000000	(7.477990,50.442160)(7.478450,50.442380)
28022	228.000000	(7.474250,50.441870)(7.475830,50.441990)
28043	322.000000	(7.476850,50.427850)(7.479010,50.428260)
28044	36.000000	(7.479530,50.427390)(7.479770,50.427440)
end {BasicAreas}

begin {AdjacencyList}
8928	8960
8928	8932
8932	8975
8932	9015
8960	9016
8960	9040
8975	9015
8975	8976
8975	9027
8976	9027
8995	8998
8995	9059
8998	9059
8998	9024
8998	9025
9015	9016
9015	9028
9015	9119
9015	27876
9016	9040
9016	9028
9016	9119
9016	27876
9024	9025
9025	9052
9027	9028
9027	9031
9027	9092
9028	9119
9028	27876
9028	9031
9028	9092
9031	9092
9040	9125
9052	9058
9052	9123
9058	9059
9058	9102
9058	9123
9059	9102
9069	9094
9069	9111
9092	9096
9092	9177
9094	9111
9096	9177
9102	9143
9110	9111
9110	9128
9111	9128
9119	9189
9119	9209
9119	27876
9123	9142
9123	27877
9125	9126
9125	9186
9125	12071
9126	9186
9126	12071
9128	9153
9128	9163
9142	9143
9142	27877
9153	9163
9154	9173
9154	9183
9162	9163
9162	9174
9163	9174
9173	9193
9173	9203
9173	9206
9173	9183
9174	9194
9174	9204
9177	9198
9177	9229
9183	9195
9183	9205
9186	12071
9186	9190
9186	9343
9189	9190
9189	9212
9189	9347
9189	9209
9190	9343
9190	9212
9190	9347
9193	9194
9193	9215
9193	9203
9193	9206
9194	9204
9194	9215
9195	9205
9195	9211
9195	9217
9196	9197
9196	9216
9197	9216
9198	9208
9198	9270
9198	27876
9198	9229
9203	9220
9203	9246
9203	9206
9205	9206
9205	9218
9206	9218
9208	9209
9208	9212
9208	9314
9208	9270
9208	27876
9209	9212
9209	9314
9211	9217
9211	9225
9211	9307
9212	9347
9212	9314
9215	9247
9215	9265
9216	9258
9216	27849
9217	9218
9217	9248
9218	9248
9220	9246
9220	9248
9220	9259
9221	9224
9224	9225
9224	12003
9225	9307
9225	12003
9228	9229
9228	9271
9229	9271
9246	9247
9246	9282
9247	9265
9247	9282
9248	9259
9258	9264
9258	9298
9258	27849
9259	9260
9259	9267
9260	9267
9264	9298
9264	9275
9264	9281
9265	9274
9265	27877
9270	9272
9270	9313
9270	27876
9271	9272
9271	9329
9272	9313
9272	9329
9274	9275
9274	9283
9274	9295
9274	27877
9275	9281
9275	9283
9275	9295
9281	9296
9281	9306
9282	9283
9282	9308
9282	9310
9283	9295
9283	9308
9283	9310
9295	9296
9295	9315
9296	9306
9296	9315
9298	9312
9306	9316
9306	9336
9307	9308
9307	12004
9308	9310
9308	12004
9310	9311
9310	9368
9311	9368
9312	9443
9313	9314
9313	9361
9314	9361
9315	9316
9315	9352
9316	9336
9316	9352
9324	9325
9324	9335
9324	12070
9325	9382
9325	12003
9325	12005
9325	9335
9329	9337
9329	9405
9335	9341
9336	9338
9336	9353
9337	9405
9338	9340
9338	9370
9338	9353
9340	9370
9341	9344
9341	9367
9343	9344
9343	9348
9344	9367
9344	9348
9345	9346
9345	9378
9346	9378
9347	9348
9347	9363
9347	9391
9348	9363
9348	9391
9352	9353
9352	9383
9353	9383
9361	9362
9361	9363
9361	9421
9362	9363
9362	9421
9363	9391
9363	9421
9367	9428
9368	9387
9368	9437
9370	9384
9370	9404
9378	9379
9378	9408
9379	9408
9382	12003
9382	12005
9382	9426
9382	9429
9383	9384
9383	9402
9384	9404
9384	9402
9387	9437
9391	9419
9402	9403
9402	9413
9403	9413
9404	9414
9404	9425
9405	9471
9408	9409
9408	9434
9409	9434
9413	9414
9413	9448
9414	9425
9414	9448
9415	9417
9415	9430
9415	9457
9417	9418
9417	9436
9417	9430
9417	9457
9418	9436
9421	9464
9425	9449
9425	9461
9426	9427
9426	9433
9426	9429
9427	12004
9427	12005
9427	9433
9428	9429
9428	9465
9429	9465
9430	9457
9430	9435
9430	9470
9433	9434
9433	9435
9434	9435
9435	9470
9436	9437
9436	9441
9437	9441
9441	9445
9441	9473
9443	9525
9445	9446
9445	9447
9445	9473
9446	9447
9447	9448
9447	9449
9447	9466
9448	9449
9448	9466
9449	9461
9449	9466
9457	9476
9457	12011
9461	9467
9461	9519
9464	9465
9464	9485
9464	9509
9465	9485
9465	9509
9466	9467
9466	9508
9467	9519
9467	9508
9470	9479
9470	12010
9471	9485
9473	9474
9473	9498
9474	9498
9476	9487
9476	12009
9476	12011
9479	9491
9479	12008
9479	12010
9485	9509
9487	9500
9487	12007
9487	12009
9491	9505
9491	12006
9491	12008
9498	9531
9500	9506
9500	12007
9505	9506
9505	9537
9505	12006
9506	9537
9508	9514
9508	9520
9509	9510
9509	9527
9510	9527
9512	9513
9512	9541
9512	9517
9512	13733
9513	9514
9513	9548
9513	9541
9514	9520
9514	9548
9517	13733
9519	9521
9519	9524
9520	9521
9520	9528
9521	9524
9521	9528
9525	9533
9527	9532
9527	9539
9528	9552
9530	9531
9530	9540
9530	9542
9530	9534
9530	9635
9531	9540
9531	9542
9532	9536
9532	9610
9532	9539
9533	9553
9534	9635
9534	9538
9534	9618
9536	9537
9536	9538
9536	9612
9536	9610
9537	9538
9537	9612
9538	9618
9538	9612
9539	9613
9540	9541
9540	27863
9540	9542
9541	27863
9542	9559
9542	9649
9552	9553
9552	9651
9552	27863
9553	9651
9553	27863
9559	9649
9559	9633
9559	9647
9574	9600
9574	9624
9574	28021
9583	9589
9583	9597
9586	9587
9586	9620
9587	9620
9589	9590
9589	28022
9589	9597
9590	28022
9592	9593
9592	9624
9593	9624
9596	9597
9596	9609
9596	9630
9597	9609
9597	9630
9600	9601
9600	9621
9600	9624
9600	28021
9601	9621
9608	9609
9608	9622
9609	9630
9609	9622
9610	9611
9610	9614
9611	9612
9611	9617
9611	9716
9611	9614
9612	9617
9612	9716
9613	9614
9613	9687
9613	28022
9614	9687
9614	28022
9617	9618
9617	9623
9617	9716
9618	9623
9619	9620
9619	9629
9619	9685
9620	9629
9620	9685
9621	9622
9621	9662
9622	9662
9623	9634
9623	9715
9624	28021
9628	9629
9628	9641
9629	9685
9629	9641
9630	9638
9630	9680
9633	9648
9633	13740
9633	9647
9634	9635
9634	9646
9634	9715
9635	9646
9638	9644
9638	9691
9638	9680
9640	9641
9640	9660
9641	9660
9644	9652
9644	9699
9644	9691
9645	9650
9645	9682
9646	9647
9646	9657
9647	9657
9648	9649
9648	9667
9648	9706
9648	13740
9649	9667
9649	9706
9650	9682
9651	9667
9651	9674
9651	27863
9652	9658
9652	9705
9652	9699
9657	9665
9657	12025
9658	9705
9659	9660
9659	9672
9660	9672
9662	9675
9662	9701
9665	9713
9665	13741
9665	12025
9667	9674
9667	9706
9671	9672
9671	9695
9672	9695
9674	27866
9675	9679
9675	9745
9675	9701
9679	9680
9679	9690
9679	9745
9680	9690
9681	9682
9681	9700
9681	9686
9681	28020
9682	9700
9685	9686
9685	9736
9686	28020
9686	9736
9687	9688
9687	9719
9687	28022
9688	12482
9688	12484
9688	9719
9690	9691
9690	9698
9690	9709
9691	9698
9691	9709
9694	9695
9694	9708
9695	9708
9698	9699
9698	9704
9698	9714
9698	9709
9699	9704
9699	9714
9700	9701
9700	9741
9701	9741
9704	9705
9704	9731
9704	9758
9704	9714
9705	9731
9705	9758
9706	9751
9707	9708
9707	9725
9708	9725
9712	27866
9712	9752
9713	9724
9713	27864
9713	13741
9715	9717
9715	9771
9716	9717
9716	9720
9717	9771
9717	9720
9719	9720
9719	9732
9719	9769
9720	9732
9720	9769
9723	9724
9723	9742
9723	9743
9723	12012
9723	12025
9724	27864
9724	9742
9724	9743
9725	9734
9725	9735
9726	9778
9726	12012
9731	9732
9731	9762
9731	9758
9732	9769
9732	9762
9734	9735
9734	9739
9734	9740
9734	9756
9735	9736
9735	9747
9736	9747
9739	9740
9739	9756
9740	9756
9741	9744
9741	9759
9742	9743
9743	9783
9744	9745
9744	9746
9744	9759
9745	9746
9746	9750
9746	9774
9747	9748
9747	9792
9748	9792
9749	9750
9749	9753
9750	9753
9750	9774
9751	9752
9751	12172
9752	12172
9753	9754
9753	9772
9754	9755
9754	9757
9754	9772
9755	9757
9757	9758
9757	9761
9757	9768
9758	9761
9758	9768
9759	9760
9759	9775
9760	9775
9761	9762
9761	9801
9761	28015
9761	9768
9762	9801
9762	28015
9769	28016
9769	28019
9770	9771
9770	9777
9770	28016
9770	28017
9771	9777
9772	9773
9772	9776
9773	9776
9774	9776
9774	9779
9775	9779
9775	9802
9776	9779
9777	9778
9777	9782
9777	9815
9778	12012
9778	9782
9778	9815
9779	9802
9780	9781
9780	9818
9780	9808
9780	28015
9781	28018
9781	28019
9781	9818
9782	9783
9782	9803
9782	9809
9782	9815
9783	9803
9783	9809
9786	9790
9786	9791
9787	9788
9787	9789
9788	9789
9789	9790
9789	9795
9790	9791
9790	9795
9791	9792
9791	9798
9792	9798
9795	9796
9795	9797
9795	9804
9796	9797
9796	9804
9797	9804
9798	9799
9798	9829
9799	9829
9800	9801
9800	9807
9800	9828
9801	28015
9801	9807
9801	9828
9802	9813
9802	9827
9803	9849
9803	12028
9803	12098
9803	12172
9803	9809
9804	9805
9804	9806
9804	9810
9805	9806
9805	9810
9806	9810
9807	9817
9807	9828
9808	28015
9809	9826
9809	12027
9813	9827
9815	9823
9815	9825
9817	9818
9817	9854
9818	9854
9822	9823
9822	9841
9822	12065
9822	28017
9822	28018
9823	9825
9823	9841
9823	12065
9825	9826
9825	9842
9826	12027
9826	9842
9827	9853
9827	9862
9829	9834
9829	9839
9833	9834
9833	9837
9834	9839
9834	9837
9835	9840
9835	9857
9836	9837
9836	9838
9837	9838
9838	9844
9838	9850
9839	9858
9839	13731
9840	9873
9840	12064
9840	9857
9841	9842
9841	9848
9841	12065
9842	9848
9843	9844
9844	9850
9848	9864
9848	9897
9849	12028
9849	12098
9849	12172
9849	12026
9849	12043
9850	9851
9850	9855
9850	9863
9851	9855
9851	9863
9853	12739
9853	12742
9853	9862
9854	12739
9854	12740
9855	9863
9857	9872
9857	9883
9858	9870
9858	9895
9858	13731
9862	9881
9862	9888
9863	9865
9863	9868
9864	9910
9864	12042
9864	9897
9865	9866
9865	9879
9865	9868
9866	9879
9870	9874
9870	9907
9870	9895
9872	9873
9872	9896
9872	12066
9872	9883
9873	12064
9873	9896
9873	12066
9874	9880
9874	9909
9874	9907
9880	9887
9880	9912
9880	9909
9881	9894
9881	9898
9881	9888
9882	9883
9882	9913
9882	9914
9882	12740
9882	12741
9883	9913
9883	9914
9887	9889
9887	9917
9887	9912
9888	9889
9888	9891
9889	9891
9889	9917
9891	9918
9891	9926
9894	9898
9896	9897
9896	9919
9896	9943
9896	12066
9897	9919
9897	9943
9898	9899
9898	9927
9898	9935
9899	12741
9899	12742
9899	9927
9899	9935
9907	9908
9907	9922
9908	9909
9908	9911
9908	9922
9909	9911
9910	12042
9910	9920
9910	9940
9911	9912
9911	9916
9912	9916
9913	9914
9913	9936
9913	9945
9914	9942
9914	9946
9914	12067
9916	9917
9916	9918
9917	9918
9918	9926
9919	9920
9919	9961
9919	9943
9920	9940
9920	9961
9922	9925
9922	9999
9925	9999
9925	10008
9926	9927
9926	9983
9927	9935
9927	9983
9928	9934
9928	9939
9928	12046
9934	9939
9934	12046
9934	12049
9934	28013
9935	9936
9935	9958
9936	9945
9936	9958
9939	12044
9939	12046
9940	9956
9940	9975
9942	9943
9942	9960
9942	9973
9942	9946
9942	12067
9943	9960
9943	9973
9945	9946
9945	9959
9946	12067
9946	9959
9956	9957
9956	9975
9957	9965
9957	12048
9958	9959
9958	9972
9959	9972
9960	9961
9960	9974
9960	9985
9960	9973
9961	9974
9961	9985
9965	10002
9965	12045
9965	12059
9965	12171
9965	12048
9972	9973
9972	9984
9973	9984
9974	9975
9974	9988
9974	9985
9975	9988
9983	10000
9983	12068
9984	9985
9984	10004
9984	12069
9985	10004
9985	12069
9986	12142
9986	28005
9986	13034
9988	9990
9988	10012
9988	12060
9990	10012
9990	12060
9990	10005
9990	10021
9999	10000
9999	10009
9999	10038
10000	12068
10000	10009
10000	10038
10002	10003
10002	10013
10002	12061
10002	12045
10002	12059
10002	12171
10003	12057
10003	13035
10003	10013
10003	12061
10004	10005
10004	10007
10004	12069
10005	10021
10005	10007
10007	10023
10007	10026
10008	10009
10009	10038
10012	10013
10012	10022
10012	12060
10013	12061
10013	10022
10021	10022
10021	10023
10021	12062
10022	10023
10022	12062
10023	12062
10023	10026
10028	10034
10028	23157
10028	10033
10028	28003
10033	28003
10033	10042
10033	10049
10034	23157
10034	10048
10038	10039
10038	12063
10039	12063
10040	10053
10040	11750
10040	11775
10040	12061
10040	12136
10042	10043
10042	10046
10042	10047
10042	10049
10043	10046
10043	10047
10044	10066
10044	11783
10044	10054
10044	10062
10045	10058
10045	11146
10045	11779
10045	11776
10046	10047
10047	10048
10047	10051
10048	10051
10049	10060
10049	11457
10051	10061
10053	11750
10053	10063
10053	10080
10053	11145
10054	10062
10054	10059
10054	12063
10057	10058
10057	10071
10057	13756
10057	11735
10057	11778
10057	11782
10058	11146
10058	11779
10058	10071
10058	13756
10059	10072
10059	10084
10059	12063
10060	10061
10060	10077
10060	11457
10061	10077
10062	10065
10062	10068
10062	10093
10063	10064
10063	10069
10063	10105
10063	10080
10063	11145
10064	10076
10064	11456
10064	10069
10064	10105
10065	10066
10065	10096
10065	11734
10065	10068
10065	10093
10066	10096
10066	11734
10066	11783
10068	10093
10068	10073
10068	10109
10069	10105
10069	10088
10069	10091
10070	10071
10070	10081
10070	10104
10070	11733
10071	13756
10071	10081
10072	10073
10072	10098
10072	10084
10073	10109
10073	10098
10075	10078
10075	10101
10076	10077
10076	10106
10076	11456
10077	10106
10078	10083
10078	10138
10079	10080
10079	28012
10079	10081
10079	13755
10080	11145
10080	28012
10081	13755
10083	10084
10083	10097
10083	10138
10084	10097
10088	10091
10091	10107
10091	10112
10093	10095
10093	10130
10093	11772
10095	10096
10095	10140
10095	11731
10095	10130
10095	11772
10096	10140
10096	11731
10096	11734
10097	10098
10097	10117
10097	28043
10098	10117
10098	28043
10101	11635
10104	11733
10104	10122
10104	11730
10105	10106
10105	10108
10106	10108
10107	10112
10107	11746
10107	12743
10107	28012
10108	10119
10108	10128
10109	10114
10109	10135
10109	28043
10112	10113
10112	10118
10113	10118
10114	10129
10114	10146
10114	10135
10114	28043
10117	28043
10117	10131
10117	10137
10117	28044
10118	10119
10118	10127
10119	10128
10119	10127
10122	10123
10122	10133
10122	11730
10123	10133
10127	10128
10127	10155
10128	10155
10129	10130
10129	10139
10129	10162
10129	10146
10130	10139
10130	10162
10130	11772
10131	10132
10131	10134
10131	10137
10131	28044
10132	10134
10133	10151
10133	10172
10134	10135
10134	10145
10134	10153
10135	28043
10135	10145
10135	10153
10137	28044
10137	10142
10137	10147
10138	10141
10138	10168
10139	10140
10139	10171
10139	10180
10139	10162
10140	10171
10140	10180
10140	11731
10141	10142
10141	10169
10141	10168
10142	10147
10142	10169
10145	10146
10145	10161
10145	10153
10146	10161
10147	10152
10147	10204
10151	10184
10151	10198
10151	11744
10151	10172
10152	10153
10152	13703
10152	10204
10153	13703
10154	10155
10154	10160
10154	10202
10154	10159
10154	11745
10155	10160
10155	10202
10159	10160
10159	10199
10159	11745
10160	10202
10160	10199
10161	10162
10161	10170
10161	10215
10162	10170
10162	10215
10168	10169
10168	10173
10168	10203
10169	10173
10169	10203
10170	10179
10170	10213
10170	10215
10171	10172
10171	10178
10171	10242
10171	13074
10171	10180
10172	10178
10172	10242
10172	13074
10173	10203
10173	10177
10177	11635
10178	10183
10178	10188
10178	10242
10178	13074
10179	10180
10179	10201
10179	10213
10180	10201
10183	10184
10183	10189
10183	10188
10184	10198
10184	11744
10184	10189
10188	10189
10188	10190
10189	10190
10190	10212
10190	13075
10198	10199
10198	10206
10198	11744
10199	10206
10201	10214
10201	10241
10202	10211
10202	10217
10203	10204
10203	10236
10204	10236
10206	10210
10210	10211
10210	10216
10210	10231
10211	10217
10211	10216
10211	10231
10212	10224
10212	10225
10212	13075
10213	10214
10213	10218
10214	10241
10214	10218
10215	10218
10215	10232
10215	10243
10216	10217
10216	10227
10216	10231
10217	10227
10218	10232
10218	10243
10224	10226
10224	12228
10224	10225
10225	10226
10225	10249
10226	12228
10226	10249
10227	10265
10231	10235
10231	12684
10232	10243
10232	10240
10232	11657
10235	12684
10235	10252
10235	12228
10236	10237
10236	28010
10237	11658
10237	13704
10237	28010
10238	28009
10238	28010
10238	10239
10239	28007
10240	11657
10241	10242
10241	10257
10241	10268
10242	13074
10242	10257
10242	10268
10249	10258
10252	12228
10252	10260
10257	10268
10257	10277
10257	10281
10258	10260
10258	10290
10260	10290
10265	12685
10268	10269
10268	10289
10268	12686
10269	10289
10269	12686
10277	10281
10281	10292
10289	10290
10289	12686
10292	10322
10321	10325
10321	28009
10322	10326
10325	10326
11145	11146
11145	11773
11146	11773
11146	11779
11456	11457
11456	11750
11457	11750
11639	11657
11639	11658
11658	13704
11730	11731
11730	11732
11731	11732
11732	11733
11732	11736
11733	11736
11734	11735
11734	11736
11735	11778
11735	11782
11735	11736
11744	11747
11744	12743
11745	11746
11745	11747
11746	11747
11746	12743
11746	28012
11747	12743
11773	11774
11774	11775
11774	11777
11775	12061
11775	12136
11775	11777
11776	11777
11776	11781
11776	12062
11777	11781
11777	12062
11778	11779
11778	11780
11778	11782
11779	11780
11780	11781
11780	13767
11781	12062
11781	13767
11782	11783
11782	13768
11783	13768
12003	12005
12004	12005
12006	12007
12008	12009
12010	12011
12012	12025
12026	12043
12026	12027
12028	12098
12028	12172
12028	12040
12029	12041
12029	28013
12029	12040
12041	28013
12041	12042
12041	12043
12041	28014
12042	12043
12042	28014
12043	28014
12044	12047
12044	12057
12044	12171
12045	12046
12045	12047
12045	12050
12045	12059
12045	12171
12046	12047
12046	12050
12047	12057
12047	12171
12047	12050
12048	12049
12048	12050
12048	28014
12049	28013
12049	12050
12049	28014
12050	28014
12057	13035
12057	12171
12059	12171
12059	12060
12061	12136
12064	12065
12066	12067
12068	12069
12070	12071
12098	12172
12136	12142
12142	28005
12482	12484
12482	12483
12483	12484
12684	12685
12739	12740
12739	12742
12740	12741
12741	12742
12743	28012
13034	13035
13074	13075
13703	13705
13704	13705
13731	13732
13733	13734
13734	13735
13740	13742
13741	13742
13755	13756
13767	13768
23157	23160
23160	27998
27998	28004
28003	28004
28003	28005
28004	28005
28009	28010
28016	28017
28016	28019
28017	28018
28018	28019
28020	28021
end {AdjacencyList}

