begin {Parameters}
Number of BasicAreas
629
Basic Area Type
Line
Metric
geodecimal
end {Parameters}

#Parameter	ExtId	Activity	Coords	District
begin {BasicAreas}
0281	136.000000	(7.746290,50.378540)(7.747150,50.378800)
0282	46.000000	(7.739220,50.373440)(7.739520,50.373510)
0291	146.000000	(7.715820,50.384560)(7.714970,50.384920)
0292	346.000000	(7.739220,50.373440)(7.737580,50.374280)(7.737460,50.374480)
0297	1188.000000	(7.738000,50.374860)(7.737940,50.375040)(7.738030,50.375850)(7.738030,50.376240)(7.737830,50.377010)(7.737710,50.377310)(7.737650,50.378090)(7.737080,50.378780)(7.735340,50.379430)
0298	370.000000	(7.739520,50.373510)(7.738000,50.374860)
13250	128.000000	(7.704050,50.380120)(7.704580,50.380580)
13251	64.000000	(7.702300,50.384000)(7.702090,50.384250)
13252	380.000000	(7.713770,50.379490)(7.713820,50.380450)(7.713520,50.381170)
13253	396.000000	(7.735340,50.379430)(7.733190,50.380540)
13327	8.000000	(7.704580,50.380580)(7.704620,50.380610)
13328	286.000000	(7.704910,50.380880)(7.706120,50.381910)
13381	48.000000	(7.704610,50.380860)(7.704910,50.380880)
13382	62.000000	(7.704620,50.380610)(7.704530,50.380740)(7.704610,50.380860)
21018	222.000000	(7.742140,50.373100)(7.742960,50.373940)
21019	208.000000	(7.748010,50.376240)(7.749350,50.376610)
21020	182.000000	(7.751570,50.377850)(7.750840,50.378520)
21024	80.000000	(7.748010,50.381980)(7.748420,50.382210)
21034	246.000000	(7.742140,50.373100)(7.740940,50.373140)(7.740500,50.373300)
21035	36.000000	(7.748010,50.376240)(7.747940,50.376400)
21036	190.000000	(7.749320,50.378190)(7.748460,50.378840)
21037	132.000000	(7.750450,50.378940)(7.750530,50.378980)(7.750530,50.379090)(7.750160,50.379440)
21039	334.000000	(7.746080,50.379650)(7.747150,50.380430)(7.747730,50.380240)
21053	232.000000	(7.749320,50.378190)(7.750840,50.378520)
21054	98.000000	(7.750450,50.378940)(7.749840,50.379140)
21056	204.000000	(7.752790,50.380880)(7.751370,50.380930)
21058	60.000000	(7.750690,50.382840)(7.750430,50.383050)
21068	230.000000	(7.751550,50.378920)(7.751560,50.379080)(7.750860,50.379820)
21070	58.000000	(7.751260,50.380080)(7.750960,50.380260)
21082	132.000000	(7.749350,50.376610)(7.748690,50.377020)
21084	114.000000	(7.747630,50.377730)(7.748420,50.377810)
21085	138.000000	(7.750840,50.378520)(7.751550,50.378920)
21087	48.000000	(7.753120,50.380870)(7.752790,50.380880)
21100	110.000000	(7.750840,50.378520)(7.750450,50.378940)
21110	266.000000	(7.746530,50.375290)(7.748180,50.375840)
21112	206.000000	(7.746650,50.375980)(7.747940,50.376400)
21114	406.000000	(7.753600,50.376660)(7.752670,50.376800)(7.751240,50.377550)
21116	306.000000	(7.753300,50.379580)(7.752800,50.380330)(7.752730,50.380680)(7.752790,50.380880)
21117	230.000000	(7.749160,50.382570)(7.750690,50.382840)
21130	60.000000	(7.748460,50.378840)(7.748830,50.378970)
21132	160.000000	(7.748180,50.380750)(7.748190,50.381120)(7.747940,50.381430)
21145	292.000000	(7.746740,50.377960)(7.747660,50.378270)(7.747670,50.378400)(7.748150,50.378630)(7.748160,50.378740)
21146	142.000000	(7.748460,50.378840)(7.747520,50.379050)
21147	94.000000	(7.749840,50.379140)(7.749650,50.379540)
21160	106.000000	(7.747110,50.376520)(7.747770,50.376730)
21162	216.000000	(7.747940,50.381430)(7.748580,50.382100)(7.748420,50.382210)
21174	104.000000	(7.747110,50.376520)(7.746540,50.376810)
21176	296.000000	(7.745390,50.378990)(7.746230,50.378830)(7.746660,50.379080)(7.746930,50.379420)
21177	76.000000	(7.749040,50.379890)(7.749570,50.379940)
21199	48.000000	(7.748160,50.378740)(7.748460,50.378840)
21212	412.000000	(7.748180,50.375840)(7.750810,50.376420)
21215	92.000000	(7.750010,50.376770)(7.749590,50.377090)
21218	146.000000	(7.748160,50.378740)(7.747150,50.378800)
21220	132.000000	(7.746930,50.379420)(7.746080,50.379650)
21221	160.000000	(7.750860,50.379820)(7.750060,50.380320)
21222	264.000000	(7.746600,50.381230)(7.748010,50.381980)
21236	92.000000	(7.748180,50.375840)(7.748010,50.376240)
21237	30.000000	(7.749510,50.376520)(7.749350,50.376610)
21238	146.000000	(7.747770,50.376730)(7.748690,50.377020)
21239	210.000000	(7.750630,50.377120)(7.749870,50.377660)(7.749880,50.377790)(7.749950,50.377840)
21240	82.000000	(7.751240,50.377550)(7.751570,50.377850)
21242	194.000000	(7.750960,50.380260)(7.750850,50.380410)(7.750860,50.380580)(7.750990,50.380830)(7.751370,50.380930)
21243	110.000000	(7.748870,50.381220)(7.749420,50.381350)
21245	136.000000	(7.750930,50.382290)(7.751000,50.382490)(7.750690,50.382840)
21251	156.000000	(7.747770,50.376730)(7.747120,50.377300)
21252	368.000000	(7.750630,50.377120)(7.749140,50.377800)(7.748420,50.377810)
21254	200.000000	(7.751240,50.377550)(7.749950,50.377840)
21256	130.000000	(7.747180,50.381110)(7.747940,50.381430)
21258	138.000000	(7.748420,50.382210)(7.749160,50.382570)
21260	94.000000	(7.750230,50.383220)(7.750850,50.383360)
21267	78.000000	(7.747940,50.376400)(7.747770,50.376730)
21268	232.000000	(7.749590,50.377090)(7.748420,50.377810)
21271	150.000000	(7.748830,50.378970)(7.749840,50.379140)
21283	64.000000	(7.746720,50.376380)(7.747110,50.376520)
21296	130.000000	(7.748690,50.377020)(7.749590,50.377090)
21297	120.000000	(7.749950,50.377840)(7.749320,50.378190)
21299	412.000000	(7.752800,50.379380)(7.752520,50.379740)(7.752140,50.380000)(7.751990,50.380330)(7.751370,50.380930)
21308	264.000000	(7.742140,50.373100)(7.743730,50.373650)
21309	140.000000	(7.743730,50.373650)(7.742960,50.373940)
21313	48.000000	(7.750430,50.383050)(7.750230,50.383220)
21338	134.000000	(7.746080,50.379650)(7.745230,50.379900)
21344	194.000000	(7.744620,50.378270)(7.745390,50.378990)
21345	176.000000	(7.745390,50.378990)(7.746080,50.379650)
21366	94.000000	(7.747550,50.379280)(7.746930,50.379420)
21367	132.000000	(7.747730,50.380240)(7.748180,50.380750)
21369	214.000000	(7.747550,50.379280)(7.747730,50.380240)
21376	152.000000	(7.750430,50.383050)(7.751420,50.383300)
21381	148.000000	(7.740500,50.373300)(7.739520,50.373510)
21633	226.000000	(7.740500,50.373300)(7.741430,50.374120)
21637	250.000000	(7.744840,50.380880)(7.746360,50.381430)
21638	266.000000	(7.746360,50.381430)(7.748010,50.381980)
21639	406.000000	(7.748010,50.381980)(7.745940,50.382440)(7.745830,50.382570)(7.746160,50.382660)
21640	82.000000	(7.751420,50.383300)(7.751490,50.383560)(7.751430,50.383660)
21641	128.000000	(7.750620,50.383580)(7.749740,50.383630)
21642	118.000000	(7.750620,50.383580)(7.751430,50.383660)
21643	114.000000	(7.750230,50.383220)(7.749740,50.383630)
21644	246.000000	(7.744260,50.379070)(7.744880,50.379800)(7.745230,50.379900)
21646	302.000000	(7.749420,50.381350)(7.750930,50.382290)
21647	282.000000	(7.750930,50.382290)(7.752730,50.382810)
21650	580.000000	(7.749160,50.382570)(7.749120,50.382690)(7.749300,50.382950)(7.746620,50.382560)(7.746160,50.382660)
21654	140.000000	(7.750160,50.379440)(7.749570,50.379940)
21655	130.000000	(7.749570,50.379940)(7.749540,50.380010)(7.749750,50.380270)(7.750060,50.380320)
21656	74.000000	(7.750060,50.380320)(7.750560,50.380410)
21657	534.000000	(7.748830,50.378970)(7.748730,50.379110)(7.748970,50.379280)(7.748600,50.379680)(7.748600,50.379860)(7.749370,50.380610)(7.749900,50.380890)
21658	54.000000	(7.745980,50.378400)(7.746290,50.378540)
21659	80.000000	(7.747150,50.378800)(7.747520,50.379050)
21660	52.000000	(7.747520,50.379050)(7.747550,50.379280)
21661	222.000000	(7.748180,50.380750)(7.749420,50.381350)
21662	274.000000	(7.747630,50.377730)(7.748640,50.378130)(7.749320,50.378190)
21663	138.000000	(7.747630,50.377730)(7.746740,50.377960)
21664	146.000000	(7.746740,50.377960)(7.746660,50.378170)(7.746290,50.378540)
21665	160.000000	(7.746530,50.375290)(7.746440,50.375660)(7.746650,50.375980)
21666	122.000000	(7.745900,50.376230)(7.746720,50.376380)
21667	100.000000	(7.746650,50.375980)(7.746820,50.376280)(7.746720,50.376380)
21668	218.000000	(7.748690,50.377020)(7.747630,50.377730)
21669	100.000000	(7.745980,50.376580)(7.746540,50.376810)
21670	120.000000	(7.747120,50.377300)(7.747630,50.377730)
21671	136.000000	(7.746540,50.376810)(7.747120,50.377300)
21672	80.000000	(7.745900,50.376230)(7.745870,50.376300)(7.745980,50.376580)
21673	326.000000	(7.745980,50.376580)(7.746740,50.377960)
22924	242.000000	(7.752290,50.379250)(7.751260,50.380080)
22925	634.000000	(7.753600,50.376660)(7.752500,50.377590)(7.752320,50.378310)(7.752250,50.378900)(7.752290,50.379250)
22929	86.000000	(7.746620,50.374910)(7.746530,50.375290)
22930	208.000000	(7.742960,50.373940)(7.742860,50.374100)(7.743480,50.374470)(7.743760,50.374380)
22931	302.000000	(7.743760,50.374380)(7.743910,50.374500)(7.744110,50.374930)(7.744960,50.375440)
22932	222.000000	(7.744960,50.375440)(7.745900,50.376230)
22933	138.000000	(7.746770,50.374300)(7.746620,50.374910)
22934	308.000000	(7.744790,50.377260)(7.745890,50.378210)(7.745980,50.378400)
22935	662.000000	(7.741430,50.374120)(7.743210,50.375700)(7.743940,50.376620)
22937	504.000000	(7.743940,50.376620)(7.745150,50.378050)(7.745980,50.378400)
22938	198.000000	(7.750890,50.376820)(7.749590,50.377090)
22939	76.000000	(7.750890,50.376820)(7.750630,50.377120)
22943	110.000000	(7.751570,50.377850)(7.752180,50.378130)
22944	236.000000	(7.752730,50.382810)(7.753150,50.383270)(7.753210,50.383500)(7.752880,50.383630)
22945	224.000000	(7.751420,50.383300)(7.752880,50.383630)
23928	272.000000	(7.703340,50.384540)(7.703480,50.385760)
23929	520.000000	(7.705360,50.388040)(7.702400,50.388870)(7.701990,50.388860)
23930	300.000000	(7.701840,50.387510)(7.701990,50.388860)
23931	1184.000000	(7.715820,50.384560)(7.716700,50.384360)(7.719150,50.384990)(7.723780,50.384700)
23932	100.000000	(7.724470,50.384640)(7.723780,50.384700)
23936	194.000000	(7.731460,50.387140)(7.730920,50.387400)(7.730260,50.387440)
23937	208.000000	(7.730190,50.387520)(7.729830,50.387840)(7.729720,50.388360)
23938	100.000000	(7.732120,50.387880)(7.732150,50.388330)
23940	20.000000	(7.730260,50.387440)(7.730190,50.387520)
23941	80.000000	(7.724440,50.385280)(7.724540,50.385470)(7.724510,50.385630)
23942	292.000000	(7.736220,50.388480)(7.736160,50.388840)(7.735700,50.389190)(7.734950,50.389280)
23943	66.000000	(7.724540,50.384900)(7.724710,50.385180)
23944	76.000000	(7.729180,50.386080)(7.729080,50.386420)
23945	134.000000	(7.727300,50.386480)(7.727660,50.386560)(7.727850,50.386900)
23946	56.000000	(7.729820,50.387430)(7.730190,50.387520)
23947	310.000000	(7.724180,50.389250)(7.724230,50.390590)(7.724190,50.390640)
23948	122.000000	(7.724190,50.390640)(7.723890,50.390820)(7.723470,50.390830)
23949	348.000000	(7.723470,50.390830)(7.723170,50.390790)(7.721400,50.391550)
23950	84.000000	(7.736140,50.389680)(7.736650,50.389860)
23951	134.000000	(7.725200,50.385150)(7.725290,50.385450)(7.725240,50.385750)
23952	212.000000	(7.725840,50.384840)(7.725610,50.385780)
23953	92.000000	(7.728140,50.384770)(7.727500,50.384830)
23954	36.000000	(7.729580,50.387380)(7.729820,50.387430)
23956	42.000000	(7.728340,50.386480)(7.728620,50.386530)
23957	158.000000	(7.727270,50.386810)(7.727490,50.387510)
23958	132.000000	(7.725440,50.387630)(7.726120,50.388030)
23959	112.000000	(7.727270,50.386810)(7.726500,50.386880)
23960	162.000000	(7.725450,50.388330)(7.725860,50.388700)(7.725650,50.388920)
23961	148.000000	(7.724770,50.388710)(7.724180,50.389250)
23962	104.000000	(7.729080,50.386420)(7.729790,50.386520)
23963	36.000000	(7.725450,50.388330)(7.725250,50.388430)
23964	42.000000	(7.735860,50.389610)(7.736140,50.389680)
23966	180.000000	(7.729720,50.388360)(7.728470,50.388470)
23967	372.000000	(7.733480,50.389530)(7.735010,50.389860)(7.735860,50.389610)
23968	196.000000	(7.724440,50.387720)(7.725250,50.388430)
23969	98.000000	(7.729960,50.384410)(7.729350,50.384620)
23970	398.000000	(7.729720,50.388360)(7.732470,50.388490)
23971	162.000000	(7.733670,50.388830)(7.733700,50.389200)(7.733480,50.389530)
23972	196.000000	(7.731960,50.387020)(7.732100,50.387170)(7.732120,50.387880)
23973	120.000000	(7.726120,50.388030)(7.725450,50.388330)
23974	66.000000	(7.728470,50.388470)(7.728490,50.388770)
23975	82.000000	(7.731960,50.387020)(7.731460,50.387140)
23976	178.000000	(7.730880,50.387790)(7.732120,50.387880)
23977	92.000000	(7.725610,50.385780)(7.726250,50.385830)
23978	242.000000	(7.730880,50.387790)(7.731230,50.388210)(7.732150,50.388330)
23979	276.000000	(7.727490,50.387510)(7.727960,50.388300)(7.728470,50.388470)
23980	58.000000	(7.732150,50.388330)(7.732470,50.388490)
23981	88.000000	(7.727020,50.385710)(7.727600,50.385830)
23982	148.000000	(7.729820,50.387430)(7.729880,50.387190)(7.730190,50.387260)(7.730260,50.387440)
23983	238.000000	(7.727490,50.387510)(7.726670,50.387950)(7.726120,50.388030)
23984	274.000000	(7.731740,50.389000)(7.733480,50.389530)
23985	140.000000	(7.736650,50.389860)(7.736130,50.390390)
23988	78.000000	(7.731740,50.389000)(7.731760,50.389350)
23989	378.000000	(7.727740,50.387130)(7.728340,50.387330)(7.728600,50.387710)(7.728300,50.388020)(7.728470,50.388470)
23990	188.000000	(7.732470,50.388490)(7.733670,50.388830)
23991	92.000000	(7.727740,50.387130)(7.727490,50.387510)
23992	118.000000	(7.730190,50.387520)(7.730880,50.387790)
23993	86.000000	(7.736650,50.389860)(7.737190,50.390040)
23994	26.000000	(7.737190,50.390040)(7.737350,50.390100)
23995	118.000000	(7.725170,50.384620)(7.725200,50.385150)
23996	16.000000	(7.725170,50.384620)(7.725280,50.384620)
23997	100.000000	(7.725170,50.384620)(7.724470,50.384640)
23998	36.000000	(7.724960,50.388610)(7.724770,50.388710)
23999	248.000000	(7.728140,50.384770)(7.727600,50.385830)
24000	188.000000	(7.726580,50.390960)(7.727450,50.391590)
24002	246.000000	(7.729840,50.386770)(7.731460,50.387140)
24003	140.000000	(7.729840,50.386770)(7.729580,50.387380)
24004	116.000000	(7.721400,50.391550)(7.720730,50.391840)
24005	32.000000	(7.720730,50.391840)(7.720540,50.391910)
24006	118.000000	(7.716700,50.387900)(7.716400,50.388400)
24007	112.000000	(7.717620,50.386640)(7.718180,50.386990)
24008	54.000000	(7.725240,50.385750)(7.725610,50.385780)
24009	830.000000	(7.724510,50.385630)(7.723960,50.386480)(7.723820,50.388050)(7.724040,50.388350)(7.724100,50.388610)(7.724180,50.389250)
24010	80.000000	(7.726940,50.384800)(7.727500,50.384830)
24011	240.000000	(7.725280,50.384620)(7.726940,50.384800)
24012	168.000000	(7.726940,50.384800)(7.725840,50.384840)
24013	86.000000	(7.727020,50.385710)(7.726430,50.385780)
24014	28.000000	(7.726430,50.385780)(7.726250,50.385830)
24015	432.000000	(7.725240,50.385750)(7.725080,50.386530)(7.725050,50.386990)(7.725180,50.387380)(7.725440,50.387630)
24017	68.000000	(7.731960,50.387020)(7.732430,50.387060)
24018	54.000000	(7.732430,50.387060)(7.732790,50.387130)
24019	1200.000000	(7.733190,50.380540)(7.732750,50.381500)(7.731070,50.383590)(7.731260,50.384030)(7.731290,50.384250)(7.731110,50.384750)(7.730470,50.385500)
24020	154.000000	(7.730470,50.385500)(7.729870,50.386080)
24021	400.000000	(7.729350,50.384620)(7.728680,50.386370)
24022	272.000000	(7.728620,50.386530)(7.728550,50.386700)(7.728580,50.386920)(7.729580,50.387380)
24023	36.000000	(7.728680,50.386370)(7.728620,50.386530)
24024	132.000000	(7.728340,50.386480)(7.728030,50.386570)(7.727850,50.386900)
24025	54.000000	(7.727850,50.386900)(7.727740,50.387130)
24026	100.000000	(7.729870,50.386080)(7.729750,50.386440)(7.729790,50.386520)
24027	50.000000	(7.724710,50.385180)(7.724440,50.385280)
24028	70.000000	(7.725200,50.385150)(7.724710,50.385180)
24029	58.000000	(7.725250,50.388430)(7.724960,50.388610)
24030	3044.000000	(7.713510,50.383540)(7.716820,50.382680)(7.719390,50.382940)(7.721780,50.383640)(7.723320,50.383530)(7.725900,50.382700)(7.727590,50.383900)(7.730740,50.384170)(7.730800,50.384320)(7.730750,50.384730)(7.730560,50.385050)(7.730470,50.385500)
24034	208.000000	(7.733670,50.388830)(7.734950,50.389280)
24035	150.000000	(7.734950,50.389280)(7.735860,50.389610)
24047	170.000000	(7.709750,50.374890)(7.710690,50.375360)
24048	586.000000	(7.720610,50.372150)(7.722930,50.372420)(7.724190,50.373160)
24049	218.000000	(7.720730,50.372950)(7.722200,50.373220)
24050	1556.000000	(7.711320,50.368770)(7.713300,50.369130)(7.718110,50.371570)(7.720610,50.372150)
24051	158.000000	(7.712750,50.372050)(7.713050,50.372330)(7.712710,50.372600)
24052	172.000000	(7.722200,50.373220)(7.723240,50.373610)
24053	486.000000	(7.710690,50.375360)(7.711240,50.375630)(7.713840,50.376120)
24054	212.000000	(7.722200,50.373220)(7.721520,50.374070)
24055	1278.000000	(7.712710,50.372600)(7.713700,50.372930)(7.716980,50.375160)(7.717910,50.375180)(7.718930,50.374400)(7.719410,50.374260)
24056	662.000000	(7.712710,50.372600)(7.709750,50.374890)
24057	74.000000	(7.725100,50.374000)(7.724630,50.374130)
24058	56.000000	(7.725620,50.374690)(7.725720,50.374930)
24059	94.000000	(7.715110,50.378490)(7.714810,50.378740)(7.714810,50.378850)
24060	54.000000	(7.714820,50.379040)(7.714820,50.379280)
24061	104.000000	(7.725270,50.373430)(7.724910,50.373840)
24062	106.000000	(7.722230,50.374480)(7.722910,50.374680)
24063	64.000000	(7.715270,50.379030)(7.714820,50.379040)
24064	278.000000	(7.726350,50.379820)(7.727960,50.380520)
24065	134.000000	(7.726610,50.375370)(7.725690,50.375460)
24066	210.000000	(7.714410,50.376270)(7.715750,50.376670)
24067	146.000000	(7.715720,50.377100)(7.716710,50.377270)
24068	218.000000	(7.716220,50.378420)(7.717710,50.378620)
24069	164.000000	(7.719820,50.379040)(7.719380,50.379720)
24070	82.000000	(7.725800,50.379710)(7.726350,50.379820)
24071	122.000000	(7.723880,50.373870)(7.724630,50.374130)
24072	122.000000	(7.724410,50.375200)(7.725090,50.375520)
24073	114.000000	(7.715720,50.377100)(7.715690,50.377610)
24074	298.000000	(7.719820,50.379040)(7.717750,50.379220)
24075	140.000000	(7.725800,50.379710)(7.725790,50.379890)(7.725810,50.380100)(7.725900,50.380330)
24076	252.000000	(7.725130,50.372350)(7.724390,50.373380)
24077	126.000000	(7.724390,50.373380)(7.724910,50.373840)
24078	226.000000	(7.723880,50.373870)(7.722910,50.374680)
24079	164.000000	(7.724410,50.375200)(7.723320,50.375390)
24080	134.000000	(7.716410,50.376240)(7.715750,50.376670)
24081	228.000000	(7.719340,50.377110)(7.717950,50.377160)(7.717900,50.377280)
24082	170.000000	(7.713930,50.378370)(7.715110,50.378490)
24083	54.000000	(7.721120,50.379640)(7.721470,50.379740)
24084	130.000000	(7.724390,50.373380)(7.723880,50.373870)
24085	492.000000	(7.724340,50.376260)(7.727720,50.376470)
24086	146.000000	(7.720170,50.377100)(7.719700,50.377470)(7.719710,50.377640)
24087	230.000000	(7.719290,50.378420)(7.717710,50.378620)
24088	68.000000	(7.721510,50.379060)(7.721320,50.379340)
24089	152.000000	(7.721120,50.379640)(7.720650,50.380250)
24090	44.000000	(7.724910,50.373840)(7.725100,50.374000)
24091	172.000000	(7.726570,50.374240)(7.727780,50.374270)
24092	168.000000	(7.724340,50.376260)(7.723480,50.376770)
24093	118.000000	(7.720170,50.377100)(7.719340,50.377110)
24094	198.000000	(7.726160,50.380680)(7.727110,50.380990)(7.727250,50.380820)
24095	106.000000	(7.726570,50.374240)(7.726600,50.374720)
24096	146.000000	(7.722130,50.375570)(7.722140,50.375740)(7.722090,50.376230)
24097	384.000000	(7.722090,50.376230)(7.721230,50.377100)(7.720420,50.377550)
24098	150.000000	(7.716920,50.377050)(7.717900,50.377280)
24099	68.000000	(7.713270,50.377590)(7.713710,50.377710)
24100	100.000000	(7.725150,50.379550)(7.725800,50.379710)
24101	112.000000	(7.727780,50.374270)(7.728550,50.374310)
24102	440.000000	(7.722130,50.375570)(7.720170,50.377100)
24103	58.000000	(7.716920,50.377050)(7.716710,50.377270)
24104	146.000000	(7.722390,50.378350)(7.722460,50.378720)(7.722590,50.378990)
24105	56.000000	(7.725150,50.379550)(7.725010,50.379790)
24106	128.000000	(7.725770,50.372920)(7.724990,50.373200)
24107	108.000000	(7.723240,50.373610)(7.723880,50.373870)
24108	230.000000	(7.724630,50.374130)(7.725470,50.374770)(7.725620,50.374690)
24109	70.000000	(7.725090,50.375520)(7.725070,50.375580)(7.725240,50.375800)
24110	88.000000	(7.713840,50.376120)(7.714410,50.376270)
24111	190.000000	(7.716710,50.377620)(7.716220,50.378420)
24112	148.000000	(7.722390,50.378350)(7.721640,50.378810)
24113	200.000000	(7.722590,50.378990)(7.723920,50.379270)
24114	88.000000	(7.725900,50.380330)(7.726160,50.380680)
24115	242.000000	(7.723240,50.373610)(7.722230,50.374480)
24116	380.000000	(7.724630,50.374130)(7.723100,50.375250)(7.723010,50.375460)
24117	128.000000	(7.725090,50.375520)(7.724230,50.375670)
24118	206.000000	(7.718310,50.376840)(7.716920,50.377050)
24119	124.000000	(7.720680,50.378950)(7.719820,50.379040)
24120	150.000000	(7.724400,50.379390)(7.724160,50.379790)(7.724230,50.380030)
24121	90.000000	(7.725900,50.380330)(7.726480,50.380450)
24122	136.000000	(7.725630,50.374140)(7.726570,50.374240)
24123	162.000000	(7.725720,50.374930)(7.726070,50.375180)(7.725690,50.375460)
24124	318.000000	(7.722290,50.376920)(7.722280,50.377190)(7.722420,50.377990)(7.722390,50.378350)
24125	154.000000	(7.720500,50.378270)(7.720680,50.378950)
24126	224.000000	(7.725580,50.378990)(7.726210,50.379440)(7.726350,50.379670)(7.726350,50.379820)
24127	52.000000	(7.714820,50.379280)(7.714820,50.379510)
24128	70.000000	(7.720650,50.380250)(7.720460,50.380540)
24129	156.000000	(7.727490,50.373590)(7.727780,50.374270)
24130	208.000000	(7.725720,50.374930)(7.725170,50.375160)(7.724410,50.375200)
24131	114.000000	(7.714030,50.376700)(7.714790,50.376860)
24132	176.000000	(7.720500,50.378270)(7.719290,50.378420)
24133	42.000000	(7.714810,50.378850)(7.714820,50.379040)
24134	72.000000	(7.721320,50.379340)(7.721120,50.379640)
24135	66.000000	(7.724990,50.373200)(7.725270,50.373430)
24136	138.000000	(7.726530,50.373550)(7.727490,50.373590)
24137	162.000000	(7.723010,50.375460)(7.722320,50.376030)
24138	66.000000	(7.714360,50.378800)(7.714810,50.378850)
24139	346.000000	(7.721320,50.379340)(7.720360,50.379490)(7.720110,50.379870)(7.720650,50.380250)
24140	94.000000	(7.724990,50.373200)(7.724390,50.373380)
24141	154.000000	(7.726530,50.373550)(7.726570,50.374240)
24142	42.000000	(7.728550,50.374120)(7.728550,50.374310)
24143	88.000000	(7.725690,50.375460)(7.725090,50.375520)
24144	56.000000	(7.722320,50.376030)(7.722090,50.376230)
24145	306.000000	(7.723480,50.376770)(7.723260,50.376980)(7.723200,50.377280)(7.723190,50.377500)(7.723200,50.377680)(7.723290,50.378100)
24146	188.000000	(7.714020,50.377310)(7.715250,50.377620)
24147	142.000000	(7.721640,50.378810)(7.722590,50.378990)
24148	62.000000	(7.714390,50.379250)(7.714820,50.379280)
24149	148.000000	(7.725870,50.373490)(7.725630,50.374140)
24150	188.000000	(7.715750,50.376670)(7.716920,50.377050)
24151	100.000000	(7.714020,50.377310)(7.713710,50.377710)
24152	278.000000	(7.723290,50.378100)(7.723420,50.378580)(7.723920,50.379270)
24153	58.000000	(7.721640,50.378810)(7.721510,50.379060)
24154	72.000000	(7.728300,50.373480)(7.728400,50.373800)
24155	48.000000	(7.723320,50.375390)(7.723010,50.375460)
24156	204.000000	(7.723680,50.375950)(7.723320,50.376680)(7.723480,50.376770)
24157	96.000000	(7.715750,50.376670)(7.715720,50.377100)
24158	140.000000	(7.723290,50.378100)(7.722390,50.378350)
24159	140.000000	(7.721640,50.378810)(7.720680,50.378950)
24160	324.000000	(7.724230,50.380030)(7.725710,50.380670)(7.726160,50.380680)
24161	118.000000	(7.728300,50.373480)(7.727490,50.373590)
24162	84.000000	(7.725100,50.374000)(7.725630,50.374140)
24163	202.000000	(7.726600,50.374720)(7.727990,50.374880)
24164	116.000000	(7.718850,50.376690)(7.719340,50.377110)
24165	194.000000	(7.717900,50.377280)(7.719110,50.377660)
24166	172.000000	(7.721360,50.378060)(7.721640,50.378810)
24167	134.000000	(7.717710,50.378620)(7.717750,50.379220)
24168	170.000000	(7.725100,50.374000)(7.725620,50.374690)
24169	100.000000	(7.724700,50.375870)(7.724340,50.376260)
24170	84.000000	(7.718850,50.376690)(7.718310,50.376840)
24171	286.000000	(7.714360,50.377950)(7.716220,50.378420)
24172	86.000000	(7.725270,50.373430)(7.725870,50.373490)
24173	96.000000	(7.725870,50.373490)(7.726530,50.373550)
24174	134.000000	(7.716710,50.377620)(7.717650,50.377620)
24175	110.000000	(7.714410,50.376270)(7.714030,50.376700)
24176	32.000000	(7.726600,50.374720)(7.726600,50.374860)
24177	66.000000	(7.726600,50.374860)(7.726600,50.375160)
24178	46.000000	(7.726600,50.375160)(7.726610,50.375370)
24179	118.000000	(7.722290,50.376920)(7.721740,50.377310)
24180	198.000000	(7.721740,50.377310)(7.720420,50.377550)
24181	72.000000	(7.727780,50.374270)(7.727880,50.374590)
24182	66.000000	(7.727880,50.374590)(7.727990,50.374880)
24183	146.000000	(7.713710,50.377710)(7.713250,50.378300)
24184	100.000000	(7.724230,50.375670)(7.723680,50.375950)
24185	46.000000	(7.719430,50.377650)(7.719110,50.377660)
24186	40.000000	(7.719710,50.377640)(7.719430,50.377650)
24187	208.000000	(7.717650,50.377620)(7.719110,50.377660)
24188	104.000000	(7.720420,50.377550)(7.719710,50.377640)
24189	32.000000	(7.713410,50.377110)(7.713600,50.377180)
24190	66.000000	(7.713600,50.377180)(7.714020,50.377310)
24191	56.000000	(7.724190,50.373160)(7.724390,50.373380)
24194	154.000000	(7.719570,50.373600)(7.719630,50.373750)(7.719410,50.374260)
24195	466.000000	(7.720730,50.372950)(7.719030,50.372760)(7.719040,50.372880)(7.719570,50.373600)
24196	162.000000	(7.715250,50.377620)(7.714690,50.377670)(7.714360,50.377950)
24197	62.000000	(7.715690,50.377610)(7.715250,50.377620)
24198	146.000000	(7.715690,50.377610)(7.716710,50.377620)
24199	112.000000	(7.714360,50.377950)(7.713930,50.378370)
24200	78.000000	(7.716710,50.377270)(7.716740,50.377560)(7.716710,50.377620)
24201	108.000000	(7.716410,50.376240)(7.717120,50.376420)
24202	196.000000	(7.717120,50.376420)(7.718310,50.376840)
24203	318.000000	(7.714450,50.375570)(7.716410,50.376240)
24204	80.000000	(7.725240,50.375800)(7.724700,50.375870)
24205	80.000000	(7.724230,50.375670)(7.724700,50.375870)
24206	146.000000	(7.723320,50.375390)(7.724230,50.375670)
24207	122.000000	(7.726610,50.375370)(7.726930,50.375880)
24208	272.000000	(7.725240,50.375800)(7.727070,50.376140)
24209	64.000000	(7.726930,50.375880)(7.727100,50.376080)(7.727070,50.376140)
24210	146.000000	(7.727720,50.376470)(7.728500,50.376890)
24371	172.000000	(7.722320,50.376030)(7.722390,50.376280)(7.722370,50.376540)(7.722460,50.376790)
24372	486.000000	(7.736140,50.377130)(7.736150,50.377660)(7.736010,50.377910)(7.733890,50.378140)
24373	620.000000	(7.737460,50.374480)(7.736210,50.377090)(7.736140,50.377130)
24374	420.000000	(7.735620,50.375890)(7.735660,50.375700)(7.735910,50.375700)(7.736080,50.376100)(7.736120,50.376580)(7.736040,50.377070)(7.736140,50.377130)
24375	642.000000	(7.735620,50.375890)(7.735710,50.376290)(7.735440,50.376950)(7.735380,50.377600)(7.734970,50.377840)(7.733890,50.378140)
24376	1082.000000	(7.728500,50.376890)(7.729100,50.377230)(7.730790,50.378970)(7.731430,50.379060)(7.733290,50.378470)(7.733890,50.378140)
24379	248.000000	(7.727140,50.376160)(7.728830,50.376420)
24380	10.000000	(7.727070,50.376140)(7.727140,50.376160)
24400	108.000000	(7.708480,50.381650)(7.707910,50.381970)
24401	78.000000	(7.708390,50.382390)(7.708860,50.382570)
24402	150.000000	(7.708860,50.382570)(7.709680,50.382980)
24403	124.000000	(7.711230,50.383910)(7.712050,50.384090)
24404	70.000000	(7.715360,50.386400)(7.715060,50.386650)
24405	272.000000	(7.711990,50.388050)(7.710570,50.388860)
24406	108.000000	(7.707570,50.381540)(7.707910,50.381970)
24407	152.000000	(7.711230,50.383910)(7.710860,50.384550)
24408	136.000000	(7.711810,50.384760)(7.712740,50.384890)
24409	190.000000	(7.711640,50.385400)(7.710970,50.386140)
24410	394.000000	(7.712910,50.387390)(7.713580,50.386940)(7.714840,50.387760)
24411	302.000000	(7.709070,50.380600)(7.707570,50.381540)
24412	120.000000	(7.711850,50.381580)(7.712030,50.381790)(7.711970,50.382070)
24413	206.000000	(7.704660,50.383530)(7.704680,50.384460)
24414	102.000000	(7.715840,50.386710)(7.716350,50.387030)
24415	48.000000	(7.708060,50.382340)(7.708390,50.382390)
24416	88.000000	(7.711920,50.383340)(7.712430,50.383540)
24417	74.000000	(7.715840,50.386710)(7.715550,50.386990)
24418	150.000000	(7.714130,50.388210)(7.714880,50.388680)
24419	276.000000	(7.710430,50.389080)(7.709570,50.389270)(7.709130,50.389660)(7.708930,50.389570)
24420	120.000000	(7.709970,50.380540)(7.709960,50.380980)(7.709920,50.381080)
24421	170.000000	(7.713720,50.383770)(7.713540,50.384120)(7.712980,50.384260)
24422	52.000000	(7.711450,50.384710)(7.711810,50.384760)
24423	248.000000	(7.714130,50.388210)(7.712880,50.388990)
24424	130.000000	(7.709970,50.380540)(7.709070,50.380600)
24425	70.000000	(7.707130,50.381410)(7.707570,50.381540)
24426	92.000000	(7.709340,50.382300)(7.708860,50.382570)
24427	106.000000	(7.711450,50.384710)(7.711160,50.385150)
24428	96.000000	(7.715350,50.387480)(7.714840,50.387760)
24429	154.000000	(7.714210,50.389120)(7.713870,50.389780)
24430	158.000000	(7.709770,50.382100)(7.710440,50.382670)
24431	112.000000	(7.705050,50.385190)(7.705090,50.385610)(7.705120,50.385690)
24432	188.000000	(7.710570,50.388860)(7.711050,50.389130)(7.711320,50.389520)
24433	76.000000	(7.709770,50.382100)(7.709340,50.382300)
24434	182.000000	(7.712430,50.383540)(7.712980,50.384260)
24435	144.000000	(7.712980,50.384260)(7.712740,50.384890)
24436	186.000000	(7.705050,50.385190)(7.703790,50.385360)
24437	232.000000	(7.714140,50.385750)(7.714660,50.385900)(7.715360,50.386400)
24438	232.000000	(7.713430,50.386250)(7.712390,50.387050)
24439	16.000000	(7.707080,50.381350)(7.707130,50.381410)
24440	92.000000	(7.710860,50.384550)(7.711450,50.384710)
24441	186.000000	(7.707080,50.381350)(7.706120,50.381910)
24442	72.000000	(7.709000,50.382060)(7.709340,50.382300)
24443	128.000000	(7.710440,50.382670)(7.709680,50.382980)
24444	104.000000	(7.712430,50.383540)(7.713160,50.383550)
24445	72.000000	(7.708690,50.384150)(7.708690,50.384470)
24446	252.000000	(7.709920,50.381080)(7.709910,50.381220)(7.708690,50.381820)
24447	116.000000	(7.709000,50.382060)(7.708390,50.382390)
24448	118.000000	(7.711590,50.387580)(7.711990,50.388050)
24449	246.000000	(7.709920,50.381080)(7.708480,50.381650)
24450	256.000000	(7.711970,50.382070)(7.710440,50.382670)
24451	286.000000	(7.710970,50.386140)(7.712390,50.387050)
24452	154.000000	(7.711590,50.387580)(7.710800,50.388050)
24453	138.000000	(7.712050,50.384090)(7.712980,50.384260)
24454	88.000000	(7.710970,50.386140)(7.710650,50.386480)
24455	86.000000	(7.707910,50.381970)(7.708060,50.382180)(7.708060,50.382340)
24456	342.000000	(7.702490,50.382460)(7.704750,50.382970)
24457	152.000000	(7.712050,50.384090)(7.711810,50.384760)
24458	400.000000	(7.714970,50.384920)(7.716960,50.386190)
24459	110.000000	(7.713930,50.386170)(7.714540,50.386450)
24460	84.000000	(7.716350,50.387030)(7.716000,50.387330)
24461	250.000000	(7.707880,50.383170)(7.707530,50.384120)(7.707550,50.384270)
24462	106.000000	(7.710130,50.384490)(7.710860,50.384550)
24463	244.000000	(7.712740,50.384890)(7.714420,50.385080)
24464	186.000000	(7.709880,50.386110)(7.708870,50.386630)
24465	324.000000	(7.712300,50.381010)(7.712760,50.381360)(7.712340,50.382030)(7.711970,50.382070)
24466	70.000000	(7.708690,50.381820)(7.709000,50.382060)
24467	124.000000	(7.704750,50.382970)(7.704660,50.383530)
24468	382.000000	(7.708690,50.384470)(7.709870,50.385350)(7.710630,50.385610)
24469	170.000000	(7.710800,50.381820)(7.709770,50.382100)
24470	70.000000	(7.708690,50.384470)(7.708590,50.384780)
24471	86.000000	(7.710650,50.386480)(7.710070,50.386590)
24472	48.000000	(7.708480,50.381650)(7.708690,50.381820)
24473	184.000000	(7.705670,50.382390)(7.704750,50.382970)
24474	348.000000	(7.708590,50.384780)(7.709880,50.386110)
24475	98.000000	(7.715360,50.386400)(7.715840,50.386710)
24476	142.000000	(7.714840,50.387760)(7.714130,50.388210)
24477	244.000000	(7.711990,50.388050)(7.712880,50.388990)
24478	88.000000	(7.716290,50.388310)(7.715890,50.388610)
24479	88.000000	(7.714970,50.384920)(7.714420,50.385080)
24480	154.000000	(7.714420,50.385080)(7.714140,50.385750)
24481	398.000000	(7.709920,50.387910)(7.709710,50.388450)(7.709070,50.389250)(7.708930,50.389570)
24482	70.000000	(7.702000,50.382420)(7.702490,50.382460)
24483	466.000000	(7.704610,50.380860)(7.702490,50.382460)
24484	140.000000	(7.706710,50.382360)(7.707390,50.382820)
24485	130.000000	(7.709920,50.387910)(7.710800,50.388050)
24486	118.000000	(7.706890,50.384320)(7.706900,50.384850)
24487	64.000000	(7.713930,50.386170)(7.713790,50.386440)
24488	106.000000	(7.712390,50.387050)(7.712910,50.387390)
24489	252.000000	(7.712910,50.387390)(7.714130,50.388210)
24490	98.000000	(7.714140,50.385750)(7.713930,50.386170)
24491	166.000000	(7.704990,50.384440)(7.705050,50.385190)
24492	130.000000	(7.706120,50.381910)(7.706710,50.382360)
24493	88.000000	(7.711160,50.385150)(7.711640,50.385400)
24494	66.000000	(7.713430,50.386250)(7.713790,50.386440)
24495	318.000000	(7.711640,50.385400)(7.713430,50.386250)
24496	44.000000	(7.704990,50.384440)(7.704680,50.384460)
24497	192.000000	(7.704680,50.384460)(7.703340,50.384540)
24498	44.000000	(7.706890,50.384320)(7.706580,50.384340)
24499	228.000000	(7.706580,50.384340)(7.704990,50.384440)
24500	94.000000	(7.707550,50.384270)(7.706890,50.384320)
24501	110.000000	(7.709450,50.384060)(7.708690,50.384150)
24502	164.000000	(7.708690,50.384150)(7.707550,50.384270)
24503	166.000000	(7.707880,50.383170)(7.708750,50.383670)
24504	132.000000	(7.708750,50.383670)(7.709450,50.384060)
24505	136.000000	(7.709450,50.384060)(7.710130,50.384490)
24506	208.000000	(7.710130,50.384490)(7.711160,50.385150)
24507	128.000000	(7.711160,50.385150)(7.710630,50.385610)
24508	158.000000	(7.710630,50.385610)(7.709880,50.386110)
24509	128.000000	(7.716350,50.387030)(7.717000,50.387430)
24510	298.000000	(7.715270,50.392110)(7.714650,50.393390)
24511	22.000000	(7.714650,50.393390)(7.714600,50.393480)
24512	1050.000000	(7.720540,50.391910)(7.719130,50.392510)(7.718190,50.393660)(7.717900,50.393760)(7.714650,50.393390)
24515	8.000000	(7.727640,50.394840)(7.727680,50.394870)
24517	14.000000	(7.717580,50.389270)(7.717510,50.389320)
24518	136.000000	(7.717510,50.389320)(7.717080,50.389870)
24519	116.000000	(7.709880,50.386110)(7.709820,50.386180)(7.710070,50.386590)
24520	78.000000	(7.710070,50.386590)(7.710210,50.386930)
24521	322.000000	(7.713790,50.386440)(7.715350,50.387480)
24522	228.000000	(7.715350,50.387480)(7.716290,50.388310)
24523	26.000000	(7.716290,50.388310)(7.716400,50.388400)
24524	204.000000	(7.711230,50.381040)(7.710690,50.381540)(7.710710,50.381740)(7.710800,50.381820)
24525	166.000000	(7.711850,50.381580)(7.710800,50.381820)
24526	332.000000	(7.712480,50.380100)(7.713090,50.380240)(7.713190,50.380460)(7.713180,50.380690)(7.713140,50.380930)(7.713520,50.381170)
24527	22.000000	(7.712480,50.380100)(7.712340,50.380150)
24528	66.000000	(7.712190,50.379870)(7.712340,50.380150)
24529	154.000000	(7.712000,50.379200)(7.712130,50.379380)(7.712170,50.379590)(7.712190,50.379870)
24530	296.000000	(7.712120,50.377870)(7.712090,50.378080)(7.712090,50.378950)(7.712000,50.379200)
24531	190.000000	(7.712120,50.377870)(7.713250,50.378300)
24532	216.000000	(7.713770,50.378520)(7.713750,50.378630)(7.713770,50.379490)
24533	26.000000	(7.712000,50.379200)(7.711900,50.379300)
24534	224.000000	(7.710800,50.377790)(7.710900,50.377620)(7.712120,50.377870)
24535	88.000000	(7.713250,50.378300)(7.713770,50.378520)
24536	180.000000	(7.721740,50.377310)(7.721750,50.377430)(7.721620,50.377800)(7.721360,50.378060)
24537	134.000000	(7.721360,50.378060)(7.720500,50.378270)
24538	282.000000	(7.728300,50.373480)(7.728980,50.373430)(7.729270,50.374240)
24539	108.000000	(7.729270,50.374240)(7.728550,50.374310)
24540	238.000000	(7.726610,50.375370)(7.728240,50.375560)
24541	74.000000	(7.723920,50.379270)(7.724400,50.379390)
24542	112.000000	(7.724400,50.379390)(7.725150,50.379550)
24543	460.000000	(7.721510,50.379060)(7.722740,50.379740)(7.724230,50.380030)
24544	40.000000	(7.713930,50.378370)(7.713770,50.378520)
24545	1508.000000	(7.710690,50.375360)(7.700430,50.376960)
24547	1180.000000	(7.711320,50.368770)(7.709240,50.370060)(7.710060,50.371010)(7.711130,50.371920)(7.712710,50.372600)
24550	596.000000	(7.709060,50.377890)(7.709540,50.379890)(7.708780,50.380340)
24551	40.000000	(7.709010,50.377710)(7.709060,50.377890)
24557	122.000000	(7.717570,50.385810)(7.716960,50.386190)
24558	138.000000	(7.716960,50.386190)(7.717620,50.386640)
24559	174.000000	(7.712190,50.379870)(7.710990,50.379980)
24560	86.000000	(7.713520,50.381170)(7.713330,50.381540)
24561	50.000000	(7.713510,50.383540)(7.713160,50.383550)
24562	42.000000	(7.708920,50.380440)(7.709070,50.380600)
24563	30.000000	(7.708780,50.380340)(7.708920,50.380440)
24564	190.000000	(7.710990,50.379980)(7.711170,50.380360)(7.711570,50.380730)
24565	90.000000	(7.711570,50.380730)(7.711230,50.381040)
24566	300.000000	(7.710810,50.383080)(7.709980,50.383440)(7.709450,50.384060)
24567	198.000000	(7.712340,50.380150)(7.712160,50.380390)(7.712300,50.381010)
24568	144.000000	(7.712300,50.381010)(7.711850,50.381580)
24569	220.000000	(7.709970,50.380540)(7.711230,50.381040)
24570	104.000000	(7.707390,50.382820)(7.707880,50.383170)
24571	144.000000	(7.708060,50.382340)(7.707390,50.382820)
24572	52.000000	(7.710570,50.388860)(7.710430,50.389080)
24573	182.000000	(7.710800,50.388050)(7.710570,50.388860)
24574	262.000000	(7.710210,50.386930)(7.710800,50.388050)
24575	328.000000	(7.712880,50.388990)(7.711260,50.390040)
24576	192.000000	(7.712880,50.388990)(7.714210,50.389120)
24577	224.000000	(7.715890,50.388610)(7.716620,50.389200)(7.716330,50.389370)
24578	138.000000	(7.714210,50.389120)(7.715170,50.389170)
24579	92.000000	(7.715170,50.389170)(7.715050,50.389580)
24580	162.000000	(7.715890,50.388610)(7.715170,50.389170)
24581	114.000000	(7.717000,50.387430)(7.716700,50.387900)
24582	162.000000	(7.715840,50.387710)(7.716110,50.387870)(7.716370,50.387750)(7.716700,50.387900)
24583	196.000000	(7.717620,50.386640)(7.717000,50.387430)
24586	334.000000	(7.712980,50.384260)(7.714530,50.384560)(7.714970,50.384920)
24587	196.000000	(7.716400,50.388400)(7.717300,50.389070)
24588	60.000000	(7.717300,50.389070)(7.717580,50.389270)
24589	300.000000	(7.713330,50.381540)(7.712870,50.382250)(7.712140,50.382580)
24590	116.000000	(7.711970,50.382070)(7.712140,50.382580)
24623	14.000000	(7.705120,50.385690)(7.705130,50.385750)
24624	510.000000	(7.705130,50.385750)(7.705360,50.388040)
24625	222.000000	(7.710210,50.386930)(7.709920,50.387910)
24626	1316.000000	(7.708930,50.389570)(7.708780,50.389990)(7.710880,50.391460)(7.711840,50.391780)(7.713760,50.392100)(7.714010,50.392290)(7.714250,50.392670)(7.714600,50.393480)
24672	122.000000	(7.714030,50.376700)(7.713600,50.377180)
25810	126.000000	(7.703340,50.384540)(7.702460,50.384580)
26026	114.000000	(7.704620,50.380610)(7.705030,50.380750)(7.704910,50.380880)
26028	278.000000	(7.710650,50.386480)(7.711590,50.387580)
26029	346.000000	(7.702490,50.382460)(7.702420,50.382530)(7.702300,50.384000)
26031	338.000000	(7.707170,50.382950)(7.706720,50.383210)(7.706690,50.383570)(7.706580,50.384340)
26032	308.000000	(7.708590,50.384780)(7.708460,50.385080)(7.708230,50.386150)
26033	66.000000	(7.712390,50.387050)(7.712070,50.387270)
26034	98.000000	(7.712070,50.387270)(7.711590,50.387580)
26035	56.000000	(7.711510,50.383730)(7.711230,50.383910)
26036	220.000000	(7.712140,50.382580)(7.710810,50.383080)
26039	136.000000	(7.709310,50.383190)(7.708750,50.383670)
26040	70.000000	(7.709680,50.382980)(7.709310,50.383190)
26041	44.000000	(7.710440,50.382670)(7.710600,50.382840)
26042	62.000000	(7.710600,50.382840)(7.710810,50.383080)
26043	276.000000	(7.706940,50.381520)(7.706740,50.381620)(7.707480,50.382160)(7.707910,50.381970)
26044	36.000000	(7.707130,50.381410)(7.706940,50.381520)
26045	696.000000	(7.721520,50.374070)(7.718850,50.376690)
26046	716.000000	(7.722230,50.374480)(7.719340,50.377110)
26047	702.000000	(7.721520,50.374070)(7.719760,50.374570)(7.718720,50.375690)(7.718140,50.376110)
26048	410.000000	(7.715110,50.378490)(7.717750,50.379220)
26049	172.000000	(7.719430,50.377650)(7.719290,50.378420)
26050	222.000000	(7.717650,50.377620)(7.717710,50.378620)
26051	230.000000	(7.722910,50.374680)(7.722130,50.375570)
26052	256.000000	(7.723680,50.375950)(7.722460,50.376790)
26053	38.000000	(7.722460,50.376790)(7.722290,50.376920)
26061	110.000000	(7.727140,50.376160)(7.727720,50.376470)
26081	512.000000	(7.724180,50.389250)(7.726580,50.390960)
26082	442.000000	(7.726250,50.385830)(7.726070,50.386930)(7.726050,50.387230)(7.725440,50.387630)
26083	56.000000	(7.729790,50.386520)(7.729840,50.386660)(7.729840,50.386770)
26085	324.000000	(7.728590,50.385060)(7.728350,50.385500)(7.728430,50.385680)(7.728340,50.386480)
26086	176.000000	(7.729350,50.384620)(7.728140,50.384770)
26089	74.000000	(7.727300,50.386480)(7.727260,50.386640)(7.727270,50.386810)
26090	150.000000	(7.727600,50.385830)(7.727300,50.386480)
26091	890.000000	(7.726120,50.388030)(7.727690,50.388970)(7.731740,50.389000)
26092	30.000000	(7.728680,50.386370)(7.728890,50.386390)
26093	28.000000	(7.728890,50.386390)(7.729080,50.386420)
26199	48.000000	(7.750160,50.379440)(7.750410,50.379580)
26200	50.000000	(7.750590,50.379680)(7.750860,50.379820)
26201	582.000000	(7.741430,50.374120)(7.742010,50.374220)(7.742870,50.374890)(7.743920,50.376040)
26202	298.000000	(7.743920,50.376040)(7.744790,50.377260)
26203	190.000000	(7.752180,50.378130)(7.751760,50.378940)
27098	142.000000	(7.717580,50.389270)(7.718240,50.389750)
27099	584.000000	(7.718240,50.389750)(7.720730,50.391840)
27100	194.000000	(7.703230,50.379420)(7.704050,50.380120)
27101	562.000000	(7.700890,50.377380)(7.703230,50.379420)
27102	114.000000	(7.700430,50.376960)(7.700890,50.377380)
end {BasicAreas}

begin {AdjacencyList}
0281	21658
0281	21664
0281	21218
0281	21659
0282	0292
0282	0298
0282	21381
0291	24458
0291	24479
0291	24586
0291	23931
0292	24373
0297	13253
0297	0298
0298	21381
13250	27100
13250	13327
13251	26029
13252	24526
13252	24560
13252	24532
13253	24019
13327	13382
13327	26026
13328	13381
13328	26026
13328	24441
13328	24492
13381	13382
13381	24483
13381	26026
13382	24483
13382	26026
21018	21034
21018	21308
21018	21309
21018	22930
21019	21035
21019	21236
21019	21082
21019	21237
21020	21053
21020	21085
21020	21100
21020	21240
21020	22943
21024	21222
21024	21638
21024	21639
21024	21162
21024	21258
21034	21381
21034	21633
21034	21308
21035	21112
21035	21267
21035	21236
21036	21130
21036	21146
21036	21199
21036	21053
21036	21297
21036	21662
21037	21654
21037	26199
21037	21054
21037	21100
21039	21220
21039	21338
21039	21345
21039	21367
21039	21369
21053	21297
21053	21662
21053	21085
21053	21100
21054	21147
21054	21271
21054	21100
21056	21242
21056	21299
21056	21087
21056	21116
21058	21313
21058	21376
21058	21117
21058	21245
21068	21221
21068	26200
21068	21085
21070	21242
21070	22924
21082	21238
21082	21296
21082	21668
21082	21237
21084	21662
21084	21663
21084	21668
21084	21670
21084	21252
21084	21268
21085	21100
21087	21116
21110	21665
21110	22929
21110	21212
21110	21236
21112	21665
21112	21667
21112	21267
21114	21240
21114	21254
21114	22925
21117	21258
21117	21650
21117	21245
21130	21146
21130	21199
21130	21271
21130	21657
21132	21162
21132	21256
21132	21367
21132	21661
21145	21663
21145	21664
21145	21673
21145	21199
21145	21218
21146	21659
21146	21660
21146	21199
21147	21271
21160	21174
21160	21283
21160	21238
21160	21251
21160	21267
21162	21256
21162	21258
21174	21669
21174	21671
21174	21283
21176	21344
21176	21345
21176	21220
21176	21366
21177	21654
21177	21655
21199	21218
21212	21236
21215	21268
21215	21296
21215	22938
21218	21659
21220	21338
21220	21345
21220	21366
21221	21655
21221	21656
21221	26200
21222	21638
21222	21639
21238	21251
21238	21267
21238	21296
21238	21668
21239	21254
21239	21297
21239	21252
21239	22939
21240	21254
21240	22943
21242	21299
21243	21646
21243	21661
21245	21646
21245	21647
21251	21670
21251	21671
21251	21267
21252	21268
21252	22939
21254	21297
21258	21650
21260	21313
21260	21643
21268	21296
21268	22938
21271	21657
21283	21666
21283	21667
21296	21668
21296	22938
21297	21662
21308	21309
21309	22930
21313	21643
21313	21376
21338	21644
21338	21345
21344	21345
21366	21369
21366	21660
21367	21369
21367	21661
21369	21660
21376	21640
21376	22945
21381	21633
21633	22935
21633	26201
21637	21638
21638	21639
21639	21650
21640	22945
21640	21642
21641	21643
21641	21642
21646	21661
21646	21647
21647	22944
21654	21655
21654	26199
21655	21656
21658	22934
21658	22937
21658	21664
21659	21660
21662	21663
21662	21668
21662	21670
21663	21664
21663	21673
21663	21668
21663	21670
21664	21673
21665	22929
21665	21667
21666	21672
21666	22932
21666	21667
21668	21670
21669	21672
21669	21673
21669	21671
21670	21671
21672	22932
21672	21673
22924	22925
22929	22933
22930	22931
22931	22932
22934	26202
22934	22937
22935	26201
22935	22937
22938	22939
22943	26203
22944	22945
23928	24497
23928	25810
23929	23930
23929	24624
23931	23932
23932	23997
23936	23940
23936	23982
23936	23975
23936	24002
23937	23966
23937	23970
23937	23940
23937	23946
23937	23992
23938	23972
23938	23976
23938	23978
23938	23980
23940	23946
23940	23992
23940	23982
23941	24027
23941	24009
23942	24034
23942	24035
23943	24027
23943	24028
23944	23962
23944	26093
23945	26089
23945	26090
23945	24024
23945	24025
23946	23954
23946	23982
23946	23992
23947	23961
23947	24009
23947	26081
23947	23948
23948	23949
23949	24004
23950	23964
23950	23985
23950	23993
23951	23995
23951	24028
23951	24008
23951	24015
23952	23977
23952	24008
23952	24012
23953	24010
23953	23999
23953	26086
23954	24003
23954	24022
23954	23982
23956	24024
23956	26085
23956	24022
23956	24023
23957	23959
23957	26089
23957	23979
23957	23983
23957	23991
23958	24015
23958	26082
23958	23973
23958	23983
23958	26091
23959	26089
23960	23963
23960	23973
23961	24009
23961	26081
23961	23998
23962	26093
23962	24026
23962	26083
23963	23968
23963	24029
23963	23973
23964	23967
23964	24035
23966	23974
23966	23979
23966	23989
23966	23970
23967	23971
23967	23984
23967	24035
23968	24029
23969	24021
23969	26086
23970	23980
23970	23990
23971	23984
23971	23990
23971	24034
23972	23975
23972	24017
23972	23976
23973	23983
23973	26091
23974	23979
23974	23989
23975	24002
23975	24017
23976	23978
23976	23992
23977	24008
23977	24014
23977	26082
23978	23992
23978	23980
23979	23983
23979	23991
23979	23989
23980	23990
23981	24013
23981	23999
23981	26090
23983	26091
23983	23991
23984	23988
23984	26091
23985	23993
23988	26091
23989	23991
23989	24025
23990	24034
23991	24025
23993	23994
23995	23996
23995	23997
23995	24028
23996	23997
23996	24011
23998	24029
23999	26090
23999	26086
24000	26081
24002	24003
24002	26083
24003	24022
24003	26083
24004	24005
24004	27099
24005	24512
24005	27099
24006	24523
24006	24587
24006	24581
24006	24582
24007	24558
24007	24583
24008	24015
24009	26081
24010	24011
24010	24012
24011	24012
24013	24014
24014	26082
24015	26082
24017	24018
24019	24020
24019	24030
24020	24026
24020	24030
24021	24023
24021	26092
24021	26086
24022	24023
24023	26092
24024	24025
24024	26085
24026	26083
24027	24028
24030	24561
24034	24035
24047	24056
24047	24053
24047	24545
24048	24050
24048	24191
24049	24195
24049	24052
24049	24054
24050	24547
24051	24055
24051	24056
24051	24547
24052	24054
24052	24107
24052	24115
24053	24545
24053	24110
24054	26045
24054	26047
24055	24056
24055	24547
24055	24194
24056	24547
24057	24071
24057	24108
24057	24116
24057	24090
24057	24162
24057	24168
24058	24108
24058	24168
24058	24123
24058	24130
24059	24133
24059	24138
24059	24082
24059	26048
24060	24063
24060	24133
24060	24127
24060	24148
24061	24077
24061	24090
24061	24135
24061	24172
24062	24115
24062	26046
24062	24078
24062	26051
24063	24133
24064	24070
24064	24126
24065	24123
24065	24143
24065	24178
24065	24207
24065	24540
24066	24110
24066	24175
24066	24080
24066	24150
24066	24157
24067	24073
24067	24157
24067	24103
24067	24200
24068	24111
24068	24171
24068	24087
24068	24167
24068	26050
24069	24074
24069	24119
24070	24075
24070	24100
24070	24126
24071	24078
24071	24084
24071	24107
24071	24108
24071	24116
24072	24079
24072	24130
24072	24109
24072	24117
24072	24143
24073	24197
24073	24198
24073	24157
24074	24167
24074	26048
24074	24119
24075	24100
24075	24114
24075	24121
24076	24077
24076	24084
24076	24140
24076	24191
24077	24084
24077	24140
24077	24191
24077	24090
24078	26051
24078	24084
24078	24107
24079	24155
24079	24206
24079	24130
24080	24150
24080	24157
24080	24201
24080	24203
24081	24098
24081	24165
24081	24093
24081	24164
24081	26046
24082	24199
24082	24544
24082	26048
24083	24089
24083	24134
24084	24107
24084	24140
24084	24191
24085	24092
24085	24169
24085	24210
24085	26061
24086	24186
24086	24188
24086	24093
24086	24102
24087	24167
24087	26050
24087	24132
24087	26049
24088	24134
24088	24139
24088	24153
24088	24543
24089	24128
24089	24139
24089	24134
24090	24162
24090	24168
24091	24095
24091	24122
24091	24141
24091	24101
24091	24129
24091	24181
24092	24145
24092	24156
24092	24169
24093	24164
24093	26046
24093	24102
24094	24114
24094	24160
24095	24122
24095	24141
24095	24163
24095	24176
24096	24097
24096	24144
24096	24102
24096	26051
24097	24180
24097	24188
24097	24144
24098	24103
24098	24118
24098	24150
24098	24165
24099	24151
24099	24183
24100	24105
24100	24542
24101	24129
24101	24181
24101	24142
24101	24539
24102	26051
24103	24200
24103	24118
24103	24150
24104	24112
24104	24124
24104	24158
24104	24113
24104	24147
24105	24542
24106	24135
24106	24140
24107	24115
24108	24116
24108	24168
24109	24117
24109	24143
24109	24204
24109	24208
24110	24175
24111	24171
24111	24174
24111	24198
24111	24200
24112	24147
24112	24153
24112	24159
24112	24166
24112	24124
24112	24158
24113	24147
24113	24152
24113	24541
24114	24121
24114	24160
24115	26046
24116	24137
24116	24155
24117	24184
24117	24205
24117	24206
24117	24143
24118	24150
24118	24170
24118	24202
24119	24125
24119	24159
24120	24160
24120	24543
24120	24541
24120	24542
24122	24149
24122	24162
24122	24141
24123	24143
24123	24130
24124	24179
24124	26053
24124	24158
24125	24132
24125	24537
24125	24159
24127	24148
24128	24139
24129	24136
24129	24161
24129	24181
24131	24175
24131	24672
24132	26049
24132	24537
24133	24138
24134	24139
24135	24140
24135	24172
24136	24141
24136	24173
24136	24161
24137	24144
24137	24371
24137	24155
24140	24191
24141	24173
24142	24539
24144	24371
24145	24152
24145	24158
24145	24156
24146	24151
24146	24190
24146	24196
24146	24197
24147	24153
24147	24159
24147	24166
24149	24162
24149	24172
24149	24173
24150	24157
24151	24183
24151	24190
24152	24158
24152	24541
24153	24543
24153	24159
24153	24166
24154	24161
24154	24538
24155	24206
24156	24184
24156	26052
24159	24166
24160	24543
24161	24538
24162	24168
24163	24176
24163	24182
24164	24170
24164	26045
24164	26046
24165	24185
24165	24187
24166	24536
24166	24537
24167	26050
24167	26048
24169	24204
24169	24205
24170	24202
24170	26045
24171	24196
24171	24199
24172	24173
24174	24198
24174	24200
24174	24187
24174	26050
24175	24672
24176	24177
24177	24178
24178	24207
24178	24540
24179	24180
24179	24536
24179	26053
24180	24188
24180	24536
24181	24182
24183	24531
24183	24535
24184	26052
24184	24205
24184	24206
24185	24187
24185	24186
24185	26049
24186	26049
24186	24188
24187	26050
24189	24190
24189	24672
24190	24672
24194	24195
24196	24199
24196	24197
24197	24198
24198	24200
24199	24544
24201	24203
24201	24202
24204	24205
24204	24208
24205	24206
24207	24540
24207	24209
24208	24209
24208	24380
24209	24380
24210	26061
24210	24376
24371	26052
24371	26053
24372	24375
24372	24376
24372	24373
24372	24374
24373	24374
24374	24375
24375	24376
24379	24380
24379	26061
24380	26061
24400	24406
24400	24455
24400	26043
24400	24449
24400	24472
24401	24415
24401	24447
24401	24402
24401	24426
24402	24426
24402	24443
24402	26040
24403	24407
24403	26035
24403	24453
24403	24457
24404	24437
24404	24475
24405	24432
24405	24572
24405	24573
24405	24448
24405	24477
24406	24411
24406	24425
24406	24455
24406	26043
24407	24440
24407	24462
24407	26035
24408	24422
24408	24457
24408	24435
24408	24463
24409	24451
24409	24454
24409	24493
24409	24495
24410	24488
24410	24489
24410	24428
24410	24476
24411	24425
24411	24424
24411	24562
24412	24525
24412	24568
24412	24450
24412	24465
24412	24590
24413	24467
24413	24496
24413	24497
24414	24417
24414	24475
24414	24460
24414	24509
24415	24455
24415	24571
24415	24447
24416	24434
24416	24444
24417	24475
24418	24423
24418	24476
24418	24489
24419	24481
24419	24626
24419	24572
24420	24446
24420	24449
24420	24424
24420	24569
24421	24434
24421	24435
24421	24453
24421	24586
24422	24427
24422	24440
24422	24457
24423	24477
24423	24575
24423	24576
24423	24476
24423	24489
24424	24562
24424	24569
24425	24439
24425	26044
24426	24433
24426	24442
24427	24493
24427	24506
24427	24507
24427	24440
24428	24476
24428	24521
24428	24522
24429	24576
24429	24578
24430	24433
24430	24469
24430	24443
24430	24450
24430	26041
24431	24436
24431	24491
24431	24623
24432	24572
24432	24573
24433	24442
24433	24469
24434	24444
24434	24435
24434	24453
24434	24586
24435	24463
24435	24453
24435	24586
24436	24491
24437	24480
24437	24490
24437	24475
24438	24451
24438	24488
24438	26033
24438	24494
24438	24495
24439	24441
24439	26044
24440	24462
24441	24492
24442	24447
24442	24466
24443	26040
24443	24450
24443	26041
24444	24561
24445	24501
24445	24502
24445	24468
24445	24470
24446	24466
24446	24472
24446	24449
24447	24466
24448	24452
24448	26028
24448	26034
24448	24477
24449	24472
24450	26041
24450	24465
24450	24590
24451	24454
24451	24488
24451	26033
24452	24485
24452	24573
24452	24574
24452	26028
24452	26034
24453	24457
24453	24586
24454	24471
24454	26028
24455	26043
24455	24571
24456	24482
24456	24483
24456	26029
24456	24467
24456	24473
24458	24479
24458	24586
24458	24557
24458	24558
24459	24487
24459	24490
24460	24509
24461	24500
24461	24502
24461	24503
24461	24570
24462	24505
24462	24506
24463	24479
24463	24480
24464	24474
24464	24508
24464	24519
24465	24590
24465	24567
24465	24568
24466	24472
24467	24473
24468	24470
24468	24507
24468	24508
24469	24524
24469	24525
24470	24474
24470	26032
24471	24519
24471	24520
24471	26028
24474	26032
24474	24508
24474	24519
24476	24489
24477	24575
24477	24576
24478	24577
24478	24580
24478	24522
24478	24523
24479	24480
24479	24586
24480	24490
24481	24626
24481	24485
24481	24625
24482	24483
24482	26029
24483	26029
24484	24492
24484	24570
24484	24571
24485	24625
24485	24573
24485	24574
24486	24498
24486	24500
24487	24494
24487	24521
24487	24490
24488	26033
24488	24489
24491	24496
24491	24499
24493	24506
24493	24507
24493	24495
24494	24495
24494	24521
24496	24497
24496	24499
24497	25810
24498	24499
24498	26031
24498	24500
24499	26031
24500	24502
24501	24502
24501	24504
24501	24505
24501	24566
24503	24570
24503	24504
24503	26039
24504	26039
24504	24505
24504	24566
24505	24566
24505	24506
24506	24507
24507	24508
24508	24519
24509	24581
24509	24583
24510	24511
24510	24512
24511	24626
24511	24512
24517	24518
24517	24588
24517	27098
24519	24520
24520	24574
24520	24625
24521	24522
24522	24523
24523	24587
24524	24525
24524	24565
24524	24569
24525	24568
24526	24527
24526	24560
24527	24528
24527	24567
24528	24529
24528	24559
24528	24567
24529	24530
24529	24533
24529	24559
24530	24533
24530	24531
24530	24534
24531	24534
24531	24535
24532	24535
24532	24544
24535	24544
24536	24537
24538	24539
24541	24542
24545	27102
24550	24563
24550	24551
24557	24558
24558	24583
24559	24564
24560	24589
24562	24563
24564	24565
24565	24569
24566	26036
24566	26042
24567	24568
24570	24571
24572	24573
24573	24574
24574	24625
24575	24576
24576	24578
24577	24580
24578	24579
24578	24580
24579	24580
24581	24582
24581	24583
24587	24588
24588	27098
24589	24590
24589	26036
24590	26036
24623	24624
26028	26034
26033	26034
26036	26042
26039	26040
26041	26042
26043	26044
26045	26047
26052	26053
26089	26090
26092	26093
26201	26202
27098	27099
27100	27101
27101	27102
end {AdjacencyList}

