begin {Parameters}
Number of BasicAreas
412
Basic Area Type
Line
Metric
geodecimal
end {Parameters}

#Parameter	ExtId	Activity	Coords	District
begin {BasicAreas}
0012	200.000000	(7.566080,50.520170)(7.565870,50.521060)
0013	570.000000	(7.568850,50.525540)(7.571040,50.527690)
0120	336.000000	(7.556160,50.498110)(7.558210,50.498850)
0125	100.000000	(7.549740,50.495440)(7.550280,50.495730)
13271	1062.000000	(7.567240,50.515490)(7.567220,50.516810)(7.567090,50.517470)(7.566340,50.518690)(7.566080,50.520170)
13995	522.000000	(7.566760,50.513160)(7.566870,50.514020)(7.567240,50.515370)(7.567240,50.515490)
13996	898.000000	(7.562150,50.501290)(7.567140,50.503680)
13997	88.000000	(7.562150,50.501290)(7.561550,50.501380)
14112	204.000000	(7.558130,50.496990)(7.559340,50.497470)
14113	188.000000	(7.559340,50.497470)(7.560470,50.497900)
14141	264.000000	(7.560470,50.497900)(7.562070,50.498500)
14142	56.000000	(7.550640,50.498170)(7.550980,50.498290)
14143	72.000000	(7.554040,50.500360)(7.554040,50.500680)
14144	70.000000	(7.553400,50.495230)(7.553730,50.495460)
14145	184.000000	(7.553730,50.495460)(7.552920,50.496100)
14146	90.000000	(7.552440,50.498520)(7.553010,50.498590)
14147	212.000000	(7.555510,50.500070)(7.556320,50.500860)
14148	344.000000	(7.567700,50.508850)(7.568620,50.510280)
14149	256.000000	(7.557580,50.499110)(7.556120,50.499780)
14150	122.000000	(7.555510,50.500070)(7.554800,50.500380)
14151	78.000000	(7.551690,50.497790)(7.551420,50.498100)
14152	104.000000	(7.549180,50.498080)(7.549890,50.498180)
14153	56.000000	(7.549710,50.497260)(7.549730,50.497510)
14154	88.000000	(7.551190,50.497560)(7.551690,50.497790)
14156	272.000000	(7.549180,50.498080)(7.549140,50.498240)(7.550490,50.498810)
14157	28.000000	(7.552290,50.498440)(7.552440,50.498520)
14158	174.000000	(7.554590,50.498630)(7.555420,50.499200)
14159	136.000000	(7.551140,50.499270)(7.550600,50.499750)
14160	272.000000	(7.556120,50.499780)(7.557490,50.500630)
14161	146.000000	(7.551420,50.498100)(7.552290,50.498440)
14162	238.000000	(7.551140,50.499270)(7.550070,50.499640)(7.549880,50.499900)
14163	108.000000	(7.556120,50.499780)(7.555510,50.500070)
14164	84.000000	(7.551520,50.500980)(7.551960,50.501230)
14165	126.000000	(7.548480,50.497740)(7.549180,50.498080)
14166	136.000000	(7.554810,50.500000)(7.554040,50.500360)
14167	246.000000	(7.554040,50.500680)(7.554760,50.501680)
14168	400.000000	(7.565610,50.508140)(7.566560,50.508950)(7.567700,50.508850)
14169	270.000000	(7.554650,50.496110)(7.553310,50.496960)
14170	98.000000	(7.549880,50.499900)(7.549360,50.500180)
14171	100.000000	(7.554040,50.500680)(7.553740,50.501080)
14173	156.000000	(7.549730,50.497510)(7.549680,50.497640)(7.549900,50.498060)(7.549890,50.498180)
14174	180.000000	(7.551850,50.500210)(7.551650,50.500510)(7.551520,50.500980)
14175	392.000000	(7.568620,50.510280)(7.566230,50.511140)
14176	64.000000	(7.548350,50.496420)(7.548620,50.496650)
14177	196.000000	(7.547470,50.497140)(7.548480,50.497740)
14178	108.000000	(7.558210,50.498850)(7.557580,50.499110)
14179	198.000000	(7.553740,50.501080)(7.554760,50.501680)
14180	100.000000	(7.547470,50.497140)(7.546890,50.497390)
14181	86.000000	(7.547880,50.497690)(7.548480,50.497740)
14182	150.000000	(7.553670,50.499740)(7.554040,50.500360)
14183	340.000000	(7.570730,50.509580)(7.568620,50.510280)
14184	184.000000	(7.553310,50.496960)(7.552100,50.497230)
14185	346.000000	(7.547880,50.497690)(7.547850,50.498530)(7.548210,50.498880)(7.548610,50.499000)
14186	262.000000	(7.553670,50.499740)(7.553310,50.500140)(7.552820,50.500480)(7.552890,50.500710)
14188	232.000000	(7.556870,50.496100)(7.555680,50.496810)
14189	38.000000	(7.554760,50.501680)(7.554990,50.501770)
14190	222.000000	(7.555710,50.495380)(7.554650,50.496110)
14191	80.000000	(7.549700,50.496190)(7.550140,50.496410)
14192	334.000000	(7.550140,50.496410)(7.552100,50.497230)
14193	164.000000	(7.555420,50.499200)(7.556120,50.499780)
14194	92.000000	(7.551220,50.500120)(7.551850,50.500210)
14196	246.000000	(7.549700,50.496190)(7.549550,50.496380)(7.549710,50.497260)
14197	274.000000	(7.550140,50.496410)(7.550150,50.497040)(7.549930,50.497630)
14198	190.000000	(7.550980,50.498290)(7.552290,50.498440)
14199	286.000000	(7.552440,50.498520)(7.553550,50.499590)
14200	186.000000	(7.551220,50.500120)(7.550260,50.500680)
14201	50.000000	(7.552620,50.500580)(7.552280,50.500620)
14202	132.000000	(7.550280,50.495730)(7.549700,50.496190)
14203	184.000000	(7.549700,50.496190)(7.548620,50.496650)
14204	156.000000	(7.549910,50.498280)(7.550980,50.498290)
14205	66.000000	(7.550700,50.497880)(7.550700,50.498080)(7.550640,50.498170)
14206	344.000000	(7.557580,50.499110)(7.556330,50.498890)(7.555420,50.499200)
14207	130.000000	(7.550600,50.499750)(7.550890,50.500060)(7.551220,50.500120)
14208	218.000000	(7.548620,50.496650)(7.549440,50.497250)(7.549710,50.497260)
14209	130.000000	(7.546970,50.497630)(7.547880,50.497690)
14210	150.000000	(7.549910,50.498280)(7.550020,50.498520)(7.550490,50.498810)
14211	108.000000	(7.550600,50.499750)(7.549880,50.499900)
14212	226.000000	(7.554800,50.500380)(7.555490,50.501290)
14213	196.000000	(7.548620,50.496650)(7.547470,50.497140)
14214	130.000000	(7.552280,50.497340)(7.551690,50.497790)
14215	128.000000	(7.554800,50.500380)(7.554040,50.500680)
14217	196.000000	(7.553730,50.495460)(7.554650,50.496110)
14218	480.000000	(7.553310,50.496960)(7.556160,50.498110)
14220	22.000000	(7.549890,50.498180)(7.549910,50.498280)
14221	38.000000	(7.553550,50.499590)(7.553670,50.499740)
14222	252.000000	(7.556160,50.498110)(7.554590,50.498630)
14223	190.000000	(7.557100,50.497500)(7.556160,50.498110)
14227	66.000000	(7.552510,50.495970)(7.552920,50.496100)
14228	60.000000	(7.552920,50.496100)(7.553290,50.496220)
14229	180.000000	(7.556530,50.494770)(7.555710,50.495380)
14230	38.000000	(7.554380,50.494700)(7.554280,50.494860)
14231	52.000000	(7.554280,50.494860)(7.554140,50.495080)
14232	268.000000	(7.554590,50.498630)(7.553660,50.499250)(7.553550,50.499590)
14233	138.000000	(7.551850,50.500210)(7.552620,50.500580)
14234	48.000000	(7.552620,50.500580)(7.552890,50.500710)
14235	146.000000	(7.552890,50.500710)(7.553740,50.501080)
14236	132.000000	(7.553550,50.499590)(7.552770,50.499910)
14237	148.000000	(7.552770,50.499910)(7.551850,50.500210)
14238	474.000000	(7.553400,50.495230)(7.550610,50.495540)(7.550280,50.495730)
14239	110.000000	(7.554140,50.495080)(7.553400,50.495230)
14252	336.000000	(7.569690,50.508180)(7.570900,50.509480)
14253	1076.000000	(7.575770,50.505550)(7.572100,50.506660)(7.568750,50.507210)
14254	414.000000	(7.578080,50.504460)(7.577460,50.504640)(7.575770,50.505550)
14255	1156.000000	(7.575770,50.505550)(7.575830,50.505610)(7.574000,50.506430)(7.572170,50.508710)(7.570900,50.509480)
14256	32.000000	(7.570900,50.509480)(7.570730,50.509580)
14258	306.000000	(7.583950,50.505210)(7.583170,50.505800)(7.583020,50.506080)(7.583010,50.506390)
14260	120.000000	(7.582880,50.500640)(7.582790,50.501180)
14262	74.000000	(7.580600,50.502440)(7.581090,50.502550)
14263	72.000000	(7.580600,50.502440)(7.580530,50.502570)(7.580620,50.502740)
14264	48.000000	(7.583080,50.502680)(7.583030,50.502890)
14265	146.000000	(7.583050,50.503230)(7.583440,50.503830)
14266	44.000000	(7.583030,50.502890)(7.583030,50.503090)
14267	80.000000	(7.583030,50.503090)(7.582550,50.503280)
14268	140.000000	(7.582790,50.501180)(7.581900,50.501380)
14269	64.000000	(7.584470,50.501150)(7.584400,50.501430)
14270	46.000000	(7.584400,50.501430)(7.584270,50.501620)
14271	94.000000	(7.583300,50.502940)(7.583770,50.503230)
14272	32.000000	(7.583030,50.503090)(7.583050,50.503230)
14273	68.000000	(7.583050,50.503230)(7.583510,50.503290)
14274	190.000000	(7.579590,50.502230)(7.579400,50.503080)
14275	192.000000	(7.583440,50.503830)(7.584130,50.504570)
14276	112.000000	(7.584130,50.504570)(7.584130,50.504810)(7.584050,50.505070)
14277	402.000000	(7.583770,50.503230)(7.584610,50.503850)(7.584600,50.504530)(7.584130,50.504570)
14278	278.000000	(7.584270,50.501620)(7.586110,50.501950)
14279	316.000000	(7.583720,50.502140)(7.585730,50.502600)
14280	314.000000	(7.583770,50.503230)(7.585960,50.503300)
14281	292.000000	(7.582930,50.504320)(7.583630,50.504460)(7.583660,50.504710)(7.583540,50.505200)
14282	160.000000	(7.583720,50.502140)(7.583080,50.502680)
14283	46.000000	(7.583660,50.502640)(7.583960,50.502720)
14284	184.000000	(7.579820,50.501810)(7.580260,50.502030)(7.580600,50.502440)
14285	84.000000	(7.583660,50.502640)(7.583300,50.502940)
14286	40.000000	(7.583030,50.502890)(7.583300,50.502940)
14287	262.000000	(7.582170,50.503930)(7.581300,50.504220)(7.580440,50.504220)
14288	200.000000	(7.580440,50.504220)(7.579040,50.504290)
14289	98.000000	(7.579820,50.501810)(7.579590,50.502230)
14290	220.000000	(7.580620,50.502740)(7.581860,50.503310)
14291	188.000000	(7.579650,50.503550)(7.579040,50.504290)
14292	192.000000	(7.582930,50.504320)(7.582960,50.504470)(7.582920,50.504710)(7.582640,50.505140)
14293	130.000000	(7.582640,50.505140)(7.583540,50.505200)
14294	146.000000	(7.582170,50.503930)(7.582930,50.504320)
14295	170.000000	(7.581090,50.502550)(7.582220,50.502800)
14296	118.000000	(7.582220,50.502800)(7.583030,50.502890)
14297	248.000000	(7.583080,50.502680)(7.582180,50.502430)(7.582180,50.502560)(7.582230,50.502760)(7.582220,50.502800)
14298	162.000000	(7.580930,50.503560)(7.580440,50.504220)
14299	88.000000	(7.576910,50.504140)(7.577520,50.504210)
14300	92.000000	(7.579130,50.503310)(7.579650,50.503550)
14301	96.000000	(7.584110,50.500780)(7.584470,50.501150)
14302	198.000000	(7.578450,50.501720)(7.579590,50.502230)
14303	152.000000	(7.579940,50.503310)(7.580930,50.503560)
14304	232.000000	(7.585000,50.500170)(7.584470,50.501150)
14305	68.000000	(7.579940,50.503310)(7.579650,50.503550)
14306	34.000000	(7.584050,50.505070)(7.583950,50.505210)
14307	84.000000	(7.584050,50.505070)(7.583540,50.505200)
14308	114.000000	(7.581090,50.503310)(7.581860,50.503310)
14309	292.000000	(7.581900,50.501380)(7.581660,50.502080)(7.581090,50.502550)
14310	354.000000	(7.578660,50.502790)(7.577520,50.504210)
14311	236.000000	(7.582790,50.501180)(7.584400,50.501430)
14312	32.000000	(7.583760,50.502510)(7.583660,50.502640)
14313	154.000000	(7.582550,50.503280)(7.582170,50.503930)
14314	132.000000	(7.577520,50.504210)(7.578390,50.504390)
14315	264.000000	(7.578310,50.501130)(7.579820,50.501810)
14316	98.000000	(7.582550,50.503280)(7.581860,50.503310)
14317	182.000000	(7.583440,50.503830)(7.582170,50.503930)
14318	96.000000	(7.579040,50.504290)(7.578390,50.504390)
14319	46.000000	(7.578390,50.504390)(7.578080,50.504460)
14320	196.000000	(7.580930,50.503560)(7.582170,50.503930)
14321	124.000000	(7.578660,50.502790)(7.579400,50.503080)
14322	92.000000	(7.579400,50.503080)(7.579940,50.503310)
14323	132.000000	(7.578310,50.501130)(7.578450,50.501720)
14324	240.000000	(7.578450,50.501720)(7.578660,50.502790)
14325	108.000000	(7.582050,50.500900)(7.581900,50.501380)
14326	140.000000	(7.584270,50.501620)(7.583720,50.502140)
14329	1460.000000	(7.563820,50.497280)(7.564670,50.498330)(7.564930,50.499830)(7.565030,50.500150)(7.570000,50.501700)
14330	934.000000	(7.565890,50.496800)(7.566420,50.497920)(7.566680,50.499310)(7.569000,50.499980)
14331	136.000000	(7.556530,50.494770)(7.557400,50.495010)
14332	106.000000	(7.555710,50.495380)(7.556250,50.495710)
14333	124.000000	(7.556250,50.495710)(7.556870,50.496100)
14334	76.000000	(7.558490,50.496740)(7.558130,50.496990)
14335	98.000000	(7.558490,50.496740)(7.559080,50.496970)
14336	140.000000	(7.556870,50.496100)(7.557550,50.496560)
14337	126.000000	(7.557550,50.496560)(7.558130,50.496990)
14338	252.000000	(7.557510,50.495740)(7.558140,50.496190)(7.557550,50.496560)
14339	116.000000	(7.557400,50.495010)(7.556810,50.495370)
14340	248.000000	(7.558160,50.495370)(7.559300,50.496210)
14341	122.000000	(7.557510,50.495740)(7.556870,50.496100)
14342	144.000000	(7.557400,50.495010)(7.558310,50.495280)
14343	30.000000	(7.558310,50.495280)(7.558160,50.495370)
14344	124.000000	(7.558160,50.495370)(7.557510,50.495740)
14345	72.000000	(7.559690,50.496000)(7.559300,50.496210)
14346	164.000000	(7.559300,50.496210)(7.558490,50.496740)
14347	278.000000	(7.560510,50.496470)(7.559340,50.497470)
14348	218.000000	(7.562460,50.496870)(7.563820,50.497280)
14349	368.000000	(7.562460,50.496870)(7.562470,50.497200)(7.562070,50.498500)
14350	286.000000	(7.561430,50.496770)(7.560470,50.497900)
14351	62.000000	(7.563180,50.495740)(7.562770,50.495760)
14352	190.000000	(7.560400,50.495840)(7.561200,50.496510)
14353	148.000000	(7.562900,50.496170)(7.561910,50.496320)
14354	188.000000	(7.559760,50.495160)(7.559770,50.495420)(7.559730,50.495690)(7.559740,50.495930)(7.559690,50.496000)
14355	104.000000	(7.560400,50.495840)(7.559760,50.496040)
14356	174.000000	(7.559760,50.495160)(7.558590,50.495380)
14357	60.000000	(7.560800,50.495330)(7.560830,50.495600)
14358	68.000000	(7.559760,50.495160)(7.560230,50.495200)
14359	64.000000	(7.560800,50.495330)(7.561240,50.495340)
14360	114.000000	(7.561920,50.495810)(7.561890,50.496030)(7.561910,50.496320)
14361	358.000000	(7.564830,50.493930)(7.564490,50.494300)(7.562790,50.494720)
14362	164.000000	(7.562660,50.495150)(7.562890,50.495200)(7.563180,50.495740)
14363	84.000000	(7.561980,50.492490)(7.561980,50.492870)
14364	196.000000	(7.560870,50.494430)(7.560330,50.494960)(7.560230,50.495200)
14365	140.000000	(7.562660,50.495150)(7.562610,50.495370)(7.562770,50.495760)
14366	82.000000	(7.561980,50.492490)(7.561790,50.492840)
14367	32.000000	(7.561230,50.496710)(7.561430,50.496770)
14368	116.000000	(7.560510,50.496470)(7.561230,50.496710)
14369	56.000000	(7.561070,50.496030)(7.561400,50.496130)
14370	98.000000	(7.562790,50.494720)(7.562660,50.495150)
14371	16.000000	(7.560360,50.495770)(7.560400,50.495840)
14372	256.000000	(7.563910,50.496200)(7.562460,50.496870)
14373	28.000000	(7.561790,50.492840)(7.561980,50.492870)
14374	64.000000	(7.560470,50.494310)(7.560870,50.494430)
14375	98.000000	(7.560230,50.495200)(7.560800,50.495330)
14376	88.000000	(7.562190,50.492120)(7.561980,50.492490)
14377	258.000000	(7.561790,50.492840)(7.561450,50.493670)(7.561390,50.493970)
14378	130.000000	(7.560230,50.495200)(7.560260,50.495650)(7.560360,50.495770)
14379	130.000000	(7.561890,50.494680)(7.562790,50.494720)
14380	102.000000	(7.560830,50.495600)(7.561070,50.496030)
14381	82.000000	(7.563320,50.495920)(7.562900,50.496170)
14382	180.000000	(7.561890,50.494680)(7.561510,50.495210)(7.561240,50.495340)
14383	78.000000	(7.560830,50.495600)(7.560360,50.495770)
14384	178.000000	(7.561390,50.493970)(7.561890,50.494680)
14385	94.000000	(7.562770,50.495760)(7.562900,50.496170)
14386	168.000000	(7.562900,50.496170)(7.562460,50.496870)
14387	126.000000	(7.561390,50.493970)(7.560870,50.494430)
14388	122.000000	(7.562770,50.495760)(7.561920,50.495810)
14389	26.000000	(7.561430,50.496770)(7.561610,50.496790)
14390	122.000000	(7.561610,50.496790)(7.562460,50.496870)
14391	112.000000	(7.561910,50.496320)(7.561610,50.496790)
14392	44.000000	(7.563180,50.495740)(7.563320,50.495920)
14393	144.000000	(7.559760,50.496040)(7.560510,50.496470)
14394	14.000000	(7.559690,50.496000)(7.559760,50.496040)
14395	46.000000	(7.558310,50.495280)(7.558590,50.495380)
14396	210.000000	(7.558590,50.495380)(7.559690,50.496000)
14397	108.000000	(7.561070,50.496030)(7.561200,50.496510)
14398	46.000000	(7.561200,50.496510)(7.561250,50.496680)(7.561230,50.496710)
14912	306.000000	(7.565160,50.495240)(7.563320,50.495920)
14913	362.000000	(7.565160,50.495240)(7.565890,50.496800)
14914	140.000000	(7.579590,50.502230)(7.580380,50.502610)
14915	44.000000	(7.580380,50.502610)(7.580620,50.502740)
14916	168.000000	(7.580380,50.502610)(7.579940,50.503310)
14918	170.000000	(7.560430,50.521470)(7.561580,50.521620)
14919	38.000000	(7.564400,50.523560)(7.564420,50.523730)
14920	22.000000	(7.563520,50.522150)(7.563440,50.522230)
14921	76.000000	(7.565950,50.524830)(7.565910,50.525170)
14922	156.000000	(7.565680,50.522760)(7.565630,50.522880)(7.565890,50.523430)
14924	202.000000	(7.564020,50.520400)(7.564810,50.521160)
14925	32.000000	(7.565650,50.522620)(7.565680,50.522760)
14926	114.000000	(7.562570,50.524060)(7.562600,50.524170)(7.562590,50.524570)
14927	58.000000	(7.564670,50.519740)(7.564880,50.519960)
14928	298.000000	(7.564880,50.519960)(7.565150,50.520760)(7.565240,50.521280)
14929	150.000000	(7.564020,50.520400)(7.563000,50.520550)
14930	92.000000	(7.564140,50.521890)(7.564450,50.522250)
14931	186.000000	(7.564270,50.522730)(7.564360,50.523180)(7.564400,50.523560)
14932	130.000000	(7.562750,50.523490)(7.562570,50.524060)
14933	156.000000	(7.564880,50.519960)(7.564020,50.520400)
14934	82.000000	(7.564140,50.521890)(7.563660,50.522090)
14935	204.000000	(7.562170,50.522090)(7.562370,50.522430)(7.562460,50.522830)(7.562570,50.522960)
14936	120.000000	(7.562570,50.522960)(7.562750,50.523490)
14937	102.000000	(7.567330,50.522970)(7.568010,50.523110)
14938	108.000000	(7.563510,50.521660)(7.564200,50.521860)
14939	194.000000	(7.562170,50.522090)(7.563520,50.522150)
14940	74.000000	(7.562990,50.522680)(7.563080,50.522870)(7.563040,50.523000)
14941	72.000000	(7.567330,50.522970)(7.567180,50.523280)
14942	144.000000	(7.565680,50.522760)(7.566240,50.523300)
14943	58.000000	(7.566240,50.523300)(7.565890,50.523430)
14944	86.000000	(7.568460,50.525250)(7.568850,50.525540)
14945	92.000000	(7.569030,50.525060)(7.568460,50.525250)
14946	26.000000	(7.565870,50.521060)(7.565840,50.521180)
14947	320.000000	(7.565840,50.521180)(7.565650,50.522620)
14948	78.000000	(7.565840,50.521180)(7.566190,50.521430)
14949	100.000000	(7.561580,50.521620)(7.561940,50.522000)
14950	118.000000	(7.563660,50.522090)(7.564450,50.522250)
14951	102.000000	(7.560940,50.522290)(7.560300,50.522500)
14952	88.000000	(7.562990,50.522680)(7.562570,50.522960)
14953	136.000000	(7.564420,50.523730)(7.563510,50.523900)
14954	64.000000	(7.568200,50.525020)(7.568460,50.525250)
14955	212.000000	(7.564140,50.525340)(7.563990,50.526290)
14956	160.000000	(7.564200,50.521860)(7.564710,50.522050)(7.564670,50.522370)
14957	174.000000	(7.563660,50.522090)(7.564180,50.522470)(7.564270,50.522730)
14958	104.000000	(7.565230,50.524780)(7.565950,50.524830)
14959	672.000000	(7.566190,50.521430)(7.568130,50.521820)(7.569400,50.523330)
14960	10.000000	(7.564200,50.521860)(7.564140,50.521890)
14961	24.000000	(7.563660,50.522090)(7.563520,50.522150)
14962	88.000000	(7.569400,50.523330)(7.569770,50.523650)
14963	78.000000	(7.565270,50.524430)(7.565230,50.524780)
14965	144.000000	(7.562990,50.521100)(7.563510,50.521660)
14966	360.000000	(7.566190,50.521430)(7.567160,50.522930)
14967	204.000000	(7.568010,50.523110)(7.569400,50.523330)
14968	168.000000	(7.563510,50.523900)(7.563470,50.524660)
14969	220.000000	(7.568140,50.524250)(7.569030,50.525060)
14970	136.000000	(7.564260,50.524730)(7.564140,50.525340)
14971	114.000000	(7.562990,50.521100)(7.562760,50.521170)(7.562640,50.521510)
14972	122.000000	(7.564880,50.522500)(7.565650,50.522620)
14973	228.000000	(7.568010,50.523110)(7.568710,50.524030)
14974	314.000000	(7.565890,50.523430)(7.566070,50.523940)(7.565950,50.524830)
14975	138.000000	(7.563510,50.523900)(7.562570,50.524060)
14976	320.000000	(7.566240,50.523300)(7.567560,50.524460)
14977	154.000000	(7.567560,50.524460)(7.568200,50.525020)
14978	96.000000	(7.568140,50.524250)(7.567560,50.524460)
14979	122.000000	(7.563000,50.520550)(7.562990,50.521100)
14980	180.000000	(7.563440,50.522230)(7.563680,50.522610)(7.563700,50.522890)(7.563690,50.523010)
14981	100.000000	(7.564880,50.522500)(7.564270,50.522730)
14982	220.000000	(7.565890,50.523430)(7.564420,50.523730)
14983	564.000000	(7.563000,50.520550)(7.559170,50.521110)
14984	204.000000	(7.562490,50.521590)(7.563520,50.522150)
14985	120.000000	(7.563440,50.522230)(7.562990,50.522680)
14986	134.000000	(7.562490,50.521590)(7.561580,50.521620)
14987	138.000000	(7.564260,50.524730)(7.565230,50.524780)
14988	40.000000	(7.561940,50.522000)(7.562170,50.522090)
14989	160.000000	(7.563690,50.523010)(7.564400,50.523560)
14990	102.000000	(7.565870,50.521060)(7.565240,50.521280)
14991	156.000000	(7.561940,50.522000)(7.560940,50.522290)
14992	188.000000	(7.563690,50.523010)(7.563400,50.523380)(7.562750,50.523490)
14993	228.000000	(7.568940,50.523950)(7.569830,50.524800)
14994	226.000000	(7.562600,50.525120)(7.564140,50.525340)
14995	196.000000	(7.560430,50.521470)(7.560940,50.522290)
14996	236.000000	(7.569770,50.523650)(7.570740,50.524510)
14997	28.000000	(7.562640,50.521510)(7.562490,50.521590)
14998	132.000000	(7.562640,50.521510)(7.563510,50.521660)
14999	136.000000	(7.569770,50.523650)(7.568940,50.523950)
15000	196.000000	(7.565240,50.521280)(7.564200,50.521860)
15001	48.000000	(7.570740,50.524510)(7.570950,50.524680)
15002	62.000000	(7.560030,50.521360)(7.560430,50.521470)
15003	226.000000	(7.565650,50.522620)(7.567160,50.522930)
15004	26.000000	(7.567160,50.522930)(7.567330,50.522970)
15005	224.000000	(7.564420,50.523730)(7.564260,50.524730)
15006	84.000000	(7.562990,50.520170)(7.563000,50.520550)
15007	146.000000	(7.570740,50.524510)(7.569830,50.524800)
15008	128.000000	(7.569830,50.524800)(7.569030,50.525060)
15009	42.000000	(7.564450,50.522250)(7.564670,50.522370)
15010	42.000000	(7.564670,50.522370)(7.564880,50.522500)
15011	128.000000	(7.562590,50.524570)(7.563470,50.524660)
15012	114.000000	(7.563470,50.524660)(7.564260,50.524730)
15013	122.000000	(7.562590,50.524570)(7.562600,50.525120)
15014	66.000000	(7.562600,50.525120)(7.562580,50.525420)
15019	270.000000	(7.557260,50.497420)(7.558860,50.498060)
15020	156.000000	(7.558130,50.496990)(7.557260,50.497420)
15021	28.000000	(7.557260,50.497420)(7.557100,50.497500)
15022	174.000000	(7.545890,50.496260)(7.546810,50.496770)
15023	126.000000	(7.546810,50.496770)(7.547470,50.497140)
15024	682.000000	(7.558650,50.499060)(7.560600,50.500040)(7.561130,50.500600)(7.561550,50.501380)
15025	512.000000	(7.550280,50.495730)(7.553310,50.496960)
15026	110.000000	(7.555140,50.496460)(7.555680,50.496810)
15027	256.000000	(7.555680,50.496810)(7.557100,50.497500)
15028	104.000000	(7.554650,50.496110)(7.555140,50.496460)
15029	36.000000	(7.552100,50.497230)(7.552280,50.497340)
15030	436.000000	(7.552280,50.497340)(7.554590,50.498630)
15034	78.000000	(7.558210,50.498850)(7.558650,50.499060)
15035	124.000000	(7.549930,50.497630)(7.550700,50.497880)
15036	114.000000	(7.550700,50.497880)(7.551420,50.498100)
15037	40.000000	(7.549730,50.497510)(7.549930,50.497630)
15038	128.000000	(7.550490,50.498810)(7.551220,50.499130)
15039	270.000000	(7.551290,50.499160)(7.552770,50.499910)
15040	34.000000	(7.551290,50.499160)(7.551140,50.499270)
15041	134.000000	(7.551220,50.499130)(7.550330,50.499310)
15042	12.000000	(7.551220,50.499130)(7.551290,50.499160)
15043	352.000000	(7.556530,50.494770)(7.554140,50.495080)
15044	842.000000	(7.567140,50.503680)(7.567540,50.504190)(7.568100,50.506030)(7.568220,50.506790)(7.568310,50.507020)(7.568750,50.507210)
15237	38.000000	(7.568940,50.523950)(7.568710,50.524030)
15238	94.000000	(7.568710,50.524030)(7.568140,50.524250)
15239	1020.000000	(7.562990,50.520170)(7.562970,50.519220)(7.559630,50.519680)(7.559070,50.521080)
15241	16.000000	(7.559070,50.521080)(7.559170,50.521110)
15242	134.000000	(7.559170,50.521110)(7.560030,50.521360)
24712	180.000000	(7.560470,50.497900)(7.559880,50.498620)
24723	64.000000	(7.565910,50.525170)(7.565850,50.525460)
24724	78.000000	(7.565850,50.525460)(7.565830,50.525660)(7.565880,50.525810)
24725	108.000000	(7.568200,50.525020)(7.567540,50.525250)
24726	290.000000	(7.565880,50.525810)(7.563990,50.526290)
24727	246.000000	(7.564140,50.525340)(7.565850,50.525460)
24728	118.000000	(7.566670,50.524970)(7.565910,50.525170)
24729	268.000000	(7.567540,50.525250)(7.565880,50.525810)
24730	312.000000	(7.566230,50.511140)(7.566600,50.511820)(7.566670,50.512500)
24731	148.000000	(7.566670,50.512500)(7.566760,50.513160)
24732	158.000000	(7.566670,50.512500)(7.566810,50.512520)(7.566880,50.512770)(7.567420,50.512880)
24733	206.000000	(7.569690,50.508180)(7.568400,50.508590)
24734	116.000000	(7.568400,50.508590)(7.567700,50.508850)
24735	352.000000	(7.565080,50.506590)(7.565610,50.508140)
24736	892.000000	(7.565080,50.506590)(7.565080,50.506270)(7.565610,50.505990)(7.566440,50.506320)(7.567830,50.507710)(7.568400,50.508590)
24737	254.000000	(7.562070,50.498500)(7.561920,50.499190)(7.561900,50.499640)
24738	398.000000	(7.561900,50.499640)(7.561930,50.499870)(7.561910,50.500110)(7.561690,50.500700)(7.561710,50.500840)(7.562180,50.501220)(7.562150,50.501290)
24739	404.000000	(7.559880,50.498620)(7.560760,50.499010)(7.560910,50.499390)(7.561330,50.499630)(7.561900,50.499640)
24740	158.000000	(7.558990,50.498390)(7.559760,50.498690)(7.559880,50.498620)
24741	78.000000	(7.558860,50.498060)(7.559000,50.498270)(7.558990,50.498390)
24742	62.000000	(7.558990,50.498390)(7.558560,50.498410)
24743	106.000000	(7.557880,50.498220)(7.558560,50.498410)
24744	96.000000	(7.582590,50.500250)(7.582880,50.500640)
24745	178.000000	(7.582880,50.500640)(7.584110,50.500780)
24746	178.000000	(7.582590,50.500250)(7.582150,50.500460)(7.582050,50.500900)
24747	412.000000	(7.585000,50.500170)(7.584340,50.500030)(7.584150,50.500310)(7.582920,50.500090)(7.582590,50.500250)
24914	150.000000	(7.551350,50.499630)(7.551850,50.500210)
24915	86.000000	(7.551140,50.499270)(7.551350,50.499630)
24921	26.000000	(7.582640,50.505140)(7.582540,50.505240)
24922	38.000000	(7.582380,50.505120)(7.582640,50.505140)
24923	310.000000	(7.561550,50.501380)(7.562220,50.502710)
24924	962.000000	(7.562220,50.502710)(7.562760,50.503750)(7.563350,50.505200)(7.563460,50.505680)(7.563560,50.506930)
24925	376.000000	(7.563560,50.506930)(7.563810,50.507570)(7.564460,50.508520)
24926	634.000000	(7.564460,50.508520)(7.566230,50.511140)
24928	296.000000	(7.563990,50.526290)(7.563600,50.526360)(7.562570,50.526140)(7.562310,50.526470)
25168	256.000000	(7.561980,50.492870)(7.562110,50.493390)(7.562090,50.494020)
25169	152.000000	(7.562090,50.494020)(7.562070,50.494340)(7.561890,50.494680)
25170	202.000000	(7.558450,50.494840)(7.559760,50.495160)
25171	148.000000	(7.561240,50.495340)(7.561920,50.495810)
25172	112.000000	(7.550640,50.498170)(7.549890,50.498180)
25173	144.000000	(7.556250,50.495710)(7.555550,50.496180)
25174	86.000000	(7.555550,50.496180)(7.555140,50.496460)
end {BasicAreas}

begin {AdjacencyList}
0012	14946
0012	14990
0012	13271
0013	14944
0120	14218
0120	14222
0120	14223
0120	14178
0120	15034
0125	14202
0125	14238
0125	15025
13271	13995
13995	24731
13996	13997
13996	24738
13996	15044
13997	15024
13997	24923
13997	24738
14112	14334
14112	14337
14112	15020
14112	14113
14112	14347
14113	14347
14113	14141
14113	14350
14113	24712
14141	14350
14141	24712
14141	14349
14141	24737
14142	14205
14142	25172
14142	14198
14142	14204
14143	14166
14143	14182
14143	14167
14143	14171
14143	14215
14144	14238
14144	14239
14144	14145
14144	14217
14145	14227
14145	14228
14145	14217
14146	14157
14146	14199
14147	14150
14147	14163
14148	14168
14148	24734
14148	14175
14148	14183
14149	14160
14149	14163
14149	14193
14149	14178
14149	14206
14150	14212
14150	14215
14150	14163
14151	14161
14151	15036
14151	14154
14151	14214
14152	14156
14152	14165
14152	14173
14152	14220
14152	25172
14153	14196
14153	14208
14153	14173
14153	15037
14154	14214
14156	14165
14156	14210
14156	15038
14157	14161
14157	14198
14157	14199
14158	14222
14158	14232
14158	15030
14158	14193
14158	14206
14159	14207
14159	14211
14159	14162
14159	15040
14159	24915
14160	14163
14160	14193
14161	15036
14161	14198
14162	14170
14162	14211
14162	15040
14162	24915
14163	14193
14164	14174
14165	14177
14165	14181
14166	14182
14167	14171
14167	14215
14167	14179
14167	14189
14168	24735
14168	24734
14169	14184
14169	14218
14169	15025
14169	14190
14169	14217
14169	15028
14170	14211
14171	14179
14171	14235
14171	14215
14173	15037
14173	14220
14173	25172
14174	14194
14174	14233
14174	14237
14174	24914
14175	24730
14175	24926
14175	14183
14176	14203
14176	14208
14176	14213
14177	14180
14177	14213
14177	15023
14177	14181
14178	14206
14178	15034
14179	14235
14179	14189
14180	14213
14180	15023
14181	14185
14181	14209
14182	14186
14182	14221
14183	14256
14184	14192
14184	15029
14184	14218
14184	15025
14185	14209
14186	14234
14186	14235
14186	14221
14188	15026
14188	15027
14188	14333
14188	14336
14188	14341
14190	14217
14190	15028
14190	14229
14190	14332
14191	14196
14191	14202
14191	14203
14191	14192
14191	14197
14192	14197
14192	15029
14193	14206
14194	14200
14194	14207
14194	14233
14194	14237
14194	24914
14196	14202
14196	14203
14196	14208
14197	15035
14197	15037
14198	14204
14199	14221
14199	14232
14199	14236
14200	14207
14201	14233
14201	14234
14202	14203
14202	14238
14202	15025
14203	14208
14203	14213
14204	14210
14204	14220
14205	25172
14205	15035
14205	15036
14207	14211
14208	14213
14210	14220
14210	15038
14212	14215
14213	15023
14214	15029
14214	15030
14217	15028
14218	15025
14218	14222
14218	14223
14220	25172
14221	14232
14221	14236
14222	14232
14222	15030
14222	14223
14223	15021
14223	15027
14227	14228
14229	14332
14229	14331
14229	15043
14230	14231
14231	14239
14231	15043
14232	14236
14232	15030
14233	14237
14233	24914
14233	14234
14234	14235
14236	14237
14236	15039
14237	24914
14237	15039
14238	15025
14238	14239
14239	15043
14252	24733
14252	14255
14252	14256
14253	15044
14253	14254
14253	14255
14254	14255
14254	14319
14255	14256
14258	14306
14260	14268
14260	14311
14260	24744
14260	24745
14262	14263
14262	14284
14262	14295
14262	14309
14263	14284
14263	14290
14263	14915
14264	14266
14264	14286
14264	14296
14264	14282
14264	14297
14265	14272
14265	14273
14265	14275
14265	14317
14266	14286
14266	14296
14266	14267
14266	14272
14267	14313
14267	14316
14267	14272
14268	14309
14268	14325
14268	14311
14269	14270
14269	14311
14269	14301
14269	14304
14270	14278
14270	14326
14270	14311
14271	14285
14271	14286
14271	14277
14271	14280
14272	14273
14274	14321
14274	14322
14274	14289
14274	14302
14274	14914
14275	14317
14275	14276
14275	14277
14276	14306
14276	14307
14276	14277
14277	14280
14278	14326
14279	14282
14279	14326
14281	14292
14281	14294
14281	14293
14281	14307
14282	14297
14282	14326
14283	14285
14283	14312
14284	14289
14284	14315
14285	14286
14285	14312
14286	14296
14287	14288
14287	14298
14287	14294
14287	14313
14287	14317
14287	14320
14288	14291
14288	14318
14288	14298
14289	14302
14289	14914
14289	14315
14290	14915
14290	14308
14290	14316
14291	14318
14291	14300
14291	14305
14292	14293
14292	24921
14292	24922
14292	14294
14293	24921
14293	24922
14293	14307
14294	14313
14294	14317
14294	14320
14295	14309
14295	14296
14295	14297
14296	14297
14298	14303
14298	14320
14299	14310
14299	14314
14300	14305
14301	24745
14301	14304
14302	14323
14302	14324
14302	14914
14303	14305
14303	14322
14303	14916
14303	14320
14304	24747
14305	14322
14305	14916
14306	14307
14308	14316
14309	14325
14310	14314
14310	14321
14310	14324
14313	14317
14313	14320
14313	14316
14314	14318
14314	14319
14315	14323
14317	14320
14318	14319
14321	14324
14321	14322
14322	14916
14323	14324
14325	24746
14329	14348
14330	14913
14331	15043
14331	14339
14331	14342
14332	14333
14332	25173
14333	25173
14333	14336
14333	14341
14334	14337
14334	15020
14334	14335
14334	14346
14335	14346
14336	14341
14336	14337
14336	14338
14337	14338
14337	15020
14338	14341
14338	14344
14339	14342
14340	14343
14340	14344
14340	14345
14340	14346
14341	14344
14342	14343
14342	14395
14343	14344
14343	14395
14345	14346
14345	14354
14345	14394
14345	14396
14347	14368
14347	14393
14348	14349
14348	14372
14348	14386
14348	14390
14349	24737
14349	14372
14349	14386
14349	14390
14350	24712
14350	14367
14350	14389
14351	14365
14351	14385
14351	14388
14351	14362
14351	14392
14352	14355
14352	14371
14352	14397
14352	14398
14353	14360
14353	14391
14353	14381
14353	14385
14353	14386
14354	14394
14354	14396
14354	14356
14354	14358
14354	25170
14355	14393
14355	14394
14355	14371
14356	14395
14356	14396
14356	14358
14356	25170
14357	14359
14357	14375
14357	14380
14357	14383
14358	25170
14358	14364
14358	14375
14358	14378
14359	14375
14359	14382
14359	25171
14360	14391
14360	14388
14360	25171
14361	14370
14361	14379
14362	14365
14362	14370
14362	14392
14363	14366
14363	14376
14363	14373
14363	25168
14364	14375
14364	14378
14364	14374
14364	14387
14365	14370
14365	14385
14365	14388
14366	14373
14366	14377
14366	14376
14367	14368
14367	14398
14367	14389
14368	14393
14368	14398
14369	14380
14369	14397
14370	14379
14371	14378
14371	14383
14372	14386
14372	14390
14373	14377
14373	25168
14374	14387
14375	14378
14377	14384
14377	14387
14378	14383
14379	14382
14379	14384
14379	25169
14380	14383
14380	14397
14381	14385
14381	14386
14381	14392
14381	14912
14382	25171
14382	14384
14382	25169
14384	14387
14384	25169
14385	14388
14385	14386
14386	14390
14388	25171
14389	14390
14389	14391
14390	14391
14392	14912
14393	14394
14394	14396
14395	14396
14397	14398
14912	14913
14914	14915
14914	14916
14915	14916
14918	14995
14918	15002
14918	14949
14918	14986
14919	14931
14919	14989
14919	14953
14919	14982
14919	15005
14920	14980
14920	14985
14920	14939
14920	14961
14920	14984
14921	24723
14921	24728
14921	14958
14921	14974
14922	14925
14922	14942
14922	14943
14922	14974
14922	14982
14924	14929
14924	14933
14925	14947
14925	14972
14925	15003
14925	14942
14926	14932
14926	14975
14926	15011
14926	15013
14927	14928
14927	14933
14928	14933
14928	14990
14928	15000
14929	14979
14929	14983
14929	15006
14929	14933
14930	14934
14930	14960
14930	14950
14930	15009
14931	14957
14931	14981
14931	14989
14932	14975
14932	14936
14932	14992
14934	14950
14934	14957
14934	14961
14934	14960
14935	14939
14935	14988
14935	14936
14935	14952
14936	14952
14936	14992
14937	14941
14937	15004
14937	14967
14937	14973
14938	14965
14938	14998
14938	14956
14938	14960
14938	15000
14939	14988
14939	14961
14939	14984
14940	14952
14940	14985
14941	15004
14942	14943
14942	14976
14943	14974
14943	14982
14943	14976
14944	14945
14944	14954
14945	14954
14945	14969
14945	15008
14946	14947
14946	14948
14946	14990
14947	14972
14947	15003
14947	14948
14948	14959
14948	14966
14949	14986
14949	14988
14949	14991
14950	14957
14950	14961
14950	15009
14951	14991
14951	14995
14952	14985
14953	14968
14953	14975
14953	14982
14953	15005
14954	14977
14954	24725
14955	24726
14955	24928
14955	14970
14955	14994
14955	24727
14956	14960
14956	15000
14956	15009
14956	15010
14957	14961
14957	14981
14958	14963
14958	14987
14958	14974
14959	14966
14959	14962
14959	14967
14960	15000
14961	14984
14962	14967
14962	14996
14962	14999
14963	14987
14965	14971
14965	14979
14965	14998
14966	15003
14966	15004
14967	14973
14968	15011
14968	15012
14968	14975
14969	14978
14969	15238
14969	15008
14970	14994
14970	24727
14970	14987
14970	15005
14970	15012
14971	14997
14971	14998
14971	14979
14972	14981
14972	15010
14972	15003
14973	15237
14973	15238
14974	14982
14976	14977
14976	14978
14977	14978
14977	24725
14978	15238
14979	14983
14979	15006
14980	14985
14980	14989
14980	14992
14981	15010
14982	15005
14983	15241
14983	15242
14983	15006
14984	14986
14984	14997
14986	14997
14987	15005
14987	15012
14988	14991
14989	14992
14990	15000
14991	14995
14993	14999
14993	15237
14993	15007
14993	15008
14994	15013
14994	15014
14994	24727
14995	15002
14996	14999
14996	15001
14996	15007
14997	14998
14999	15237
15001	15007
15002	15242
15003	15004
15005	15012
15006	15239
15007	15008
15009	15010
15011	15013
15011	15012
15013	15014
15019	15020
15019	15021
15019	24741
15020	15021
15021	15027
15022	15023
15024	15034
15024	24923
15026	15028
15026	25174
15026	15027
15028	25174
15029	15030
15035	15037
15035	15036
15038	15041
15038	15042
15039	15040
15039	15042
15040	24915
15040	15042
15041	15042
15237	15238
15239	15241
15241	15242
24712	24739
24712	24740
24723	24724
24723	24727
24723	24728
24724	24727
24724	24726
24724	24729
24725	24729
24726	24928
24726	24729
24730	24926
24730	24731
24730	24732
24731	24732
24733	24734
24733	24736
24734	24736
24735	24736
24737	24738
24737	24739
24738	24739
24739	24740
24740	24741
24740	24742
24741	24742
24742	24743
24744	24746
24744	24747
24744	24745
24746	24747
24914	24915
24921	24922
24923	24924
24924	24925
24925	24926
25168	25169
25173	25174
end {AdjacencyList}

